date,state,value,sector
2019-10-01,Shanghai,0.07636562672190537,Power
2019-10-02,Shanghai,0.07987014030306146,Power
2019-10-03,Shanghai,0.0849418617189638,Power
2019-10-04,Shanghai,0.08986897312599236,Power
2019-10-05,Shanghai,0.09283644745499209,Power
2019-10-06,Shanghai,0.0936234805281569,Power
2019-10-07,Shanghai,0.092442512728679,Power
2019-10-08,Shanghai,0.0937372281349055,Power
2019-10-09,Shanghai,0.09372970071975299,Power
2019-10-10,Shanghai,0.09732445964479271,Power
2019-10-11,Shanghai,0.10142690090289408,Power
2019-10-12,Shanghai,0.09796010803544654,Power
2019-10-13,Shanghai,0.09385013936219269,Power
2019-10-14,Shanghai,0.09160278774944683,Power
2019-10-15,Shanghai,0.09586414110521166,Power
2019-10-16,Shanghai,0.10007196617544775,Power
2019-10-17,Shanghai,0.09842262587759333,Power
2019-10-18,Shanghai,0.0964997894958655,Power
2019-10-19,Shanghai,0.09298783213750308,Power
2019-10-20,Shanghai,0.08882433517872049,Power
2019-10-21,Shanghai,0.0953489313569975,Power
2019-10-22,Shanghai,0.09671892091474879,Power
2019-10-23,Shanghai,0.09684772335180232,Power
2019-10-24,Shanghai,0.09508463544719935,Power
2019-10-25,Shanghai,0.09625723945206338,Power
2019-10-26,Shanghai,0.09251862325966517,Power
2019-10-27,Shanghai,0.08812094005169432,Power
2019-10-28,Shanghai,0.08862778600529463,Power
2019-10-29,Shanghai,0.09223843614010067,Power
2019-10-30,Shanghai,0.09013410541525194,Power
2019-10-31,Shanghai,0.09425160150365827,Power
2019-10-01,Yunnan,0.03537587780398437,Power
2019-10-02,Yunnan,0.036999320831052715,Power
2019-10-03,Yunnan,0.03934876265149608,Power
2019-10-04,Yunnan,0.041631214829835395,Power
2019-10-05,Yunnan,0.04300587793096389,Power
2019-10-06,Yunnan,0.04337046586167468,Power
2019-10-07,Yunnan,0.04282339024194711,Power
2019-10-08,Yunnan,0.043423158697569124,Power
2019-10-09,Yunnan,0.04341967167166434,Power
2019-10-10,Yunnan,0.04508492026485776,Power
2019-10-11,Yunnan,0.046985349382962394,Power
2019-10-12,Yunnan,0.04537938023015023,Power
2019-10-13,Yunnan,0.043475464086140815,Power
2019-10-14,Yunnan,0.04243439312990286,Power
2019-10-15,Yunnan,0.044408437239330606,Power
2019-10-16,Yunnan,0.04635768472010215,Power
2019-10-17,Yunnan,0.045593638599632766,Power
2019-10-18,Yunnan,0.044702897204623074,Power
2019-10-19,Yunnan,0.043076005896382226,Power
2019-10-20,Yunnan,0.04114729312371661,Power
2019-10-21,Yunnan,0.04416976968851461,Power
2019-10-22,Yunnan,0.04480440840318442,Power
2019-10-23,Yunnan,0.044864075290888414,Power
2019-10-24,Yunnan,0.044047336334524595,Power
2019-10-25,Yunnan,0.04459053748102463,Power
2019-10-26,Yunnan,0.04285864794831765,Power
2019-10-27,Yunnan,0.04082144992528113,Power
2019-10-28,Yunnan,0.04105624300286959,Power
2019-10-29,Yunnan,0.04272885309519533,Power
2019-10-30,Yunnan,0.04175403563114818,Power
2019-10-31,Yunnan,0.04366143880106237,Power
2019-10-01,InnerMongolia,0.8292000696149913,Power
2019-10-02,InnerMongolia,0.8672530920310012,Power
2019-10-03,InnerMongolia,0.9223233105528603,Power
2019-10-04,InnerMongolia,0.9758233117587296,Power
2019-10-05,InnerMongolia,1.0080450065946531,Power
2019-10-06,InnerMongolia,1.0165908394133125,Power
2019-10-07,InnerMongolia,1.0037675493602338,Power
2019-10-08,InnerMongolia,1.0178259438376887,Power
2019-10-09,InnerMongolia,1.0177442089860753,Power
2019-10-10,InnerMongolia,1.0567771414564247,Power
2019-10-11,InnerMongolia,1.101322635585569,Power
2019-10-12,InnerMongolia,1.0636791955926428,Power
2019-10-13,InnerMongolia,1.0190519666118851,Power
2019-10-14,InnerMongolia,0.9946495725802825,Power
2019-10-15,InnerMongolia,1.0409205802434813,Power
2019-10-16,InnerMongolia,1.0866103622952095,Power
2019-10-17,InnerMongolia,1.0687013481417593,Power
2019-10-18,InnerMongolia,1.0478226343796997,Power
2019-10-19,InnerMongolia,1.0096887852770946,Power
2019-10-20,InnerMongolia,0.964480330684866,Power
2019-10-21,InnerMongolia,1.0353262837330732,Power
2019-10-22,InnerMongolia,1.050202026726659,Power
2019-10-23,InnerMongolia,1.051600600854261,Power
2019-10-24,InnerMongolia,1.032456482276435,Power
2019-10-25,InnerMongolia,1.0451889558277216,Power
2019-10-26,InnerMongolia,1.004593979526544,Power
2019-10-27,InnerMongolia,0.9568426628841299,Power
2019-10-28,InnerMongolia,0.962346142892746,Power
2019-10-29,InnerMongolia,1.0015516267165008,Power
2019-10-30,InnerMongolia,0.9787021948655471,Power
2019-10-31,InnerMongolia,1.0234111586979178,Power
2019-10-01,Beijing,0.04563790685346776,Power
2019-10-02,Beijing,0.047732287155824865,Power
2019-10-03,Beijing,0.05076326797142909,Power
2019-10-04,Beijing,0.05370782642139106,Power
2019-10-05,Beijing,0.055481259349665565,Power
2019-10-06,Beijing,0.055951608950992035,Power
2019-10-07,Beijing,0.055245834628916614,Power
2019-10-08,Beijing,0.05601958721430808,Power
2019-10-09,Beijing,0.0560150886527651,Power
2019-10-10,Beijing,0.058163401709620755,Power
2019-10-11,Beijing,0.060615117750541396,Power
2019-10-12,Beijing,0.05854328023991631,Power
2019-10-13,Beijing,0.05608706563745269,Power
2019-10-14,Beijing,0.05474399509678933,Power
2019-10-15,Beijing,0.05729068077028386,Power
2019-10-16,Beijing,0.05980537667280614,Power
2019-10-17,Beijing,0.058819691854723466,Power
2019-10-18,Beijing,0.05767055930057942,Power
2019-10-19,Beijing,0.055571730420696484,Power
2019-10-20,Beijing,0.05308352604726061,Power
2019-10-21,Beijing,0.056982779224675886,Power
2019-10-22,Beijing,0.05780151742549709,Power
2019-10-23,Beijing,0.057878492811899086,Power
2019-10-24,Beijing,0.056824829730500376,Power
2019-10-25,Beijing,0.05752560565086137,Power
2019-10-26,Beijing,0.05529132008451779,Power
2019-10-27,Beijing,0.05266316046307829,Power
2019-10-28,Beijing,0.052966063606971855,Power
2019-10-29,Beijing,0.05512387362708489,Power
2019-10-30,Beijing,0.05386627575573803,Power
2019-10-31,Beijing,0.05632698891974462,Power
2019-10-01,Jilin,0.09818437721387832,Power
2019-10-02,Jilin,0.10269018038965042,Power
2019-10-03,Jilin,0.10921096506723914,Power
2019-10-04,Jilin,0.11554582259056156,Power
2019-10-05,Jilin,0.11936114672784694,Power
2019-10-06,Jilin,0.12037304639334455,Power
2019-10-07,Jilin,0.11885465922258726,Power
2019-10-08,Jilin,0.12051929331630702,Power
2019-10-09,Jilin,0.12050961521111096,Power
2019-10-10,Jilin,0.12513144811473345,Power
2019-10-11,Jilin,0.13040601544657807,Power
2019-10-12,Jilin,0.12594871033128838,Power
2019-10-13,Jilin,0.1206644648942477,Power
2019-10-14,Jilin,0.11777501282071733,Power
2019-10-15,Jilin,0.12325389570670067,Power
2019-10-16,Jilin,0.12866395651128992,Power
2019-10-17,Jilin,0.12654337612833425,Power
2019-10-18,Jilin,0.12407115792325561,Power
2019-10-19,Jilin,0.11955578417678964,Power
2019-10-20,Jilin,0.11420271665835488,Power
2019-10-21,Jilin,0.12259148317328247,Power
2019-10-22,Jilin,0.12435289831896269,Power
2019-10-23,Jilin,0.12451850145231724,Power
2019-10-24,Jilin,0.12225167414639912,Power
2019-10-25,Jilin,0.12375930786693859,Power
2019-10-26,Jilin,0.11895251561956947,Power
2019-10-27,Jilin,0.11329835149503553,Power
2019-10-28,Jilin,0.11395001057823591,Power
2019-10-29,Jilin,0.11859227503727225,Power
2019-10-30,Jilin,0.11588670696246674,Power
2019-10-31,Jilin,0.12118063050470346,Power
2019-10-01,Sichuan,0.037699956771757755,Power
2019-10-02,Sichuan,0.03943005467296078,Power
2019-10-03,Sichuan,0.04193384710347677,Power
2019-10-04,Sichuan,0.04436624889245245,Power
2019-10-05,Sichuan,0.04583122284378257,Power
2019-10-06,Sichuan,0.04621976300392959,Power
2019-10-07,Sichuan,0.04563674631303948,Power
2019-10-08,Sichuan,0.04627591758605499,Power
2019-10-09,Sichuan,0.046272201474002565,Power
2019-10-10,Sichuan,0.04804685142970067,Power
2019-10-11,Sichuan,0.05007213249826725,Power
2019-10-12,Sichuan,0.04836065644746023,Power
2019-10-13,Sichuan,0.04633165926684123,Power
2019-10-14,Sichuan,0.045222193368525544,Power
2019-10-15,Sichuan,0.04732592569153201,Power
2019-10-16,Sichuan,0.04940323232883242,Power
2019-10-17,Sichuan,0.04858899088801421,Power
2019-10-18,Sichuan,0.04763973070929157,Power
2019-10-19,Sichuan,0.045905957986170046,Power
2019-10-20,Sichuan,0.04385053511984498,Power
2019-10-21,Sichuan,0.047071578466611114,Power
2019-10-22,Sichuan,0.04774791086015078,Power
2019-10-23,Sichuan,0.04781149766638101,Power
2019-10-24,Sichuan,0.04694110164343741,Power
2019-10-25,Sichuan,0.04751998932093595,Power
2019-10-26,Sichuan,0.04567432033490279,Power
2019-10-27,Sichuan,0.04350328509361368,Power
2019-10-28,Sichuan,0.043753503305143014,Power
2019-10-29,Sichuan,0.0455359983862851,Power
2019-10-30,Sichuan,0.044497138616965325,Power
2019-10-31,Sichuan,0.04652985190963674,Power
2019-10-01,Tianjin,0.1061594701101418,Power
2019-10-02,Tianjin,0.11103126021701991,Power
2019-10-03,Tianjin,0.11808170007026879,Power
2019-10-04,Tianjin,0.12493111070954203,Power
2019-10-05,Tianjin,0.12905633714786177,Power
2019-10-06,Tianjin,0.13015042905272617,Power
2019-10-07,Tianjin,0.12850870985010288,Power
2019-10-08,Tianjin,0.13030855498159075,Power
2019-10-09,Tianjin,0.13029809076570997,Power
2019-10-10,Tianjin,0.13529533519409168,Power
2019-10-11,Tianjin,0.14099833284909682,Power
2019-10-12,Tianjin,0.1361789800906878,Power
2019-10-13,Tianjin,0.1304655182198019,Power
2019-10-14,Tianjin,0.12734136843407326,Power
2019-10-15,Tianjin,0.13326527731322746,Power
2019-10-16,Tianjin,0.13911477399056302,Power
2019-10-17,Tianjin,0.1368219480220268,Power
2019-10-18,Tianjin,0.13414892220982358,Power
2019-10-19,Tianjin,0.12926678415613008,Power
2019-10-20,Tianjin,0.12347891008342556,Power
2019-10-21,Tianjin,0.13254905987072324,Power
2019-10-22,Tianjin,0.13445354716101854,Power
2019-10-23,Tianjin,0.13463260152164458,Power
2019-10-24,Tianjin,0.1321816496242438,Power
2019-10-25,Tianjin,0.13381174192033293,Power
2019-10-26,Tianjin,0.1286145146995637,Power
2019-10-27,Tianjin,0.12250108724390274,Power
2019-10-28,Tianjin,0.1232056777798728,Power
2019-10-29,Tianjin,0.12822501333066938,Power
2019-10-30,Tianjin,0.1252996836466749,Power
2019-10-31,Tianjin,0.13102360973344154,Power
2019-10-01,Ningxia,0.20343650142564282,Power
2019-10-02,Ningxia,0.2127724554766103,Power
2019-10-03,Ningxia,0.226283419837762,Power
2019-10-04,Ningxia,0.23940914602908187,Power
2019-10-05,Ningxia,0.2473144382590603,Power
2019-10-06,Ningxia,0.2494110786165602,Power
2019-10-07,Ningxia,0.24626500403123625,Power
2019-10-08,Ningxia,0.24971409996472174,Power
2019-10-09,Ningxia,0.2496940470813875,Power
2019-10-10,Ningxia,0.2592704129225508,Power
2019-10-11,Ningxia,0.27019923433969967,Power
2019-10-12,Ningxia,0.26096376751521816,Power
2019-10-13,Ningxia,0.250014893214735,Power
2019-10-14,Ningxia,0.24402799349039678,Power
2019-10-15,Ningxia,0.2553801535557125,Power
2019-10-16,Ningxia,0.2665897153395404,Power
2019-10-17,Ningxia,0.2621959057911984,Power
2019-10-18,Ningxia,0.2570735081483798,Power
2019-10-19,Ningxia,0.24771772402389294,Power
2019-10-20,Ningxia,0.23662625144192206,Power
2019-10-21,Ningxia,0.2540076450963927,Power
2019-10-22,Ningxia,0.25765726986322035,Power
2019-10-23,Ningxia,0.25800039697805033,Power
2019-10-24,Ningxia,0.2533035660815468,Power
2019-10-25,Ningxia,0.2564273596853883,Power
2019-10-26,Ningxia,0.24646776096272663,Power
2019-10-27,Ningxia,0.23475242089924678,Power
2019-10-28,Ningxia,0.23610264837708414,Power
2019-10-29,Ningxia,0.24572134808306412,Power
2019-10-30,Ningxia,0.24011545314207602,Power
2019-10-31,Ningxia,0.25108438032589336,Power
2019-10-01,Anhui,0.39992464347160706,Power
2019-10-02,Anhui,0.4182776827203928,Power
2019-10-03,Anhui,0.4448381454064175,Power
2019-10-04,Anhui,0.4706412895353395,Power
2019-10-05,Anhui,0.48618186929589224,Power
2019-10-06,Anhui,0.49030353940713234,Power
2019-10-07,Anhui,0.4841188441923916,Power
2019-10-08,Anhui,0.49089923243064854,Power
2019-10-09,Anhui,0.49085981156879815,Power
2019-10-10,Anhui,0.5096854631502118,Power
2019-10-11,Anhui,0.531169832858642,Power
2019-10-12,Anhui,0.5130143359286842,Power
2019-10-13,Anhui,0.4914905453584035,Power
2019-10-14,Anhui,0.4797212280481991,Power
2019-10-15,Anhui,0.5020378159512475,Power
2019-10-16,Anhui,0.5240740777255826,Power
2019-10-17,Anhui,0.5154365288845989,Power
2019-10-18,Anhui,0.50536668872972,Power
2019-10-19,Anhui,0.48697466662866,Power
2019-10-20,Anhui,0.4651705499296659,Power
2019-10-21,Anhui,0.49933967696238046,Power
2019-10-22,Anhui,0.5065142738191407,Power
2019-10-23,Anhui,0.5071888085663575,Power
2019-10-24,Anhui,0.4979555667018578,Power
2019-10-25,Anhui,0.5040964609589871,Power
2019-10-26,Anhui,0.484517432906656,Power
2019-10-27,Anhui,0.46148688939454047,Power
2019-10-28,Anhui,0.4641412274257961,Power
2019-10-29,Anhui,0.48305010082667155,Power
2019-10-30,Anhui,0.4720297798916235,Power
2019-10-31,Anhui,0.4935929913237545,Power
2019-10-01,Shandong,1.0027286461505551,Power
2019-10-02,Shandong,1.0487451107498151,Power
2019-10-03,Shandong,1.1153399986244372,Power
2019-10-04,Shandong,1.1800360662491336,Power
2019-10-05,Shandong,1.2190008681388675,Power
2019-10-06,Shandong,1.2293351067460379,Power
2019-10-07,Shandong,1.2138282577414425,Power
2019-10-08,Shandong,1.2308286842705598,Power
2019-10-09,Shandong,1.230729844581437,Power
2019-10-10,Shandong,1.2779312872314024,Power
2019-10-11,Shandong,1.331798917803315,Power
2019-10-12,Shandong,1.2862777498684368,Power
2019-10-13,Shandong,1.2323112796074014,Power
2019-10-14,Shandong,1.2028021413104129,Power
2019-10-15,Shandong,1.258756387541584,Power
2019-10-16,Shandong,1.3140077737612152,Power
2019-10-17,Shandong,1.2923508996556472,Power
2019-10-18,Shandong,1.2671028501786183,Power
2019-10-19,Shandong,1.2209886441090037,Power
2019-10-20,Shandong,1.1663193138364285,Power
2019-10-21,Shandong,1.251991359930514,Power
2019-10-22,Shandong,1.269980183350859,Power
2019-10-23,Shandong,1.2716714402536267,Power
2019-10-24,Shandong,1.2485209886235367,Power
2019-10-25,Shandong,1.263918015751329,Power
2019-10-26,Shandong,1.2148276368203503,Power
2019-10-27,Shandong,1.157083293997289,Power
2019-10-28,Shandong,1.163738499731556,Power
2019-10-29,Shandong,1.2111486039474473,Power
2019-10-30,Shandong,1.1835174197437914,Power
2019-10-31,Shandong,1.2375827296939497,Power
2019-10-01,Shanxi,0.4639668149363122,Power
2019-10-02,Shanxi,0.48525882907863344,Power
2019-10-03,Shanxi,0.516072567308657,Power
2019-10-04,Shanxi,0.5460077133224549,Power
2019-10-05,Shanxi,0.5640368930978673,Power
2019-10-06,Shanxi,0.5688185893122594,Power
2019-10-07,Shanxi,0.5616435042381663,Power
2019-10-08,Shanxi,0.5695096739936168,Power
2019-10-09,Shanxi,0.569463940448527,Power
2019-10-10,Shanxi,0.5913042489814253,Power
2019-10-11,Shanxi,0.6162290310553818,Power
2019-10-12,Shanxi,0.5951661927890108,Power
2019-10-13,Shanxi,0.5701956771699643,Power
2019-10-14,Shanxi,0.5565416732081454,Power
2019-10-15,Shanxi,0.5824319412339984,Power
2019-10-16,Shanxi,0.6079969929392127,Power
2019-10-17,Shanxi,0.5979762650595303,Power
2019-10-18,Shanxi,0.5862938850415841,Power
2019-10-19,Shanxi,0.564956645504674,Power
2019-10-20,Shanxi,0.5396609135649887,Power
2019-10-21,Shanxi,0.5793017341478502,Power
2019-10-22,Shanxi,0.5876252393541991,Power
2019-10-23,Shanxi,0.588407791125736,Power
2019-10-24,Shanxi,0.5776959785646962,Power
2019-10-25,Shanxi,0.5848202485886895,Power
2019-10-26,Shanxi,0.5621059211940745,Power
2019-10-27,Shanxi,0.5353873678515947,Power
2019-10-28,Shanxi,0.5384667598876431,Power
2019-10-29,Shanxi,0.560403617015731,Power
2019-10-30,Shanxi,0.5476185504106189,Power
2019-10-31,Shanxi,0.5726347995747553,Power
2019-10-01,Guangdong,0.4897173976545867,Power
2019-10-02,Guangdong,0.5121911380621491,Power
2019-10-03,Guangdong,0.5447150669558313,Power
2019-10-04,Guangdong,0.5763116409614516,Power
2019-10-05,Guangdong,0.595341456709532,Power
2019-10-06,Guangdong,0.6003885414386592,Power
2019-10-07,Guangdong,0.5928152325783748,Power
2019-10-08,Guangdong,0.6011179819521144,Power
2019-10-09,Guangdong,0.6010697101534298,Power
2019-10-10,Guangdong,0.624122175791888,Power
2019-10-11,Guangdong,0.6504303060749584,Power
2019-10-12,Guangdong,0.6281984610141375,Power
2019-10-13,Guangdong,0.6018420589323824,Power
2019-10-14,Guangdong,0.5874302452584558,Power
2019-10-15,Guangdong,0.6147574468470886,Power
2019-10-16,Guangdong,0.6417413823117425,Power
2019-10-17,Guangdong,0.6311644948666426,Power
2019-10-18,Guangdong,0.618833732069338,Power
2019-10-19,Guangdong,0.5963122562164098,Power
2019-10-20,Guangdong,0.5696125880106759,Power
2019-10-21,Guangdong,0.6114535104037917,Power
2019-10-22,Guangdong,0.6202389777643766,Power
2019-10-23,Guangdong,0.6210649618752009,Power
2019-10-24,Guangdong,0.6097586339166459,Power
2019-10-25,Guangdong,0.6172783074450586,Power
2019-10-26,Guangdong,0.5933033140984072,Power
2019-10-27,Guangdong,0.5651018566002657,Power
2019-10-28,Guangdong,0.5683521577116909,Power
2019-10-29,Guangdong,0.5915065304807052,Power
2019-10-30,Guangdong,0.5780118809817847,Power
2019-10-31,Guangdong,0.6044165548622242,Power
2019-10-01,Guangxi,0.19243692220145514,Power
2019-10-02,Guangxi,0.20126809188237424,Power
2019-10-03,Guangxi,0.21404853383557948,Power
2019-10-04,Guangxi,0.2264645670066957,Power
2019-10-05,Guangxi,0.23394242911688423,Power
2019-10-06,Guangxi,0.2359257065254771,Power
2019-10-07,Guangxi,0.23294973659887444,Power
2019-10-08,Guangxi,0.23621234385551815,Power
2019-10-09,Guangxi,0.23619337520867717,Power
2019-10-10,Guangxi,0.24525195788894502,Power
2019-10-11,Guangxi,0.2555898704172637,Power
2019-10-12,Guangxi,0.24685375473329207,Power
2019-10-13,Guangxi,0.23649687355813243,Power
2019-10-14,Guangxi,0.23083367866239493,Power
2019-10-15,Guangxi,0.2415720404018004,Power
2019-10-16,Guangxi,0.2521755139858924,Power
2019-10-17,Guangxi,0.2480192727002972,Power
2019-10-18,Guangxi,0.24317383724614744,Power
2019-10-19,Guangxi,0.23432390968113007,Power
2019-10-20,Guangxi,0.22383214035065702,Power
2019-10-21,Guangxi,0.2402737419069086,Power
2019-10-22,Guangxi,0.2437260356319618,Power
2019-10-23,Guangxi,0.24405061025568472,Power
2019-10-24,Guangxi,0.23960773164004853,Power
2019-10-25,Guangxi,0.24256262529238343,Power
2019-10-26,Guangxi,0.23314153069471072,Power
2019-10-27,Guangxi,0.22205962568474139,Power
2019-10-28,Guangxi,0.22333684790536548,Power
2019-10-29,Guangxi,0.23243547550674198,Power
2019-10-30,Guangxi,0.22713268490098262,Power
2019-10-31,Guangxi,0.2375085347229832,Power
2019-10-01,Xinjiang,0.47277496810184605,Power
2019-10-02,Xinjiang,0.4944711993470522,Power
2019-10-03,Xinjiang,0.525869919341278,Power
2019-10-04,Xinjiang,0.5563733675323734,Power
2019-10-05,Xinjiang,0.5747448213062669,Power
2019-10-06,Xinjiang,0.5796172953765132,Power
2019-10-07,Xinjiang,0.572305995283859,Power
2019-10-08,Xinjiang,0.5803214999180154,Power
2019-10-09,Xinjiang,0.5802748981468865,Power
2019-10-10,Xinjiang,0.6025298328481815,Power
2019-10-11,Xinjiang,0.6279277981133866,Power
2019-10-12,Xinjiang,0.6064650935212816,Power
2019-10-13,Xinjiang,0.5810205264849476,Power
2019-10-14,Xinjiang,0.5671073088157109,Power
2019-10-15,Xinjiang,0.5934890892491911,Power
2019-10-16,Xinjiang,0.6195394793101996,Power
2019-10-17,Xinjiang,0.6093285134584189,Power
2019-10-18,Xinjiang,0.5974243499222912,Power
2019-10-19,Xinjiang,0.5756820347034132,Power
2019-10-20,Xinjiang,0.5499060772946077,Power
2019-10-21,Xinjiang,0.5902994569141521,Power
2019-10-22,Xinjiang,0.5987809792595967,Power
2019-10-23,Xinjiang,0.5995783873433564,Power
2019-10-24,Xinjiang,0.5886632169500736,Power
2019-10-25,Xinjiang,0.5959227372970293,Power
2019-10-26,Xinjiang,0.5727771909697169,Power
2019-10-27,Xinjiang,0.5455514006813482,Power
2019-10-28,Xinjiang,0.5486892532706885,Power
2019-10-29,Xinjiang,0.571042569488811,Power
2019-10-30,Xinjiang,0.5580147854710218,Power
2019-10-31,Xinjiang,0.5835059542784846,Power
2019-10-01,Jiangsu,0.673250656595942,Power
2019-10-02,Jiangsu,0.7041469665045194,Power
2019-10-03,Jiangsu,0.7488600124114482,Power
2019-10-04,Jiangsu,0.7922981550981212,Power
2019-10-05,Jiangsu,0.8184598475531062,Power
2019-10-06,Jiangsu,0.8253984474967762,Power
2019-10-07,Jiangsu,0.814986860758772,Power
2019-10-08,Jiangsu,0.8264012632165839,Power
2019-10-09,Jiangsu,0.8263349004115965,Power
2019-10-10,Jiangsu,0.8580268266155215,Power
2019-10-11,Jiangsu,0.8941945553335884,Power
2019-10-12,Jiangsu,0.8636307968144473,Power
2019-10-13,Jiangsu,0.8273967052913932,Power
2019-10-14,Jiangsu,0.8075837211801912,Power
2019-10-15,Jiangsu,0.8451524424479894,Power
2019-10-16,Jiangsu,0.8822492504358782,Power
2019-10-17,Jiangsu,0.8677084224986656,Power
2019-10-18,Jiangsu,0.8507564126469153,Power
2019-10-19,Jiangsu,0.8197944772978505,Power
2019-10-20,Jiangsu,0.7830884724948868,Power
2019-10-21,Jiangsu,0.8406102771288602,Power
2019-10-22,Jiangsu,0.8526883076365449,Power
2019-10-23,Jiangsu,0.8538238489663271,Power
2019-10-24,Jiangsu,0.8382802053093069,Power
2019-10-25,Jiangsu,0.8486180555973252,Power
2019-10-26,Jiangsu,0.8156578624536432,Power
2019-10-27,Jiangsu,0.7768872370510754,Power
2019-10-28,Jiangsu,0.7813556659202189,Power
2019-10-29,Jiangsu,0.813187691379117,Power
2019-10-30,Jiangsu,0.7946356005626733,Power
2019-10-31,Jiangsu,0.8309360548907148,Power
2019-10-01,Jiangxi,0.17936795759500343,Power
2019-10-02,Jiangxi,0.18759937623712405,Power
2019-10-03,Jiangxi,0.19951186030766063,Power
2019-10-04,Jiangxi,0.21108468368197925,Power
2019-10-05,Jiangxi,0.21805470190165038,Power
2019-10-06,Jiangxi,0.21990328903375594,Power
2019-10-07,Jiangxi,0.21712942608951255,Power
2019-10-08,Jiangxi,0.22017045996889556,Power
2019-10-09,Jiangxi,0.22015277953936424,Power
2019-10-10,Jiangxi,0.22859616688664344,Power
2019-10-11,Jiangxi,0.23823200098120004,Power
2019-10-12,Jiangxi,0.23008918093595293,Power
2019-10-13,Jiangxi,0.22043566641186502,Power
2019-10-14,Jiangxi,0.2151570759506879,Power
2019-10-15,Jiangxi,0.22516616355757188,Power
2019-10-16,Jiangxi,0.23504952366556667,Power
2019-10-17,Jiangxi,0.23117554510604257,Power
2019-10-18,Jiangxi,0.2266591776068814,Power
2019-10-19,Jiangxi,0.21841027498444648,Power
2019-10-20,Jiangxi,0.20863103296146934,Power
2019-10-21,Jiangxi,0.22395603638076317,Power
2019-10-22,Jiangxi,0.22717387455545912,Power
2019-10-23,Jiangxi,0.2274764063496613,Power
2019-10-24,Jiangxi,0.22333525685499767,Power
2019-10-25,Jiangxi,0.2260894748775396,Power
2019-10-26,Jiangxi,0.21730819487699563,Power
2019-10-27,Jiangxi,0.20697889504637818,Power
2019-10-28,Jiangxi,0.2081693773014855,Power
2019-10-29,Jiangxi,0.2166500899999974,Power
2019-10-30,Jiangxi,0.21170742769991496,Power
2019-10-31,Jiangxi,0.22137862265353417,Power
2019-10-01,Hebei,0.5404120334036893,Power
2019-10-02,Hebei,0.5652122136913492,Power
2019-10-03,Hebei,0.6011029593170722,Power
2019-10-04,Hebei,0.6359703519985368,Power
2019-10-05,Hebei,0.6569700989402847,Power
2019-10-06,Hebei,0.6625396485096716,Power
2019-10-07,Hebei,0.6541823647774991,Power
2019-10-08,Hebei,0.6633445993507308,Power
2019-10-09,Hebei,0.6632913305450724,Power
2019-10-10,Hebei,0.6887301446250139,Power
2019-10-11,Hebei,0.7177616437088,Power
2019-10-12,Hebei,0.6932283993250502,Power
2019-10-13,Hebei,0.6641436314356056,Power
2019-10-14,Hebei,0.648239933568504,Power
2019-10-15,Hebei,0.6783959963272992,Power
2019-10-16,Hebei,0.7081732586903019,Power
2019-10-17,Hebei,0.6965014714949448,Power
2019-10-18,Hebei,0.6828942510273354,Power
2019-10-19,Hebei,0.6580413938096354,Power
2019-10-20,Hebei,0.6285778255243984,Power
2019-10-21,Hebei,0.6747500425177961,Power
2019-10-22,Hebei,0.684444965147611,Power
2019-10-23,Hebei,0.6853564535999868,Power
2019-10-24,Hebei,0.6728797155635706,Power
2019-10-25,Hebei,0.6811778117339005,Power
2019-10-26,Hebei,0.6547209715902665,Power
2019-10-27,Hebei,0.6236001515734373,Power
2019-10-28,Hebei,0.6271869178210978,Power
2019-10-29,Hebei,0.6527381882685402,Power
2019-10-30,Hebei,0.6378465977089468,Power
2019-10-31,Hebei,0.6669846344040495,Power
2019-10-01,Henan,0.37253712385479815,Power
2019-10-02,Henan,0.38963331576831867,Power
2019-10-03,Henan,0.41437487280619295,Power
2019-10-04,Henan,0.43841097374949956,Power
2019-10-05,Henan,0.4528873081828474,Power
2019-10-06,Henan,0.45672671931638187,Power
2019-10-07,Henan,0.4509655625464024,Power
2019-10-08,Henan,0.4572816182687312,Power
2019-10-09,Henan,0.4572448970145315,Power
2019-10-10,Henan,0.4747813359645116,Power
2019-10-11,Henan,0.49479441950328584,Power
2019-10-12,Henan,0.47788224187469885,Power
2019-10-13,Henan,0.457832437081725,Power
2019-10-14,Henan,0.44686910263347085,Power
2019-10-15,Henan,0.4676574126497919,Power
2019-10-16,Henan,0.4881845937473604,Power
2019-10-17,Henan,0.4801385589382956,Power
2019-10-18,Henan,0.4707583185599792,Power
2019-10-19,Henan,0.4536258134061947,Power
2019-10-20,Henan,0.4333148796944682,Power
2019-10-21,Henan,0.46514404680679805,Power
2019-10-22,Henan,0.4718273150711227,Power
2019-10-23,Henan,0.4724556565318711,Power
2019-10-24,Henan,0.4638547227704571,Power
2019-10-25,Henan,0.46957507814688143,Power
2019-10-26,Henan,0.45133685522775374,Power
2019-10-27,Henan,0.4298834824964846,Power
2019-10-28,Henan,0.43235604694592344,Power
2019-10-29,Henan,0.4499700085436581,Power
2019-10-30,Henan,0.4397043779251961,Power
2019-10-31,Henan,0.4597909039723696,Power
2019-10-01,Zhejiang,0.3542655121526802,Power
2019-10-02,Zhejiang,0.37052319708199344,Power
2019-10-03,Zhejiang,0.3940512693578013,Power
2019-10-04,Zhejiang,0.4169084856339246,Power
2019-10-05,Zhejiang,0.4306748077095799,Power
2019-10-06,Zhejiang,0.43432590947767225,Power
2019-10-07,Zhejiang,0.4288473168139673,Power
2019-10-08,Zhejiang,0.4348535926237515,Power
2019-10-09,Zhejiang,0.43481867241555505,Power
2019-10-10,Zhejiang,0.45149501184091206,Power
2019-10-11,Zhejiang,0.4705265253079609,Power
2019-10-12,Zhejiang,0.45444382942194317,Power
2019-10-13,Zhejiang,0.4353773957466978,Power
2019-10-14,Zhejiang,0.4249517735885,Power
2019-10-15,Zhejiang,0.4447204914508066,Power
2019-10-16,Zhejiang,0.46424088783260536,Power
2019-10-17,Zhejiang,0.45658948221445644,Power
2019-10-18,Zhejiang,0.44766930903183766,Power
2019-10-19,Zhejiang,0.4313770918966413,Power
2019-10-20,Zhejiang,0.4120623367408881,Power
2019-10-21,Zhejiang,0.4423303972009183,Power
2019-10-22,Zhejiang,0.4486858750926668,Power
2019-10-23,Zhejiang,0.4492833986551388,Power
2019-10-24,Zhejiang,0.4411043098909107,Power
2019-10-25,Zhejiang,0.44654410232328634,Power
2019-10-26,Zhejiang,0.42920039891906436,Power
2019-10-27,Zhejiang,0.4087992372860893,Power
2019-10-28,Zhejiang,0.41115053130464824,Power
2019-10-29,Zhejiang,0.42790059116953105,Power
2019-10-30,Zhejiang,0.4181384529670652,Power
2019-10-31,Zhejiang,0.4372398068505069,Power
2019-10-01,Hainan,0.031608535184990995,Power
2019-10-02,Hainan,0.03305909017407845,Power
2019-10-03,Hainan,0.035158328950796784,Power
2019-10-04,Hainan,0.03719771212559314,Power
2019-10-05,Hainan,0.038425980926166475,Power
2019-10-06,Hainan,0.03875174218359023,Power
2019-10-07,Hainan,0.03826292720433163,Power
2019-10-08,Hainan,0.03879882351303724,Power
2019-10-09,Hainan,0.03879570783682383,Power
2019-10-10,Hainan,0.040283616321847564,Power
2019-10-11,Hainan,0.04198165985815314,Power
2019-10-12,Hainan,0.0405467178687573,Power
2019-10-13,Hainan,0.038845558656238316,Power
2019-10-14,Hainan,0.037915356213414034,Power
2019-10-15,Hainan,0.039679175136447045,Power
2019-10-16,Hainan,0.04142083813974029,Power
2019-10-17,Hainan,0.04073815886275872,Power
2019-10-18,Hainan,0.03994227668335678,Power
2019-10-19,Hainan,0.038488640636680505,Power
2019-10-20,Hainan,0.036765325504421756,Power
2019-10-21,Hainan,0.03946592440895179,Power
2019-10-22,Hainan,0.040032977479791454,Power
2019-10-23,Hainan,0.04008629016166526,Power
2019-10-24,Hainan,0.03935652955523669,Power
2019-10-25,Hainan,0.03984188267203596,Power
2019-10-26,Hainan,0.038294430152711605,Power
2019-10-27,Hainan,0.036474182871591376,Power
2019-10-28,Hainan,0.0366839717366273,Power
2019-10-29,Hainan,0.03817845776032377,Power
2019-10-30,Hainan,0.037307453165554186,Power
2019-10-31,Hainan,0.03901172805428657,Power
2019-10-01,Hubei,0.166328176628558,Power
2019-10-02,Hubei,0.1739611835054138,Power
2019-10-03,Hubei,0.18500764788587398,Power
2019-10-04,Hubei,0.19573914439229564,Power
2019-10-05,Hubei,0.20220245276180582,Power
2019-10-06,Hubei,0.20391665038742843,Power
2019-10-07,Hubei,0.20134444311072372,Power
2019-10-08,Hubei,0.20416439839708272,Power
2019-10-09,Hubei,0.2041480033082085,Power
2019-10-10,Hubei,0.21197756908390036,Power
2019-10-11,Hubei,0.22091289252032856,Power
2019-10-12,Hubei,0.21336204325549782,Power
2019-10-13,Hubei,0.20441032473019544,Power
2019-10-14,Hubei,0.19951547986298185,Power
2019-10-15,Hubei,0.20879692184230939,Power
2019-10-16,Hubei,0.21796177652297613,Power
2019-10-17,Hubei,0.2143694303829891,Power
2019-10-18,Hubei,0.21018139601390687,Power
2019-10-19,Hubei,0.202532176215831,Power
2019-10-20,Hubei,0.1934638703918678,Power
2019-10-21,Hubei,0.20767476909269886,Power
2019-10-22,Hubei,0.21065867526779966,Power
2019-10-23,Hubei,0.21093921345520228,Power
2019-10-24,Hubei,0.207099119305561,Power
2019-10-25,Hubei,0.20965310981684993,Power
2019-10-26,Hubei,0.20151021567600708,Power
2019-10-27,Hubei,0.1919318404204027,Power
2019-10-28,Hubei,0.19303577640459751,Power
2019-10-29,Hubei,0.2008999540345793,Power
2019-10-30,Hubei,0.19631661585597515,Power
2019-10-31,Hubei,0.20528472947015172,Power
2019-10-01,Hunan,0.16847980681447608,Power
2019-10-02,Hunan,0.1762115546764041,Power
2019-10-03,Hunan,0.18740091671071002,Power
2019-10-04,Hunan,0.19827123642971856,Power
2019-10-05,Hunan,0.20481815450186971,Power
2019-10-06,Hunan,0.2065545270796302,Power
2019-10-07,Hunan,0.2039490455920661,Power
2019-10-08,Hunan,0.20680547997078372,Power
2019-10-09,Hunan,0.20678887279416325,Power
2019-10-10,Hunan,0.214719722251352,Power
2019-10-11,Hunan,0.22377063350949783,Power
2019-10-12,Hunan,0.2161221060548568,Power
2019-10-13,Hunan,0.2070545876200905,Power
2019-10-14,Hunan,0.20209642277796247,Power
2019-10-15,Hunan,0.2114979299869845,Power
2019-10-16,Hunan,0.22078134171781663,Power
2019-10-17,Hunan,0.21714252479609114,Power
2019-10-18,Hunan,0.21290031379048927,Power
2019-10-19,Hunan,0.2051521432761255,Power
2019-10-20,Hunan,0.19596652936316933,Power
2019-10-21,Hunan,0.21036126100940694,Power
2019-10-22,Hunan,0.21338376715432905,Power
2019-10-23,Hunan,0.21366793439872342,Power
2019-10-24,Hunan,0.20977816458584447,Power
2019-10-25,Hunan,0.2123651936549414,Power
2019-10-26,Hunan,0.20411696260011733,Power
2019-10-27,Hunan,0.1944146809700805,Power
2019-10-28,Hunan,0.19553289752919087,Power
2019-10-29,Hunan,0.20349880658146724,Power
2019-10-30,Hunan,0.19885617809512782,Power
2019-10-31,Hunan,0.20794030370651456,Power
2019-10-01,Gansu,0.1265508752999891,Power
2019-10-02,Gansu,0.13235845235047358,Power
2019-10-03,Gansu,0.14076316022771584,Power
2019-10-04,Gansu,0.148928224642504,Power
2019-10-05,Gansu,0.15384583600622298,Power
2019-10-06,Gansu,0.15515008411593537,Power
2019-10-07,Gansu,0.1531930189396188,Power
2019-10-08,Gansu,0.15533858331138797,Power
2019-10-09,Gansu,0.15532610909992417,Power
2019-10-10,Gansu,0.16128323808562436,Power
2019-10-11,Gansu,0.16808168333338128,Power
2019-10-12,Gansu,0.16233661594256532,Power
2019-10-13,Gansu,0.15552569648334458,Power
2019-10-14,Gansu,0.15180145134966,Power
2019-10-15,Gansu,0.15886324106165214,Power
2019-10-16,Gansu,0.16583632526990194,Power
2019-10-17,Gansu,0.16310308693583941,Power
2019-10-18,Gansu,0.1599166189185931,Power
2019-10-19,Gansu,0.15409670625899446,Power
2019-10-20,Gansu,0.14719708129603137,Power
2019-10-21,Gansu,0.15800945058813162,Power
2019-10-22,Gansu,0.16027975707453854,Power
2019-10-23,Gansu,0.16049320469291864,Power
2019-10-24,Gansu,0.15757146716340356,Power
2019-10-25,Gansu,0.15951467210476036,Power
2019-10-26,Gansu,0.15331914707775252,Power
2019-10-27,Gansu,0.14603143553591644,Power
2019-10-28,Gansu,0.14687136577447726,Power
2019-10-29,Gansu,0.15285482920660096,Power
2019-10-30,Gansu,0.14936759409072808,Power
2019-10-31,Gansu,0.15619098776141255,Power
2019-10-01,Fujian,0.21711832247222657,Power
2019-10-02,Fujian,0.22708215230619927,Power
2019-10-03,Fujian,0.2415017765944566,Power
2019-10-04,Fujian,0.25551025408948846,Power
2019-10-05,Fujian,0.26394720505746894,Power
2019-10-06,Fujian,0.2661848518615472,Power
2019-10-07,Fujian,0.26282719268263277,Power
2019-10-08,Fujian,0.2665082524623492,Power
2019-10-09,Fujian,0.266486850952002,Power
2019-10-10,Fujian,0.2767072611155815,Power
2019-10-11,Fujian,0.28837108425479924,Power
2019-10-12,Fujian,0.27851449976712195,Power
2019-10-13,Fujian,0.266829275117557,Power
2019-10-14,Fujian,0.2604397353061242,Power
2019-10-15,Fujian,0.27255536810822695,Power
2019-10-16,Fujian,0.2845188123923053,Power
2019-10-17,Fujian,0.27982950368067694,Power
2019-10-18,Fujian,0.27436260675976737,Power
2019-10-19,Fujian,0.26437761321000686,Power
2019-10-20,Fujian,0.25254020004241756,Power
2019-10-21,Fujian,0.27109055362224166,Power
2019-10-22,Fujian,0.27498562850542996,Power
2019-10-23,Fujian,0.27535183212692627,Power
2019-10-24,Fujian,0.27033912281449596,Power
2019-10-25,Fujian,0.27367300253746907,Power
2019-10-26,Fujian,0.2630435857316988,Power
2019-10-27,Fujian,0.25054034779775247,Power
2019-10-28,Fujian,0.25198138282779653,Power
2019-10-29,Fujian,0.26224697395766455,Power
2019-10-30,Fujian,0.2562640628428284,Power
2019-10-31,Fujian,0.2679706890027404,Power
2019-10-01,Tibet,0.0011036722038741187,Power
2019-10-02,Tibet,0.0011543210938741511,Power
2019-10-03,Tibet,0.0012276200137259913,Power
2019-10-04,Tibet,0.0012988289612428023,Power
2019-10-05,Tibet,0.0013417163056307917,Power
2019-10-06,Tibet,0.001353090880340233,Power
2019-10-07,Tibet,0.00133602297440003,Power
2019-10-08,Tibet,0.0013547348146234256,Power
2019-10-09,Tibet,0.0013546260248546848,Power
2019-10-10,Tibet,0.001406579183304397,Power
2019-10-11,Tibet,0.0014658696072680632,Power
2019-10-12,Tibet,0.0014157658748869427,Power
2019-10-13,Tibet,0.0013563666611545358,Power
2019-10-14,Tibet,0.0013238868713094038,Power
2019-10-15,Tibet,0.0013854739681687066,Power
2019-10-16,Tibet,0.0014462874488947422,Power
2019-10-17,Tibet,0.0014224504017884528,Power
2019-10-18,Tibet,0.0013946606597512522,Power
2019-10-19,Tibet,0.0013439041887576876,Power
2019-10-20,Tibet,0.0012837313588920135,Power
2019-10-21,Tibet,0.0013780279128860116,Power
2019-10-22,Tibet,0.001397827650796814,Power
2019-10-23,Tibet,0.0013996891646174876,Power
2019-10-24,Tibet,0.001374208183228006,Power
2019-10-25,Tibet,0.001391155211647386,Power
2019-10-26,Tibet,0.001337122959839519,Power
2019-10-27,Tibet,0.0012735655593908018,Power
2019-10-28,Tibet,0.0012808907371526738,Power
2019-10-29,Tibet,0.0013330735628919496,Power
2019-10-30,Tibet,0.0013026607786528906,Power
2019-10-31,Tibet,0.0013621687821540383,Power
2019-10-01,Guizhou,0.19366263508171916,Power
2019-10-02,Guizhou,0.20255005425105174,Power
2019-10-03,Guizhou,0.2154119002931309,Power
2019-10-04,Guizhou,0.2279070164780759,Power
2019-10-05,Guizhou,0.23543250828323378,Power
2019-10-06,Guizhou,0.23742841803200873,Power
2019-10-07,Guizhou,0.23443349288294368,Power
2019-10-08,Guizhou,0.23771688107752778,Power
2019-10-09,Guizhou,0.23769779161128018,Power
2019-10-10,Guizhou,0.24681407227040325,Power
2019-10-11,Guizhou,0.2572178313753354,Power
2019-10-12,Guizhou,0.2484260716424213,Power
2019-10-13,Guizhou,0.23800322307124153,Power
2019-10-14,Guizhou,0.23230395687043565,Power
2019-10-15,Guizhou,0.24311071581837232,Power
2019-10-16,Guizhou,0.25378172745077066,Power
2019-10-17,Guizhou,0.2495990132907449,Power
2019-10-18,Guizhou,0.24472271519039038,Power
2019-10-19,Guizhou,0.23581641865999073,Power
2019-10-20,Guizhou,0.2252578227732726,Power
2019-10-21,Guizhou,0.2418041479063156,Power
2019-10-22,Guizhou,0.24527843076337552,Power
2019-10-23,Guizhou,0.2456050727413897,Power
2019-10-24,Guizhou,0.24113389553584497,Power
2019-10-25,Guizhou,0.24410761016685717,Power
2019-10-26,Guizhou,0.23462650859722475,Power
2019-10-27,Guizhou,0.22347401820502633,Power
2019-10-28,Guizhou,0.2247593755990302,Power
2019-10-29,Guizhou,0.2339159562424537,Power
2019-10-30,Guizhou,0.2285793899003519,Power
2019-10-31,Guizhou,0.23902132793777925,Power
2019-10-01,Liaoning,0.29723537346403095,Power
2019-10-02,Liaoning,0.3108758744043041,Power
2019-10-03,Liaoning,0.3306163659562294,Power
2019-10-04,Liaoning,0.34979399680970513,Power
2019-10-05,Liaoning,0.3613441978397734,Power
2019-10-06,Liaoning,0.36440754033393746,Power
2019-10-07,Liaoning,0.35981089888679646,Power
2019-10-08,Liaoning,0.36485027633734485,Power
2019-10-09,Liaoning,0.364820977631237,Power
2019-10-10,Liaoning,0.3788127375036252,Power
2019-10-11,Liaoning,0.3947805323323977,Power
2019-10-12,Liaoning,0.3812868504638428,Power
2019-10-13,Liaoning,0.3652897569289625,Power
2019-10-14,Liaoning,0.3565424654498775,Power
2019-10-15,Liaoning,0.37312878851870435,Power
2019-10-16,Liaoning,0.3895067652329866,Power
2019-10-17,Liaoning,0.38308709318358003,Power
2019-10-18,Liaoning,0.37560290147892195,Power
2019-10-19,Liaoning,0.36193342737372,Power
2019-10-20,Liaoning,0.345727987484295,Power
2019-10-21,Liaoning,0.37112345485621223,Power
2019-10-22,Liaoning,0.37645581936783906,Power
2019-10-23,Liaoning,0.37695715278346204,Power
2019-10-24,Liaoning,0.37009474473064813,Power
2019-10-25,Liaoning,0.37465883205989153,Power
2019-10-26,Liaoning,0.3601071413596646,Power
2019-10-27,Liaoning,0.34299018616910687,Power
2019-10-28,Liaoning,0.3449629657137014,Power
2019-10-29,Liaoning,0.3590165784100951,Power
2019-10-30,Liaoning,0.3508259623470591,Power
2019-10-31,Liaoning,0.36685235458804727,Power
2019-10-01,Chongqing,0.05139504310925343,Power
2019-10-02,Chongqing,0.053753625554158774,Power
2019-10-03,Chongqing,0.057166958908413223,Power
2019-10-04,Chongqing,0.06048296787787394,Power
2019-10-05,Chongqing,0.06248011604009541,Power
2019-10-06,Chongqing,0.06300979936045911,Power
2019-10-07,Chongqing,0.062214992932878306,Power
2019-10-08,Chongqing,0.06308635295405046,Power
2019-10-09,Chongqing,0.06308128690741574,Power
2019-10-10,Chongqing,0.0655006056225307,Power
2019-10-11,Chongqing,0.06826160103845412,Power
2019-10-12,Chongqing,0.06592840511612945,Power
2019-10-13,Chongqing,0.06316234365357129,Power
2019-10-14,Chongqing,0.06164984728607155,Power
2019-10-15,Chongqing,0.06451779257539465,Power
2019-10-16,Chongqing,0.06734971264420418,Power
2019-10-17,Chongqing,0.06623968553712957,Power
2019-10-18,Chongqing,0.06494559206899339,Power
2019-10-19,Chongqing,0.06258199986686037,Power
2019-10-20,Chongqing,0.059779913183788655,Power
2019-10-21,Chongqing,0.06417104982795147,Power
2019-10-22,Chongqing,0.06509307031547086,Power
2019-10-23,Chongqing,0.06517975600233164,Power
2019-10-24,Chongqing,0.06399317530166569,Power
2019-10-25,Chongqing,0.06478235278854125,Power
2019-10-26,Chongqing,0.06226621629329604,Power
2019-10-27,Chongqing,0.05930651927047742,Power
2019-10-28,Chongqing,0.059647633077215365,Power
2019-10-29,Chongqing,0.062077646779670294,Power
2019-10-30,Chongqing,0.06066140529823027,Power
2019-10-31,Chongqing,0.06343253280742313,Power
2019-10-01,Shaanxi,0.26638826597738585,Power
2019-10-02,Shaanxi,0.27861315479258597,Power
2019-10-03,Shaanxi,0.2963049767745176,Power
2019-10-04,Shaanxi,0.3134923517799694,Power
2019-10-05,Shaanxi,0.32384387215330895,Power
2019-10-06,Shaanxi,0.3265893007528897,Power
2019-10-07,Shaanxi,0.3224696990710534,Power
2019-10-08,Shaanxi,0.3269860895834349,Power
2019-10-09,Shaanxi,0.32695983149906055,Power
2019-10-10,Shaanxi,0.33949952557025936,Power
2019-10-11,Shaanxi,0.35381018155425886,Power
2019-10-12,Shaanxi,0.3417168749174234,Power
2019-10-13,Shaanxi,0.3273799608490495,Power
2019-10-14,Shaanxi,0.31954046388085244,Power
2019-10-15,Shaanxi,0.334405457201643,Power
2019-10-16,Shaanxi,0.3490837263668829,Power
2019-10-17,Shaanxi,0.34333028832397827,Power
2019-10-18,Shaanxi,0.33662280654880705,Power
2019-10-19,Shaanxi,0.32437195140572567,Power
2019-10-20,Shaanxi,0.30984831318180117,Power
2019-10-21,Shaanxi,0.3326082372044679,Power
2019-10-22,Shaanxi,0.33738720856059257,Power
2019-10-23,Shaanxi,0.3378365135598863,Power
2019-10-24,Shaanxi,0.33168628668643657,Power
2019-10-25,Shaanxi,0.33577671271896814,Power
2019-10-26,Shaanxi,0.3227351974797269,Power
2019-10-27,Shaanxi,0.3073946410752683,Power
2019-10-28,Shaanxi,0.30916268542313863,Power
2019-10-29,Shaanxi,0.3217578132280165,Power
2019-10-30,Shaanxi,0.3144172198629313,Power
2019-10-31,Shaanxi,0.3287803920156795,Power
2019-10-01,Qinghai,0.031040780733959585,Power
2019-10-02,Qinghai,0.03246528076521049,Power
2019-10-03,Qinghai,0.0345268128860435,Power
2019-10-04,Qinghai,0.036529564534953804,Power
2019-10-05,Qinghai,0.03773577109586601,Power
2019-10-06,Qinghai,0.03805568100956905,Power
2019-10-07,Qinghai,0.037575646155000836,Power
2019-10-08,Qinghai,0.03810191666128384,Power
2019-10-09,Qinghai,0.038098856949038,Power
2019-10-10,Qinghai,0.03956003953043616,Power
2019-10-11,Qinghai,0.04122758270441427,Power
2019-10-12,Qinghai,0.03981841523119526,Power
2019-10-13,Qinghai,0.03814781234497131,Power
2019-10-14,Qinghai,0.03723431825557697,Power
2019-10-15,Qinghai,0.03896645535474486,Power
2019-10-16,Qinghai,0.04067683450016462,Power
2019-10-17,Qinghai,0.040006417550300225,Power
2019-10-18,Qinghai,0.039224831055503964,Power
2019-10-19,Qinghai,0.03779730530880995,Power
2019-10-20,Qinghai,0.03610494446883788,Power
2019-10-21,Qinghai,0.03875703504991907,Power
2019-10-22,Qinghai,0.03931390267866039,Power
2019-10-23,Qinghai,0.03936625775486683,Power
2019-10-24,Qinghai,0.038649605153287664,Power
2019-10-25,Qinghai,0.039126240327582724,Power
2019-10-26,Qinghai,0.03760658324548646,Power
2019-10-27,Qinghai,0.03581903135786629,Power
2019-10-28,Qinghai,0.03602505198241894,Power
2019-10-29,Qinghai,0.03749269395633607,Power
2019-10-30,Qinghai,0.036637334399612545,Power
2019-10-31,Qinghai,0.03831099699808232,Power
2019-10-01,Heilongjiang,0.14037330843023949,Power
2019-10-02,Heilongjiang,0.1468152141271186,Power
2019-10-03,Heilongjiang,0.15613792049577452,Power
2019-10-04,Heilongjiang,0.1651948085080689,Power
2019-10-05,Heilongjiang,0.1706495426224163,Power
2019-10-06,Heilongjiang,0.1720962463432734,Power
2019-10-07,Heilongjiang,0.1699254220565038,Power
2019-10-08,Heilongjiang,0.17230533423491692,Power
2019-10-09,Heilongjiang,0.1722914975362052,Power
2019-10-10,Heilongjiang,0.17889928987652798,Power
2019-10-11,Heilongjiang,0.1864402906744068,Power
2019-10-12,Heilongjiang,0.18006772221218303,Power
2019-10-13,Heilongjiang,0.1725128847155925,Power
2019-10-14,Heilongjiang,0.1683818614446648,Power
2019-10-15,Heilongjiang,0.17621497032645736,Power
2019-10-16,Heilongjiang,0.18394968490630004,Power
2019-10-17,Heilongjiang,0.18091791047746883,Power
2019-10-18,Heilongjiang,0.1773834026621124,Power
2019-10-19,Heilongjiang,0.1709278140076184,Power
2019-10-20,Heilongjiang,0.16327458220907798,Power
2019-10-21,Heilongjiang,0.1752679251701896,Power
2019-10-22,Heilongjiang,0.1777862043357198,Power
2019-10-23,Heilongjiang,0.1780229656247867,Power
2019-10-24,Heilongjiang,0.174782103304312,Power
2019-10-25,Heilongjiang,0.17693755348140192,Power
2019-10-26,Heilongjiang,0.1700653264545888,Power
2019-10-27,Heilongjiang,0.16198161958501758,Power
2019-10-28,Heilongjiang,0.16291329063160567,Power
2019-10-29,Heilongjiang,0.16955029378031983,Power
2019-10-30,Heilongjiang,0.1656821677849145,Power
2019-10-31,Heilongjiang,0.17325084198021673,Power
2019-11-01,Shanghai,0.09864413524245869,Power
2019-11-02,Shanghai,0.10135536842473496,Power
2019-11-03,Shanghai,0.0954971531342069,Power
2019-11-04,Shanghai,0.09770281661665442,Power
2019-11-05,Shanghai,0.09992446316781534,Power
2019-11-06,Shanghai,0.10315051940549126,Power
2019-11-07,Shanghai,0.10355346097989718,Power
2019-11-08,Shanghai,0.10493725824481946,Power
2019-11-09,Shanghai,0.10205946466226684,Power
2019-11-10,Shanghai,0.09875433429516678,Power
2019-11-11,Shanghai,0.10338774179376366,Power
2019-11-12,Shanghai,0.10424157414871567,Power
2019-11-13,Shanghai,0.10289731394850547,Power
2019-11-14,Shanghai,0.10585418166048224,Power
2019-11-15,Shanghai,0.11081145660406092,Power
2019-11-16,Shanghai,0.10717404665055094,Power
2019-11-17,Shanghai,0.10548236500936027,Power
2019-11-18,Shanghai,0.10947476733113598,Power
2019-11-19,Shanghai,0.1127083944960972,Power
2019-11-20,Shanghai,0.11897039257517399,Power
2019-11-21,Shanghai,0.11645600350231525,Power
2019-11-22,Shanghai,0.1127083944960972,Power
2019-11-23,Shanghai,0.1133645415274889,Power
2019-11-24,Shanghai,0.10653388268787264,Power
2019-11-25,Shanghai,0.11677987094729705,Power
2019-11-26,Shanghai,0.12116007298890816,Power
2019-11-27,Shanghai,0.1227810926421028,Power
2019-11-28,Shanghai,0.1232395543499342,Power
2019-11-29,Shanghai,0.12740608799927156,Power
2019-11-30,Shanghai,0.12338929046735435,Power
2019-11-01,Yunnan,0.06566724157178228,Power
2019-11-02,Yunnan,0.06747210512398802,Power
2019-11-03,Yunnan,0.06357230066306317,Power
2019-11-04,Yunnan,0.0650406072823258,Power
2019-11-05,Yunnan,0.06651955380462657,Power
2019-11-06,Yunnan,0.06866713423363961,Power
2019-11-07,Yunnan,0.06893537178917995,Power
2019-11-08,Yunnan,0.06985656339432375,Power
2019-11-09,Yunnan,0.06794082085256271,Power
2019-11-10,Yunnan,0.06574060090325573,Power
2019-11-11,Yunnan,0.0688250527945214,Power
2019-11-12,Yunnan,0.0693934476147165,Power
2019-11-13,Yunnan,0.06849857576971968,Power
2019-11-14,Yunnan,0.07046695783177466,Power
2019-11-15,Yunnan,0.07376700775828673,Power
2019-11-16,Yunnan,0.0713455898247659,Power
2019-11-17,Yunnan,0.07021944008741383,Power
2019-11-18,Yunnan,0.07287717586736059,Power
2019-11-19,Yunnan,0.07502979625044434,Power
2019-11-20,Yunnan,0.07919839826180627,Power
2019-11-21,Yunnan,0.07752457351543862,Power
2019-11-22,Yunnan,0.07502979625044434,Power
2019-11-23,Yunnan,0.07546659226990461,Power
2019-11-24,Yunnan,0.07091943370834378,Power
2019-11-25,Yunnan,0.07774017155068505,Power
2019-11-26,Yunnan,0.08065606497803078,Power
2019-11-27,Yunnan,0.08173517514405637,Power
2019-11-28,Yunnan,0.08204037236278182,Power
2019-11-29,Yunnan,0.08481402708635459,Power
2019-11-30,Yunnan,0.08214005145440224,Power
2019-11-01,InnerMongolia,0.9604109314625511,Power
2019-11-02,InnerMongolia,0.9868078173960328,Power
2019-11-03,InnerMongolia,0.9297715426083298,Power
2019-11-04,InnerMongolia,0.9512461423345442,Power
2019-11-05,InnerMongolia,0.972876355102253,Power
2019-11-06,InnerMongolia,1.0042856190038671,Power
2019-11-07,InnerMongolia,1.0082087056815394,Power
2019-11-08,InnerMongolia,1.0216815190109152,Power
2019-11-09,InnerMongolia,0.993662981381861,Power
2019-11-10,InnerMongolia,0.9614838424328539,Power
2019-11-11,InnerMongolia,1.006595244146046,Power
2019-11-12,InnerMongolia,1.0149082566258731,Power
2019-11-13,InnerMongolia,1.0018203808201942,Power
2019-11-14,InnerMongolia,1.0306087934966413,Power
2019-11-15,InnerMongolia,1.0788734068401125,Power
2019-11-16,InnerMongolia,1.0434591546600394,Power
2019-11-17,InnerMongolia,1.026988742741879,Power
2019-11-18,InnerMongolia,1.065859242475141,Power
2019-11-19,InnerMongolia,1.097342217817463,Power
2019-11-20,InnerMongolia,1.1583097694429167,Power
2019-11-21,InnerMongolia,1.1338293809678388,Power
2019-11-22,InnerMongolia,1.097342217817463,Power
2019-11-23,InnerMongolia,1.1037305426788082,Power
2019-11-24,InnerMongolia,1.0372264428401885,Power
2019-11-25,InnerMongolia,1.1369825925981183,Power
2019-11-26,InnerMongolia,1.179628756127637,Power
2019-11-27,InnerMongolia,1.1954111945991914,Power
2019-11-28,InnerMongolia,1.1998748318420545,Power
2019-11-29,InnerMongolia,1.2404406947115967,Power
2019-11-30,InnerMongolia,1.2013326803360536,Power
2019-11-01,Beijing,0.07359701871073848,Power
2019-11-02,Beijing,0.07561983211728023,Power
2019-11-03,Beijing,0.07124909908496355,Power
2019-11-04,Beijing,0.0728947139630127,Power
2019-11-05,Beijing,0.07455225358655498,Power
2019-11-06,Beijing,0.07695916932161162,Power
2019-11-07,Beijing,0.07725979843167474,Power
2019-11-08,Beijing,0.07829223034410453,Power
2019-11-09,Beijing,0.07614514853716091,Power
2019-11-10,Beijing,0.07367923669282256,Power
2019-11-11,Beijing,0.07713615764945672,Power
2019-11-12,Beijing,0.07777319010606232,Power
2019-11-13,Beijing,0.0767702562482734,Power
2019-11-14,Beijing,0.07897633416449873,Power
2019-11-15,Beijing,0.08267488812191431,Power
2019-11-16,Beijing,0.07996106709495604,Power
2019-11-17,Beijing,0.07869892692723797,Power
2019-11-18,Beijing,0.08167760282778001,Power
2019-11-19,Beijing,0.0840901671264913,Power
2019-11-20,Beijing,0.08876215688705494,Power
2019-11-21,Beijing,0.08688620613553363,Power
2019-11-22,Beijing,0.0840901671264913,Power
2019-11-23,Beijing,0.08457970930989264,Power
2019-11-24,Beijing,0.07948344965704782,Power
2019-11-25,Beijing,0.08712783913631507,Power
2019-11-26,Beijing,0.09039584701961101,Power
2019-11-27,Beijing,0.09160526725988588,Power
2019-11-28,Beijing,0.09194731917008298,Power
2019-11-29,Beijing,0.09505591203468156,Power
2019-11-30,Beijing,0.0920590352068079,Power
2019-11-01,Jilin,0.13421200592430407,Power
2019-11-02,Jilin,0.1379008217168238,Power
2019-11-03,Jilin,0.12993032429854662,Power
2019-11-04,Jilin,0.1329312783810743,Power
2019-11-05,Jilin,0.13595397850767826,Power
2019-11-06,Jilin,0.14034324582518157,Power
2019-11-07,Jilin,0.1408914750416311,Power
2019-11-08,Jilin,0.1427742246471834,Power
2019-11-09,Jilin,0.13885879218481603,Power
2019-11-10,Jilin,0.1343619391755669,Power
2019-11-11,Jilin,0.14066600290041908,Power
2019-11-12,Jilin,0.14182769946554707,Power
2019-11-13,Jilin,0.13999874270586773,Power
2019-11-14,Jilin,0.14402176085998095,Power
2019-11-15,Jilin,0.15076646810953684,Power
2019-11-16,Jilin,0.14581752628922803,Power
2019-11-17,Jilin,0.14351587920304837,Power
2019-11-18,Jilin,0.14894781210757782,Power
2019-11-19,Jilin,0.15334738018280147,Power
2019-11-20,Jilin,0.16186725134616378,Power
2019-11-21,Jilin,0.15844625525437311,Power
2019-11-22,Jilin,0.15334738018280147,Power
2019-11-23,Jilin,0.15424011251856484,Power
2019-11-24,Jilin,0.14494653999754095,Power
2019-11-25,Jilin,0.15888689877907683,Power
2019-11-26,Jilin,0.1648464593846152,Power
2019-11-27,Jilin,0.16705196606540498,Power
2019-11-28,Jilin,0.16767573417180376,Power
2019-11-29,Jilin,0.17334458450390125,Power
2019-11-30,Jilin,0.1678794602689395,Power
2019-11-01,Sichuan,0.05755648815730786,Power
2019-11-02,Sichuan,0.05913842772385005,Power
2019-11-03,Sichuan,0.055720299538494854,Power
2019-11-04,Sichuan,0.05700725130500854,Power
2019-11-05,Sichuan,0.05830352880896074,Power
2019-11-06,Sichuan,0.06018585528668004,Power
2019-11-07,Sichuan,0.060420962035787604,Power
2019-11-08,Sichuan,0.06122837456664765,Power
2019-11-09,Sichuan,0.05954925099943051,Power
2019-11-10,Sichuan,0.05762078666280492,Power
2019-11-11,Sichuan,0.0603242688633989,Power
2019-11-12,Sichuan,0.06082245957392955,Power
2019-11-13,Sichuan,0.06003811597252266,Power
2019-11-14,Sichuan,0.0617633773986461,Power
2019-11-15,Sichuan,0.06465582848944135,Power
2019-11-16,Sichuan,0.0625334869797521,Power
2019-11-17,Sichuan,0.06154643129612929,Power
2019-11-18,Sichuan,0.06387590234261058,Power
2019-11-19,Sichuan,0.06576264627490602,Power
2019-11-20,Sichuan,0.06941637203765502,Power
2019-11-21,Sichuan,0.06794928629009232,Power
2019-11-22,Sichuan,0.06576264627490602,Power
2019-11-23,Sichuan,0.06614549233817095,Power
2019-11-24,Sichuan,0.062159966653925675,Power
2019-11-25,Sichuan,0.06813825518029361,Power
2019-11-26,Sichuan,0.07069399806673021,Power
2019-11-27,Sichuan,0.07163982417430911,Power
2019-11-28,Sichuan,0.07190732559030834,Power
2019-11-29,Sichuan,0.07433839809204072,Power
2019-11-30,Sichuan,0.07199469302525853,Power
2019-11-01,Tianjin,0.1456135112819513,Power
2019-11-02,Tianjin,0.1496156973481074,Power
2019-11-03,Tianjin,0.14096809456662707,Power
2019-11-04,Tianjin,0.14422398406878695,Power
2019-11-05,Tianjin,0.1475034669731364,Power
2019-11-06,Tianjin,0.15226560894139848,Power
2019-11-07,Tianjin,0.15286041102817746,Power
2019-11-08,Tianjin,0.15490310295458978,Power
2019-11-09,Tianjin,0.15065504880245822,Power
2019-11-10,Tianjin,0.1457761815812583,Power
2019-11-11,Tianjin,0.152615784700212,Power
2019-11-12,Tianjin,0.15387616908033871,Power
2019-11-13,Tianjin,0.15189183978039536,Power
2019-11-14,Tianjin,0.1562566191854648,Power
2019-11-15,Tianjin,0.16357429913825966,Power
2019-11-16,Tianjin,0.1582049375031188,Power
2019-11-17,Tianjin,0.15570776214505494,Power
2019-11-18,Tianjin,0.16160114566040606,Power
2019-11-19,Tianjin,0.16637446345075796,Power
2019-11-20,Tianjin,0.17561811007702724,Power
2019-11-21,Tianjin,0.1719064953852058,Power
2019-11-22,Tianjin,0.16637446345075796,Power
2019-11-23,Tianjin,0.16734303469854006,Power
2019-11-24,Tianjin,0.15725995965752626,Power
2019-11-25,Tianjin,0.172384572219047,Power
2019-11-26,Tianjin,0.1788504061769976,Power
2019-11-27,Tianjin,0.18124327386222341,Power
2019-11-28,Tianjin,0.1819200319776609,Power
2019-11-29,Tianjin,0.18807045940107736,Power
2019-11-30,Tianjin,0.18214106490343682,Power
2019-11-01,Ningxia,0.2445653061927909,Power
2019-11-02,Ningxia,0.25128718146448015,Power
2019-11-03,Ningxia,0.23676309229536946,Power
2019-11-04,Ningxia,0.24223152448971297,Power
2019-11-05,Ningxia,0.24773958300430537,Power
2019-11-06,Ningxia,0.2557378429071686,Power
2019-11-07,Ningxia,0.2567368432966005,Power
2019-11-08,Ningxia,0.2601676483918313,Power
2019-11-09,Ningxia,0.2530328251512328,Power
2019-11-10,Ningxia,0.24483851924292782,Power
2019-11-11,Ningxia,0.25632598092349385,Power
2019-11-12,Ningxia,0.2584428606631043,Power
2019-11-13,Ningxia,0.2551100785705944,Power
2019-11-14,Ningxia,0.2624409478166347,Power
2019-11-15,Ningxia,0.27473136388119085,Power
2019-11-16,Ningxia,0.26571324763086995,Power
2019-11-17,Ningxia,0.2615191144718979,Power
2019-11-18,Ningxia,0.27141735215090407,Power
2019-11-19,Ningxia,0.27943438241599045,Power
2019-11-20,Ningxia,0.29495955757033565,Power
2019-11-21,Ningxia,0.2887257117164483,Power
2019-11-22,Ningxia,0.27943438241599045,Power
2019-11-23,Ningxia,0.28106114714199654,Power
2019-11-24,Ningxia,0.26412610922511276,Power
2019-11-25,Ningxia,0.2895286661004384,Power
2019-11-26,Ningxia,0.3003883634444303,Power
2019-11-27,Ningxia,0.30440730655598636,Power
2019-11-28,Ningxia,0.30554395626838804,Power
2019-11-29,Ningxia,0.3158739122785267,Power
2019-11-30,Ningxia,0.3059151923212458,Power
2019-11-01,Anhui,0.5013404784405436,Power
2019-11-02,Anhui,0.5151198170441549,Power
2019-11-03,Anhui,0.4853465269307361,Power
2019-11-04,Anhui,0.49655640152542074,Power
2019-11-05,Anhui,0.5078475070954293,Power
2019-11-06,Anhui,0.5242433381673651,Power
2019-11-07,Anhui,0.526291213808423,Power
2019-11-08,Anhui,0.533324106145668,Power
2019-11-09,Anhui,0.5186982552728929,Power
2019-11-10,Anhui,0.5019005446388288,Power
2019-11-11,Anhui,0.52544897685375,Power
2019-11-12,Anhui,0.5297884210618372,Power
2019-11-13,Anhui,0.5229564685056565,Power
2019-11-14,Anhui,0.5379841989405599,Power
2019-11-15,Anhui,0.5631786272344107,Power
2019-11-16,Anhui,0.5446921673765096,Power
2019-11-17,Anhui,0.5360945099356588,Power
2019-11-18,Anhui,0.5563851525086463,Power
2019-11-19,Anhui,0.5728194614109987,Power
2019-11-20,Anhui,0.6046449024799662,Power
2019-11-21,Anhui,0.591865987467185,Power
2019-11-22,Anhui,0.5728194614109987,Power
2019-11-23,Anhui,0.5761542067137653,Power
2019-11-24,Anhui,0.5414386530490669,Power
2019-11-25,Anhui,0.5935119835461147,Power
2019-11-26,Anhui,0.6157735460993272,Power
2019-11-27,Anhui,0.624012077122957,Power
2019-11-28,Anhui,0.6263421235204029,Power
2019-11-29,Anhui,0.6475177561929709,Power
2019-11-30,Anhui,0.6271031294997522,Power
2019-11-01,Shandong,1.203682257285387,Power
2019-11-02,Shandong,1.2367654534515657,Power
2019-11-03,Shandong,1.1652819355796236,Power
2019-11-04,Shandong,1.1921960343533502,Power
2019-11-05,Shandong,1.219305162828336,Power
2019-11-06,Shandong,1.2586703683192748,Power
2019-11-07,Shandong,1.2635871697352223,Power
2019-11-08,Shandong,1.280472635975795,Power
2019-11-09,Shandong,1.2453570250280759,Power
2019-11-10,Shandong,1.2050269357519614,Power
2019-11-11,Shandong,1.2615650196748014,Power
2019-11-12,Shandong,1.2719837116104735,Power
2019-11-13,Shandong,1.255580687262489,Power
2019-11-14,Shandong,1.2916611819953838,Power
2019-11-15,Shandong,1.3521511835489959,Power
2019-11-16,Shandong,1.3077665294309202,Power
2019-11-17,Shandong,1.287124175260835,Power
2019-11-18,Shandong,1.3358405416910812,Power
2019-11-19,Shandong,1.3752981296720903,Power
2019-11-20,Shandong,1.451708713681099,Power
2019-11-21,Shandong,1.4210274622567403,Power
2019-11-22,Shandong,1.3752981296720903,Power
2019-11-23,Shandong,1.3833046121448236,Power
2019-11-24,Shandong,1.299955076659446,Power
2019-11-25,Shandong,1.4249793798875126,Power
2019-11-26,Shandong,1.4784277827535672,Power
2019-11-27,Shandong,1.498207900349666,Power
2019-11-28,Shandong,1.5038021733594604,Power
2019-11-29,Shandong,1.554643337061317,Power
2019-11-30,Shandong,1.5056292937186224,Power
2019-11-01,Shanxi,0.5914304683935084,Power
2019-11-02,Shanxi,0.60768592957198,Power
2019-11-03,Shanxi,0.5725624323188383,Power
2019-11-04,Shanxi,0.5857867013880137,Power
2019-11-05,Shanxi,0.5991067984939222,Power
2019-11-06,Shanxi,0.6184489311713774,Power
2019-11-07,Shanxi,0.620864806413229,Power
2019-11-08,Shanxi,0.629161496961968,Power
2019-11-09,Shanxi,0.6119074067691195,Power
2019-11-10,Shanxi,0.5920911774888792,Power
2019-11-11,Shanxi,0.6198712209797327,Power
2019-11-12,Shanxi,0.6249904555736353,Power
2019-11-13,Shanxi,0.616930813326289,Power
2019-11-14,Shanxi,0.6346590001219227,Power
2019-11-15,Shanxi,0.6643808222518427,Power
2019-11-16,Shanxi,0.642572378523729,Power
2019-11-17,Shanxi,0.6324297373726567,Power
2019-11-18,Shanxi,0.6563665722324225,Power
2019-11-19,Shanxi,0.675754097137804,Power
2019-11-20,Shanxi,0.7132985132136778,Power
2019-11-21,Shanxi,0.6982232499612885,Power
2019-11-22,Shanxi,0.675754097137804,Power
2019-11-23,Shanxi,0.679688090224744,Power
2019-11-24,Shanxi,0.6387342134735221,Power
2019-11-25,Shanxi,0.700165028600355,Power
2019-11-26,Shanxi,0.7264269542461201,Power
2019-11-27,Shanxi,0.7361459346032143,Power
2019-11-28,Shanxi,0.7388946861831915,Power
2019-11-29,Shanxi,0.7638755422852609,Power
2019-11-30,Shanxi,0.7397924435799548,Power
2019-11-01,Guangdong,0.49585991356360065,Power
2019-11-02,Guangdong,0.5094886188901756,Power
2019-11-03,Guangdong,0.48004080508494196,Power
2019-11-04,Guangdong,0.4911281353257982,Power
2019-11-05,Guangdong,0.5022958085394142,Power
2019-11-06,Guangdong,0.5185124033043584,Power
2019-11-07,Guangdong,0.5205378919334087,Power
2019-11-08,Guangdong,0.5274939019434044,Power
2019-11-09,Guangdong,0.5130279382691217,Power
2019-11-10,Guangdong,0.4964138572178921,Power
2019-11-11,Guangdong,0.5197048621632148,Power
2019-11-12,Guangdong,0.5239968683395949,Power
2019-11-13,Guangdong,0.5172396014727422,Power
2019-11-14,Guangdong,0.5321030514333103,Power
2019-11-15,Guangdong,0.5570220587213978,Power
2019-11-16,Guangdong,0.5387376895522664,Power
2019-11-17,Guangdong,0.5302340201722658,Power
2019-11-18,Guangdong,0.5503028490521679,Power
2019-11-19,Guangdong,0.5665575010147352,Power
2019-11-20,Guangdong,0.5980350320265327,Power
2019-11-21,Guangdong,0.5853958138381579,Power
2019-11-22,Guangdong,0.5665575010147352,Power
2019-11-23,Guangdong,0.5698557914754018,Power
2019-11-24,Guangdong,0.5355197420643598,Power
2019-11-25,Guangdong,0.5870238161809228,Power
2019-11-26,Guangdong,0.6090420192946293,Power
2019-11-27,Guangdong,0.6171904881634812,Power
2019-11-28,Guangdong,0.6194950629084341,Power
2019-11-29,Guangdong,0.6404392073336671,Power
2019-11-30,Guangdong,0.6202477497058683,Power
2019-11-01,Guangxi,0.2112174111573022,Power
2019-11-02,Guangxi,0.2170227198296994,Power
2019-11-03,Guangxi,0.20447907428375647,Power
2019-11-04,Guangxi,0.2092018540972921,Power
2019-11-05,Guangxi,0.21395885695295488,Power
2019-11-06,Guangxi,0.22086650782439246,Power
2019-11-07,Guangxi,0.22172928872854328,Power
2019-11-08,Guangxi,0.22469228369165017,Power
2019-11-09,Guangxi,0.21853033489603402,Power
2019-11-10,Guangxi,0.2114533700267046,Power
2019-11-11,Guangxi,0.2213744498180679,Power
2019-11-12,Guangxi,0.22320268075275082,Power
2019-11-13,Guangxi,0.2203243427885899,Power
2019-11-14,Guangxi,0.22665560558209788,Power
2019-11-15,Guangxi,0.23727015227972018,Power
2019-11-16,Guangxi,0.2294817083766964,Power
2019-11-17,Guangxi,0.22585946954945763,Power
2019-11-18,Guangxi,0.23440802523025095,Power
2019-11-19,Guangxi,0.2413318870163803,Power
2019-11-20,Guangxi,0.25474011467921764,Power
2019-11-21,Guangxi,0.24935628978880647,Power
2019-11-22,Guangxi,0.2413318870163803,Power
2019-11-23,Guangxi,0.2427368329563337,Power
2019-11-24,Guangxi,0.22811098547887013,Power
2019-11-25,Guangxi,0.2500497566950655,Power
2019-11-26,Guangxi,0.25942867145062626,Power
2019-11-27,Guangxi,0.26289960840740856,Power
2019-11-28,Guangxi,0.2638812693526324,Power
2019-11-29,Guangxi,0.2728026760713365,Power
2019-11-30,Guangxi,0.26420188522098076,Power
2019-11-01,Xinjiang,0.5843271495794187,Power
2019-11-02,Xinjiang,0.6003873761032834,Power
2019-11-03,Xinjiang,0.5656857262391215,Power
2019-11-04,Xinjiang,0.578751166495272,Power
2019-11-05,Xinjiang,0.5919112838547281,Power
2019-11-06,Xinjiang,0.6110211097061153,Power
2019-11-07,Xinjiang,0.6134079693104997,Power
2019-11-08,Xinjiang,0.621605013254576,Power
2019-11-09,Xinjiang,0.6045581516541598,Power
2019-11-10,Xinjiang,0.5849799232916825,Power
2019-11-11,Xinjiang,0.6124263172393855,Power
2019-11-12,Xinjiang,0.6174840677580706,Power
2019-11-13,Xinjiang,0.6095212250695397,Power
2019-11-14,Xinjiang,0.6270364891810458,Power
2019-11-15,Xinjiang,0.6564013402220432,Power
2019-11-16,Xinjiang,0.6348548247119001,Power
2019-11-17,Xinjiang,0.6248340007778351,Power
2019-11-18,Xinjiang,0.648483344582446,Power
2019-11-19,Xinjiang,0.6676380174827675,Power
2019-11-20,Xinjiang,0.7047315099567509,Power
2019-11-21,Xinjiang,0.6898373067051744,Power
2019-11-22,Xinjiang,0.6676380174827675,Power
2019-11-23,Xinjiang,0.6715247617237275,Power
2019-11-24,Xinjiang,0.6310627575742456,Power
2019-11-25,Xinjiang,0.6917557637984688,Power
2019-11-26,Xinjiang,0.7177022731095961,Power
2019-11-27,Xinjiang,0.7273045245869424,Power
2019-11-28,Xinjiang,0.7300202625501774,Power
2019-11-29,Xinjiang,0.7547010884802741,Power
2019-11-30,Xinjiang,0.7309072375179861,Power
2019-11-01,Jiangsu,0.8202086108185942,Power
2019-11-02,Jiangsu,0.8427520372126139,Power
2019-11-03,Jiangsu,0.7940420088514741,Power
2019-11-04,Jiangsu,0.8123817122350049,Power
2019-11-05,Jiangsu,0.8308543120198657,Power
2019-11-06,Jiangsu,0.857678401446197,Power
2019-11-07,Jiangsu,0.8610287896691988,Power
2019-11-08,Jiangsu,0.8725348202053959,Power
2019-11-09,Jiangsu,0.8486064734185694,Power
2019-11-10,Jiangsu,0.8211248965330269,Power
2019-11-11,Jiangsu,0.8596508638238307,Power
2019-11-12,Jiangsu,0.8667503294738245,Power
2019-11-13,Jiangsu,0.8555730426672332,Power
2019-11-14,Jiangsu,0.880158876913271,Power
2019-11-15,Jiangsu,0.9213777449678655,Power
2019-11-16,Jiangsu,0.891133321844148,Power
2019-11-17,Jiangsu,0.8770672869454904,Power
2019-11-18,Jiangsu,0.9102634090882199,Power
2019-11-19,Jiangsu,0.937150449441497,Power
2019-11-20,Jiangsu,0.989217860573077,Power
2019-11-21,Jiangsu,0.9683111582796472,Power
2019-11-22,Jiangsu,0.937150449441497,Power
2019-11-23,Jiangsu,0.9426061964434626,Power
2019-11-24,Jiangsu,0.8858104712435124,Power
2019-11-25,Jiangsu,0.9710040590434379,Power
2019-11-26,Jiangsu,1.007424667555278,Power
2019-11-27,Jiangsu,1.0209031604691086,Power
2019-11-28,Jiangsu,1.0247151888230461,Power
2019-11-29,Jiangsu,1.0593591822855282,Power
2019-11-30,Jiangsu,1.0259602182670844,Power
2019-11-01,Jiangxi,0.20392406725391837,Power
2019-11-02,Jiangxi,0.20952891843381485,Power
2019-11-03,Jiangxi,0.19741840536623836,Power
2019-11-04,Jiangxi,0.20197810744308867,Power
2019-11-05,Jiangxi,0.20657085083933646,Power
2019-11-06,Jiangxi,0.2132399803071934,Power
2019-11-07,Jiangxi,0.2140729693593716,Power
2019-11-08,Jiangxi,0.21693365201246803,Power
2019-11-09,Jiangxi,0.21098447550411376,Power
2019-11-10,Jiangxi,0.20415187845607985,Power
2019-11-11,Jiangxi,0.2137303830477242,Power
2019-11-12,Jiangxi,0.21549548511027303,Power
2019-11-13,Jiangxi,0.2127165362472651,Power
2019-11-14,Jiangxi,0.21882918033579635,Power
2019-11-15,Jiangxi,0.22907720639944196,Power
2019-11-16,Jiangxi,0.22155769771130282,Power
2019-11-17,Jiangxi,0.21806053490560265,Power
2019-11-18,Jiangxi,0.22631390868772752,Power
2019-11-19,Jiangxi,0.23299868930687803,Power
2019-11-20,Jiangxi,0.2459439304434431,Power
2019-11-21,Jiangxi,0.24074600919717862,Power
2019-11-22,Jiangxi,0.23299868930687803,Power
2019-11-23,Jiangxi,0.2343551224189845,Power
2019-11-24,Jiangxi,0.22023430591859383,Power
2019-11-25,Jiangxi,0.2414155306691799,Power
2019-11-26,Jiangxi,0.250470591200896,Power
2019-11-27,Jiangxi,0.25382167659452315,Power
2019-11-28,Jiangxi,0.25476944075618735,Power
2019-11-29,Jiangxi,0.2633827910180636,Power
2019-11-30,Jiangxi,0.25507898574843724,Power
2019-11-01,Hebei,0.6950031908725797,Power
2019-11-02,Hebei,0.7141053474098147,Power
2019-11-03,Hebei,0.6728309390557021,Power
2019-11-04,Hebei,0.6883710738495682,Power
2019-11-05,Hebei,0.7040238183158536,Power
2019-11-06,Hebei,0.7267531916699634,Power
2019-11-07,Hebei,0.729592140779903,Power
2019-11-08,Hebei,0.7393417676814705,Power
2019-11-09,Hebei,0.7190660998211289,Power
2019-11-10,Hebei,0.6957796049297865,Power
2019-11-11,Hebei,0.7284245562816607,Power
2019-11-12,Hebei,0.7344402835187979,Power
2019-11-13,Hebei,0.7249692173858469,Power
2019-11-14,Hebei,0.7458020067834209,Power
2019-11-15,Hebei,0.7807287857080023,Power
2019-11-16,Hebei,0.7551011949953108,Power
2019-11-17,Hebei,0.7431823501934557,Power
2019-11-18,Hebei,0.7713110609988285,Power
2019-11-19,Hebei,0.7940937757767161,Power
2019-11-20,Hebei,0.8382130600656323,Power
2019-11-21,Hebei,0.8204977805466144,Power
2019-11-22,Hebei,0.7940937757767161,Power
2019-11-23,Hebei,0.7987166991707723,Power
2019-11-24,Hebei,0.750590881273674,Power
2019-11-25,Hebei,0.8227796081193216,Power
2019-11-26,Hebei,0.8536405851870792,Power
2019-11-27,Hebei,0.8650615767003438,Power
2019-11-28,Hebei,0.868291696251319,Power
2019-11-29,Hebei,0.8976472598035762,Power
2019-11-30,Hebei,0.869346671077142,Power
2019-11-01,Henan,0.48127020948557425,Power
2019-11-02,Henan,0.494497916924959,Power
2019-11-03,Henan,0.46591654720486125,Power
2019-11-04,Henan,0.476677654529114,Power
2019-11-05,Henan,0.48751674089194835,Power
2019-11-06,Henan,0.5032561942056437,Power
2019-11-07,Henan,0.5052220868098836,Power
2019-11-08,Henan,0.5119734298870751,Power
2019-11-09,Henan,0.49793309878247216,Power
2019-11-10,Henan,0.4818078544357944,Power
2019-11-11,Henan,0.5044135673045909,Power
2019-11-12,Henan,0.5085792896288153,Power
2019-11-13,Henan,0.502020842068115,Power
2019-11-14,Henan,0.5164469642057004,Power
2019-11-15,Henan,0.5406327786457543,Power
2019-11-16,Henan,0.5228863911285655,Power
2019-11-17,Henan,0.5146329255186982,Power
2019-11-18,Henan,0.5341112685243821,Power
2019-11-19,Henan,0.5498876592774057,Power
2019-11-20,Henan,0.5804390257616686,Power
2019-11-21,Henan,0.5681716917448145,Power
2019-11-22,Henan,0.5498876592774057,Power
2019-11-23,Henan,0.5530889040191742,Power
2019-11-24,Henan,0.5197631254253785,Power
2019-11-25,Henan,0.5697517933160721,Power
2019-11-26,Henan,0.5911221540473399,Power
2019-11-27,Henan,0.5990308702234783,Power
2019-11-28,Henan,0.601267637382791,Power
2019-11-29,Henan,0.6215955414930213,Power
2019-11-30,Henan,0.6019981778495023,Power
2019-11-01,Zhejiang,0.40963678336420833,Power
2019-11-02,Zhejiang,0.42089564672195534,Power
2019-11-03,Zhejiang,0.39656839744384487,Power
2019-11-04,Zhejiang,0.4057277954345407,Power
2019-11-05,Zhejiang,0.4149535658744445,Power
2019-11-06,Zhejiang,0.4283503207540473,Power
2019-11-07,Zhejiang,0.4300236051314474,Power
2019-11-08,Zhejiang,0.43577006191813494,Power
2019-11-09,Zhejiang,0.4238195277739052,Power
2019-11-10,Zhejiang,0.4100944039350631,Power
2019-11-11,Zhejiang,0.4293354276317651,Power
2019-11-12,Zhejiang,0.43288111373418925,Power
2019-11-13,Zhejiang,0.42729884142712143,Power
2019-11-14,Zhejiang,0.4395777445305905,Power
2019-11-15,Zhejiang,0.46016368364545335,Power
2019-11-16,Zhejiang,0.4450587115204461,Power
2019-11-17,Zhejiang,0.43803371176480577,Power
2019-11-18,Zhejiang,0.45461285091958914,Power
2019-11-19,Zhejiang,0.46804104538039576,Power
2019-11-20,Zhejiang,0.4940450723227068,Power
2019-11-21,Zhejiang,0.48360363807625767,Power
2019-11-22,Zhejiang,0.46804104538039576,Power
2019-11-23,Zhejiang,0.4707658090847217,Power
2019-11-24,Zhejiang,0.44240032026532816,Power
2019-11-25,Zhejiang,0.48494855349441857,Power
2019-11-26,Zhejiang,0.5031380978641947,Power
2019-11-27,Zhejiang,0.5098696615286,Power
2019-11-28,Zhejiang,0.5117735028348278,Power
2019-11-29,Zhejiang,0.5290757523572979,Power
2019-11-30,Zhejiang,0.5123953078853022,Power
2019-11-01,Hainan,0.030132549873781868,Power
2019-11-02,Hainan,0.030960742739820885,Power
2019-11-03,Hainan,0.02917124999421254,Power
2019-11-04,Hainan,0.029845007888954795,Power
2019-11-05,Hainan,0.030523648087282144,Power
2019-11-06,Hainan,0.031509102521430334,Power
2019-11-07,Hainan,0.031632187964443885,Power
2019-11-08,Hainan,0.03205489266957395,Power
2019-11-09,Hainan,0.031175821060911376,Power
2019-11-10,Hainan,0.030166212072184322,Power
2019-11-11,Hainan,0.031581566185166915,Power
2019-11-12,Hainan,0.03184238398194929,Power
2019-11-13,Hainan,0.03143175655410866,Power
2019-11-14,Hainan,0.0323349827173501,Power
2019-11-15,Hainan,0.03384926771876738,Power
2019-11-16,Hainan,0.03273815820813979,Power
2019-11-17,Hainan,0.03222140491816014,Power
2019-11-18,Hainan,0.033440952961046,Power
2019-11-19,Hainan,0.034428720065313445,Power
2019-11-20,Hainan,0.036341555217281926,Power
2019-11-21,Hainan,0.035573491774343484,Power
2019-11-22,Hainan,0.034428720065313445,Power
2019-11-23,Hainan,0.03462915147564867,Power
2019-11-24,Hainan,0.03254260910138967,Power
2019-11-25,Hainan,0.03567242266277818,Power
2019-11-26,Hainan,0.037010430808439104,Power
2019-11-27,Hainan,0.03750559917730574,Power
2019-11-28,Hainan,0.03764564420119382,Power
2019-11-29,Hainan,0.03891838365682249,Power
2019-11-30,Hainan,0.037691383676885695,Power
2019-11-01,Hubei,0.25248905078922984,Power
2019-11-02,Hubei,0.25942871011087754,Power
2019-11-03,Hubei,0.2444340506271809,Power
2019-11-04,Hubei,0.25007965619384553,Power
2019-11-05,Hubei,0.2557661719457759,Power
2019-11-06,Hubei,0.2640235698665077,Power
2019-11-07,Hubei,0.2650549371687321,Power
2019-11-08,Hubei,0.26859689794568226,Power
2019-11-09,Hubei,0.26123091143021326,Power
2019-11-10,Hubei,0.2527711157507985,Power
2019-11-11,Hubei,0.2646307631425563,Power
2019-11-12,Hubei,0.2668162283028021,Power
2019-11-13,Hubei,0.2633754664051934,Power
2019-11-14,Hubei,0.2709438506793453,Power
2019-11-15,Hubei,0.2836324676146445,Power
2019-11-16,Hubei,0.2743221707152326,Power
2019-11-17,Hubei,0.2699921505800067,Power
2019-11-18,Hubei,0.2802110842258458,Power
2019-11-19,Hubei,0.28848786065538773,Power
2019-11-20,Hubei,0.3045160406089542,Power
2019-11-21,Hubei,0.29808022251636823,Power
2019-11-22,Hubei,0.28848786065538773,Power
2019-11-23,Hubei,0.29016733141892637,Power
2019-11-24,Hubei,0.2726836101369597,Power
2019-11-25,Hubei,0.2989091920599098,Power
2019-11-26,Hubei,0.3101207359903532,Power
2019-11-27,Hubei,0.314269890043352,Power
2019-11-28,Hubei,0.3154433664101835,Power
2019-11-29,Hubei,0.32610800575865406,Power
2019-11-30,Hubei,0.3158266302510936,Power
2019-11-01,Hunan,0.20815891210104445,Power
2019-11-02,Hunan,0.21388015795400586,Power
2019-11-03,Hunan,0.20151814860866823,Power
2019-11-04,Hunan,0.20617254098423904,Power
2019-11-05,Hunan,0.2108606608407923,Power
2019-11-06,Hunan,0.21766828660750254,Power
2019-11-07,Hunan,0.2185185741543745,Power
2019-11-08,Hunan,0.22143866395521894,Power
2019-11-09,Hunan,0.2153659422478094,Power
2019-11-10,Hunan,0.2083914542067652,Power
2019-11-11,Hunan,0.21816887343050442,Power
2019-11-12,Hunan,0.2199706309671956,Power
2019-11-13,Hunan,0.21713397230351822,Power
2019-11-14,Hunan,0.22337355628526173,Power
2019-11-15,Hunan,0.23383440078153897,Power
2019-11-16,Hunan,0.22615873616217652,Power
2019-11-17,Hunan,0.2225889485697765,Power
2019-11-18,Hunan,0.23101371829306372,Power
2019-11-19,Hunan,0.2378373202349761,Power
2019-11-20,Hunan,0.2510513922577638,Power
2019-11-21,Hunan,0.2457455269600593,Power
2019-11-22,Hunan,0.2378373202349761,Power
2019-11-23,Hunan,0.23922192208583243,Power
2019-11-24,Hunan,0.22480786179230264,Power
2019-11-25,Hunan,0.24642895223259736,Power
2019-11-26,Hunan,0.25567205715235225,Power
2019-11-27,Hunan,0.25909273377619857,Power
2019-11-28,Hunan,0.26006017994121994,Power
2019-11-29,Hunan,0.26885240169415753,Power
2019-11-30,Hunan,0.2603761531841077,Power
2019-11-01,Gansu,0.21337102883596887,Power
2019-11-02,Gansu,0.21923552967116408,Power
2019-11-03,Gansu,0.20656398644550497,Power
2019-11-04,Gansu,0.21133492072719337,Power
2019-11-05,Gansu,0.2161404269964303,Power
2019-11-06,Gansu,0.2231185097463445,Power
2019-11-07,Gansu,0.22399008774822424,Power
2019-11-08,Gansu,0.2269832940386047,Power
2019-11-09,Gansu,0.22075851670158864,Power
2019-11-10,Gansu,0.21360939359222408,Power
2019-11-11,Gansu,0.22363163082469545,Power
2019-11-12,Gansu,0.22547850279110035,Power
2019-11-13,Gansu,0.2225708166804451,Power
2019-11-14,Gansu,0.22896663437691148,Power
2019-11-15,Gansu,0.23968940925181226,Power
2019-11-16,Gansu,0.23182155271709798,Power
2019-11-17,Gansu,0.22816238077183662,Power
2019-11-18,Gansu,0.23679809934578516,Power
2019-11-19,Gansu,0.24379255830032762,Power
2019-11-20,Gansu,0.2573374991061585,Power
2019-11-21,Gansu,0.2518987795912971,Power
2019-11-22,Gansu,0.24379255830032762,Power
2019-11-23,Gansu,0.24521182936810676,Power
2019-11-24,Gansu,0.23043685363686733,Power
2019-11-25,Gansu,0.25259931723372653,Power
2019-11-26,Gansu,0.2620738614002985,Power
2019-11-27,Gansu,0.26558018876902983,Power
2019-11-28,Gansu,0.2665718589381832,Power
2019-11-29,Gansu,0.27558423021858086,Power
2019-11-30,Gansu,0.26689574387416354,Power
2019-11-01,Fujian,0.22327947992059086,Power
2019-11-02,Fujian,0.22941631444597008,Power
2019-11-03,Fujian,0.2161563344165749,Power
2019-11-04,Fujian,0.22114881971770556,Power
2019-11-05,Fujian,0.22617748244855462,Power
2019-11-06,Fujian,0.23347961102591397,Power
2019-11-07,Fujian,0.23439166306986572,Power
2019-11-08,Fujian,0.23752386685337454,Power
2019-11-09,Fujian,0.2310100254288253,Power
2019-11-10,Fujian,0.22352891377812256,Power
2019-11-11,Fujian,0.23401656024594406,Power
2019-11-12,Fujian,0.23594919662300262,Power
2019-11-13,Fujian,0.23290648437616554,Power
2019-11-14,Fujian,0.23959930887405817,Power
2019-11-15,Fujian,0.250820024312488,Power
2019-11-16,Fujian,0.24258680293869353,Power
2019-11-17,Fujian,0.2387577076142947,Power
2019-11-18,Fujian,0.2477944487428859,Power
2019-11-19,Fujian,0.2551137139974803,Power
2019-11-20,Fujian,0.26928765014607553,Power
2019-11-21,Fujian,0.26359636922880647,Power
2019-11-22,Fujian,0.2551137139974803,Power
2019-11-23,Fujian,0.25659889269118047,Power
2019-11-24,Fujian,0.24113780167471172,Power
2019-11-25,Fujian,0.2643294381994149,Power
2019-11-26,Fujian,0.27424395801748797,Power
2019-11-27,Fujian,0.2779131110210268,Power
2019-11-28,Fujian,0.27895083203136856,Power
2019-11-29,Fujian,0.28838171673636487,Power
2019-11-30,Fujian,0.27928975742557194,Power
2019-11-01,Tibet,0.000941076632694689,Power
2019-11-02,Tibet,0.0009669421155980095,Power
2019-11-03,Tibet,0.0009110540538733045,Power
2019-11-04,Tibet,0.0009320963424778675,Power
2019-11-05,Tibet,0.0009532911114346375,Power
2019-11-06,Tibet,0.0009840680667353619,Power
2019-11-07,Tibet,0.0009879121766673165,Power
2019-11-08,Tibet,0.001001113765055763,Power
2019-11-09,Tibet,0.0009736592763768117,Power
2019-11-10,Tibet,0.0009421279445967476,Power
2019-11-11,Tibet,0.0009863311961733812,Power
2019-11-12,Tibet,0.0009944768570939117,Power
2019-11-13,Tibet,0.0009816524569451353,Power
2019-11-14,Tibet,0.0010098613221034265,Power
2019-11-15,Tibet,0.001057154307132675,Power
2019-11-16,Tibet,0.0010224529890830447,Power
2019-11-17,Tibet,0.0010063141475941905,Power
2019-11-18,Tibet,0.0010444021345191543,Power
2019-11-19,Tibet,0.0010752513173551347,Power
2019-11-20,Tibet,0.0011349915142934896,Power
2019-11-21,Tibet,0.0011110039473068236,Power
2019-11-22,Tibet,0.0010752513173551347,Power
2019-11-23,Tibet,0.0010815110370773159,Power
2019-11-24,Tibet,0.0010163457497130706,Power
2019-11-25,Tibet,0.0011140936807594386,Power
2019-11-26,Tibet,0.0011558813225458458,Power
2019-11-27,Tibet,0.0011713460403723114,Power
2019-11-28,Tibet,0.0011757198188961432,Power
2019-11-29,Tibet,0.001215469039131994,Power
2019-11-30,Tibet,0.0011771483190378717,Power
2019-11-01,Guizhou,0.24844423103139787,Power
2019-11-02,Guizhou,0.25527271851787453,Power
2019-11-03,Guizhou,0.24051827022255237,Power
2019-11-04,Guizhou,0.246073434414157,Power
2019-11-05,Guizhou,0.2516688534187443,Power
2019-11-06,Guizhou,0.2597939696181355,Power
2019-11-07,Guizhou,0.2608088146401716,Power
2019-11-08,Guizhou,0.2642940339747214,Power
2019-11-09,Guizhou,0.2570460489634783,Power
2019-11-10,Guizhou,0.24872177737354137,Power
2019-11-11,Guizhou,0.26039143578977264,Power
2019-11-12,Guizhou,0.2625418902727927,Power
2019-11-13,Guizhou,0.2591562486335157,Power
2019-11-14,Guizhou,0.26660338903530456,Power
2019-11-15,Guizhou,0.2790887370830262,Power
2019-11-16,Guizhou,0.2699275891179238,Power
2019-11-17,Guizhou,0.26566693496486626,Power
2019-11-18,Guizhou,0.27572216351305673,Power
2019-11-19,Guizhou,0.28386634778175557,Power
2019-11-20,Guizhou,0.2996377597734812,Power
2019-11-21,Guizhou,0.29330504208900143,Power
2019-11-22,Guizhou,0.28386634778175557,Power
2019-11-23,Guizhou,0.2855189137884114,Power
2019-11-24,Guizhou,0.26831527792425064,Power
2019-11-25,Guizhou,0.2941207317204918,Power
2019-11-26,Guizhou,0.3051526691521033,Power
2019-11-27,Guizhou,0.3092353546582902,Power
2019-11-28,Guizhou,0.3103900321885818,Power
2019-11-29,Guizhou,0.3208838263308464,Power
2019-11-30,Guizhou,0.3107671562259981,Power
2019-11-01,Liaoning,0.3627971069888371,Power
2019-11-02,Liaoning,0.3727685822568224,Power
2019-11-03,Liaoning,0.3512230179483367,Power
2019-11-04,Liaoning,0.3593350899783266,Power
2019-11-05,Liaoning,0.36750594513896856,Power
2019-11-06,Liaoning,0.3793708559837478,Power
2019-11-07,Liaoning,0.380852809645977,Power
2019-11-08,Liaoning,0.3859421912208563,Power
2019-11-09,Liaoning,0.3753581338544965,Power
2019-11-10,Liaoning,0.36320240120543845,Power
2019-11-11,Liaoning,0.38024332139658423,Power
2019-11-12,Liaoning,0.383383578112999,Power
2019-11-13,Liaoning,0.37843960744025923,Power
2019-11-14,Liaoning,0.38931448661089785,Power
2019-11-15,Liaoning,0.407546538659994,Power
2019-11-16,Liaoning,0.3941687356631686,Power
2019-11-17,Liaoning,0.3879470053609911,Power
2019-11-18,Liaoning,0.40263041262808935,Power
2019-11-19,Liaoning,0.4145231681137038,Power
2019-11-20,Liaoning,0.4375537799334004,Power
2019-11-21,Liaoning,0.42830626532713056,Power
2019-11-22,Liaoning,0.4145231681137038,Power
2019-11-23,Liaoning,0.4169363703194216,Power
2019-11-24,Liaoning,0.39181431658810295,Power
2019-11-25,Liaoning,0.429497397185081,Power
2019-11-26,Liaoning,0.44560706883273826,Power
2019-11-27,Liaoning,0.4515689158204539,Power
2019-11-28,Liaoning,0.4532550635154747,Power
2019-11-29,Liaoning,0.4685788975217827,Power
2019-11-30,Liaoning,0.45380576863421535,Power
2019-11-01,Chongqing,0.08152377957843605,Power
2019-11-02,Chongqing,0.083764459937125,Power
2019-11-03,Chongqing,0.07892297746181945,Power
2019-11-04,Chongqing,0.08074583315542243,Power
2019-11-05,Chongqing,0.08258189794825442,Power
2019-11-06,Chongqing,0.08524805034526717,Power
2019-11-07,Chongqing,0.08558105868898791,Power
2019-11-08,Chongqing,0.08672468859592038,Power
2019-11-09,Chongqing,0.08434635551895021,Power
2019-11-10,Chongqing,0.08161485284154131,Power
2019-11-11,Chongqing,0.08544410118645558,Power
2019-11-12,Chongqing,0.08614974517158411,Power
2019-11-13,Chongqing,0.08503879040484973,Power
2019-11-14,Chongqing,0.08748247376221605,Power
2019-11-15,Chongqing,0.09157938017045492,Power
2019-11-16,Chongqing,0.08857326727223246,Power
2019-11-17,Chongqing,0.08717518840120442,Power
2019-11-18,Chongqing,0.09047468234546058,Power
2019-11-19,Chongqing,0.09314709168421338,Power
2019-11-20,Chongqing,0.09832227771898856,Power
2019-11-21,Chongqing,0.0962442778455411,Power
2019-11-22,Chongqing,0.09314709168421338,Power
2019-11-23,Chongqing,0.09368935996835157,Power
2019-11-24,Chongqing,0.0880442080873233,Power
2019-11-25,Chongqing,0.09651193590886571,Power
2019-11-26,Chongqing,0.10013192431336256,Power
2019-11-27,Chongqing,0.10147160506148342,Power
2019-11-28,Chongqing,0.10185049764463126,Power
2019-11-29,Chongqing,0.10529390124890874,Power
2019-11-30,Chongqing,0.10197424604793458,Power
2019-11-01,Shaanxi,0.44512924726458786,Power
2019-11-02,Shaanxi,0.4573636206778585,Power
2019-11-03,Shaanxi,0.430928567482073,Power
2019-11-04,Shaanxi,0.44088156999203126,Power
2019-11-05,Shaanxi,0.4509066957085835,Power
2019-11-06,Shaanxi,0.46546419556582613,Power
2019-11-07,Shaanxi,0.4672824595636407,Power
2019-11-08,Shaanxi,0.4735268108713759,Power
2019-11-09,Shaanxi,0.46054083772623194,Power
2019-11-10,Shaanxi,0.4456265177942616,Power
2019-11-11,Shaanxi,0.46653465579000925,Power
2019-11-12,Shaanxi,0.4703875534054202,Power
2019-11-13,Shaanxi,0.464321612135049,Power
2019-11-14,Shaanxi,0.47766440535492066,Power
2019-11-15,Shaanxi,0.5000339872737553,Power
2019-11-16,Shaanxi,0.4836202638362801,Power
2019-11-17,Shaanxi,0.47598659181205205,Power
2019-11-18,Shaanxi,0.49400220962756,Power
2019-11-19,Shaanxi,0.5085938731089786,Power
2019-11-20,Shaanxi,0.5368509862608205,Power
2019-11-21,Shaanxi,0.5255048670761275,Power
2019-11-22,Shaanxi,0.5085938731089786,Power
2019-11-23,Shaanxi,0.5115547205375703,Power
2019-11-24,Shaanxi,0.4807315396142824,Power
2019-11-25,Shaanxi,0.5269663109992144,Power
2019-11-26,Shaanxi,0.5467318655641851,Power
2019-11-27,Shaanxi,0.5540466770961032,Power
2019-11-28,Shaanxi,0.5561154743378757,Power
2019-11-29,Shaanxi,0.5749168555094331,Power
2019-11-30,Shaanxi,0.5567911549049133,Power
2019-11-01,Qinghai,0.06646353718406241,Power
2019-11-02,Qinghai,0.06829028691410942,Power
2019-11-03,Qinghai,0.06434319255480213,Power
2019-11-04,Qinghai,0.06582930418749938,Power
2019-11-05,Qinghai,0.06732618474507127,Power
2019-11-06,Qinghai,0.06949980721318492,Power
2019-11-07,Qinghai,0.06977129747712922,Power
2019-11-08,Qinghai,0.07070365965706325,Power
2019-11-09,Qinghai,0.06876468639411233,Power
2019-11-10,Qinghai,0.06653778608714529,Power
2019-11-11,Qinghai,0.06965964072974504,Power
2019-11-12,Qinghai,0.0702349280322575,Power
2019-11-13,Qinghai,0.06932920477175018,Power
2019-11-14,Qinghai,0.07132145587355448,Power
2019-11-15,Qinghai,0.07466152294124516,Power
2019-11-16,Qinghai,0.07221074235399003,Power
2019-11-17,Qinghai,0.0710709366738397,Power
2019-11-18,Qinghai,0.07376090075041528,Power
2019-11-19,Qinghai,0.07593962428820639,Power
2019-11-20,Qinghai,0.0801587756969777,Power
2019-11-21,Qinghai,0.0784646537785444,Power
2019-11-22,Qinghai,0.07593962428820639,Power
2019-11-23,Qinghai,0.07638171699358542,Power
2019-11-24,Qinghai,0.0717794185734856,Power
2019-11-25,Qinghai,0.07868286620363535,Power
2019-11-26,Qinghai,0.08163411840480035,Power
2019-11-27,Qinghai,0.08272631410129448,Power
2019-11-28,Qinghai,0.0830352122095401,Power
2019-11-29,Qinghai,0.08584250088869706,Power
2019-11-30,Qinghai,0.08313610003204967,Power
2019-11-01,Heilongjiang,0.1836969521934998,Power
2019-11-02,Heilongjiang,0.18874586129535245,Power
2019-11-03,Heilongjiang,0.17783658329805122,Power
2019-11-04,Heilongjiang,0.18194401105636882,Power
2019-11-05,Heilongjiang,0.18608120278394963,Power
2019-11-06,Heilongjiang,0.192088825001016,Power
2019-11-07,Heilongjiang,0.1928391903313875,Power
2019-11-08,Heilongjiang,0.19541612345969894,Power
2019-11-09,Heilongjiang,0.19005704246763006,Power
2019-11-10,Heilongjiang,0.18390216692894587,Power
2019-11-11,Heilongjiang,0.1925305849658694,Power
2019-11-12,Heilongjiang,0.1941206075344019,Power
2019-11-13,Heilongjiang,0.19161730106689945,Power
2019-11-14,Heilongjiang,0.1971236353805861,Power
2019-11-15,Heilongjiang,0.20635516542626334,Power
2019-11-16,Heilongjiang,0.1995815126318448,Power
2019-11-17,Heilongjiang,0.19643123146404287,Power
2019-11-18,Heilongjiang,0.20386595768104335,Power
2019-11-19,Heilongjiang,0.20988767862039232,Power
2019-11-20,Heilongjiang,0.2215488884727631,Power
2019-11-21,Heilongjiang,0.2168665461502569,Power
2019-11-22,Heilongjiang,0.20988767862039232,Power
2019-11-23,Heilongjiang,0.21110956788488036,Power
2019-11-24,Heilongjiang,0.19838938733661993,Power
2019-11-25,Heilongjiang,0.21746965815901065,Power
2019-11-26,Heilongjiang,0.2256265522618176,Power
2019-11-27,Heilongjiang,0.22864524535498235,Power
2019-11-28,Heilongjiang,0.22949900131542594,Power
2019-11-29,Heilongjiang,0.23725799814492524,Power
2019-11-30,Heilongjiang,0.22977784271168092,Power
2019-12-01,Shanghai,0.14270957418015254,Power
2019-12-02,Shanghai,0.14635912770150872,Power
2019-12-03,Shanghai,0.14885064981704998,Power
2019-12-04,Shanghai,0.151411353029562,Power
2019-12-05,Shanghai,0.15469093807581366,Power
2019-12-06,Shanghai,0.1559271741999434,Power
2019-12-07,Shanghai,0.15287117443810444,Power
2019-12-08,Shanghai,0.14529835088129037,Power
2019-12-09,Shanghai,0.15200490678907927,Power
2019-12-10,Shanghai,0.15241297499874737,Power
2019-12-11,Shanghai,0.15307570985523541,Power
2019-12-12,Shanghai,0.15541082253414712,Power
2019-12-13,Shanghai,0.15252025583028175,Power
2019-12-14,Shanghai,0.15027237149102884,Power
2019-12-15,Shanghai,0.1509441299688609,Power
2019-12-16,Shanghai,0.1496006130131968,Power
2019-12-17,Shanghai,0.15563541044315365,Power
2019-12-18,Shanghai,0.1618647170443037,Power
2019-12-19,Shanghai,0.1621073521959982,Power
2019-12-20,Shanghai,0.15956770409995555,Power
2019-12-21,Shanghai,0.15975218702521093,Power
2019-12-22,Shanghai,0.15926591409722804,Power
2019-12-23,Shanghai,0.1621274046878738,Power
2019-12-24,Shanghai,0.16108567773493726,Power
2019-12-25,Shanghai,0.15895409784856274,Power
2019-12-26,Shanghai,0.15646257573302147,Power
2019-12-27,Shanghai,0.15747522657273844,Power
2019-12-28,Shanghai,0.1553626965536457,Power
2019-12-29,Shanghai,0.1519166758248267,Power
2019-12-30,Shanghai,0.1501460407922127,Power
2019-12-31,Shanghai,0.15631619254232973,Power
2019-12-01,Yunnan,0.08257185988497408,Power
2019-12-02,Yunnan,0.08468349411651989,Power
2019-12-03,Yunnan,0.08612509056305599,Power
2019-12-04,Yunnan,0.08760671524090434,Power
2019-12-05,Yunnan,0.08950428545282367,Power
2019-12-06,Yunnan,0.09021957254279511,Power
2019-12-07,Yunnan,0.08845136893352266,Power
2019-12-08,Yunnan,0.08406972790306509,Power
2019-12-09,Yunnan,0.08795014586317773,Power
2019-12-10,Yunnan,0.08818625441599068,Power
2019-12-11,Yunnan,0.08856971326957634,Power
2019-12-12,Yunnan,0.08992081110618903,Power
2019-12-13,Yunnan,0.08824832718048942,Power
2019-12-14,Yunnan,0.08694769972248785,Power
2019-12-15,Yunnan,0.08733637964972292,Power
2019-12-16,Yunnan,0.08655901979525275,Power
2019-12-17,Yunnan,0.09005075782813032,Power
2019-12-18,Yunnan,0.09365503900411774,Power
2019-12-19,Yunnan,0.09379542787335785,Power
2019-12-20,Yunnan,0.09232598570069149,Power
2019-12-21,Yunnan,0.09243272765085754,Power
2019-12-22,Yunnan,0.09215136979308289,Power
2019-12-23,Yunnan,0.09380703025924547,Power
2019-12-24,Yunnan,0.09320428631238392,Power
2019-12-25,Yunnan,0.0919709526925305,Power
2019-12-26,Yunnan,0.0905293562459944,Power
2019-12-27,Yunnan,0.09111527673331893,Power
2019-12-28,Yunnan,0.08989296538005875,Power
2019-12-29,Yunnan,0.08789909536527223,Power
2019-12-30,Yunnan,0.08687460469139588,Power
2019-12-31,Yunnan,0.09044465882901483,Power
2019-12-01,InnerMongolia,0.9953025964379405,Power
2019-12-02,InnerMongolia,1.0207557597348864,Power
2019-12-03,InnerMongolia,1.0381324385241477,Power
2019-12-04,InnerMongolia,1.0559916085956862,Power
2019-12-05,InnerMongolia,1.0788644924265405,Power
2019-12-06,InnerMongolia,1.0874864018620172,Power
2019-12-07,InnerMongolia,1.0661728739144645,Power
2019-12-08,InnerMongolia,1.0133575600733016,Power
2019-12-09,InnerMongolia,1.0601312439450796,Power
2019-12-10,InnerMongolia,1.0629772432477875,Power
2019-12-11,InnerMongolia,1.0675993698794584,Power
2019-12-12,InnerMongolia,1.0838851988131362,Power
2019-12-13,InnerMongolia,1.0637254543666814,Power
2019-12-14,InnerMongolia,1.0480479840063097,Power
2019-12-15,InnerMongolia,1.0527330442834948,Power
2019-12-16,InnerMongolia,1.0433629237291244,Power
2019-12-17,InnerMongolia,1.0854515473237174,Power
2019-12-18,InnerMongolia,1.1288967406105102,Power
2019-12-19,InnerMongolia,1.13058895641212,Power
2019-12-20,InnerMongolia,1.1128766315134486,Power
2019-12-21,InnerMongolia,1.1141632749328547,Power
2019-12-22,InnerMongolia,1.110771850702355,Power
2019-12-23,InnerMongolia,1.1307288089577077,Power
2019-12-24,InnerMongolia,1.1234634692144314,Power
2019-12-25,InnerMongolia,1.1085971436184678,Power
2019-12-26,InnerMongolia,1.0912204648292063,Power
2019-12-27,InnerMongolia,1.098283018381381,Power
2019-12-28,InnerMongolia,1.0835495527037258,Power
2019-12-29,InnerMongolia,1.059515892744494,Power
2019-12-30,InnerMongolia,1.0471669129691077,Power
2019-12-31,InnerMongolia,1.090199541246417,Power
2019-12-01,Beijing,0.08318657576572668,Power
2019-12-02,Beijing,0.08531393030559883,Power
2019-12-03,Beijing,0.08676625888570388,Power
2019-12-04,Beijing,0.08825891369197682,Power
2019-12-05,Beijing,0.09017061058755975,Power
2019-12-06,Beijing,0.09089122271603843,Power
2019-12-07,Beijing,0.08910985550792568,Power
2019-12-08,Beijing,0.08469559483769094,Power
2019-12-09,Beijing,0.08860490102373626,Power
2019-12-10,Beijing,0.08884276731432085,Power
2019-12-11,Beijing,0.0892290808722482,Power
2019-12-12,Beijing,0.09059023711493015,Power
2019-12-13,Beijing,0.08890530218678414,Power
2019-12-14,Beijing,0.08759499205535738,Power
2019-12-15,Beijing,0.08798656555582834,Power
2019-12-16,Beijing,0.08720341855488639,Power
2019-12-17,Beijing,0.09072115124046075,Power
2019-12-18,Beijing,0.09435226490975356,Power
2019-12-19,Beijing,0.0944936989203714,Power
2019-12-20,Beijing,0.09301331731336696,Power
2019-12-21,Beijing,0.09312085391648138,Power
2019-12-22,Beijing,0.09283740145718522,Power
2019-12-23,Beijing,0.0945053876815795,Power
2019-12-24,Beijing,0.0938981565368193,Power
2019-12-25,Beijing,0.09265564122039945,Power
2019-12-26,Beijing,0.0912033126402944,Power
2019-12-27,Beijing,0.09179359508130289,Power
2019-12-28,Beijing,0.09056218408803073,Power
2019-12-29,Beijing,0.08855347047442066,Power
2019-12-30,Beijing,0.08752135285974642,Power
2019-12-31,Beijing,0.09111798468347536,Power
2019-12-01,Jilin,0.16135396652453174,Power
2019-12-02,Jilin,0.16548031852366965,Power
2019-12-03,Jilin,0.1682973472923119,Power
2019-12-04,Jilin,0.1711925953708279,Power
2019-12-05,Jilin,0.17490064410411915,Power
2019-12-06,Jilin,0.1762983891631678,Power
2019-12-07,Jilin,0.17284313617048305,Power
2019-12-08,Jilin,0.1642809557722719,Power
2019-12-09,Jilin,0.1718636943772811,Power
2019-12-10,Jilin,0.17232507494421767,Power
2019-12-11,Jilin,0.17307439326054466,Power
2019-12-12,Jilin,0.175714578372081,Power
2019-12-13,Jilin,0.17244637155518136,Power
2019-12-14,Jilin,0.1699048107908772,Power
2019-12-15,Jilin,0.17066433162588332,Power
2019-12-16,Jilin,0.169145289955871,Power
2019-12-17,Jilin,0.1759685077258741,Power
2019-12-18,Jilin,0.183011646454073,Power
2019-12-19,Jilin,0.1832859808452244,Power
2019-12-20,Jilin,0.18041453864362653,Power
2019-12-21,Jilin,0.18062312346995657,Power
2019-12-22,Jilin,0.18007332107446702,Power
2019-12-23,Jilin,0.18330865310895597,Power
2019-12-24,Jilin,0.18213082900810315,Power
2019-12-25,Jilin,0.1797207673734418,Power
2019-12-26,Jilin,0.17690373860479955,Power
2019-12-27,Jilin,0.1780486879232417,Power
2019-12-28,Jilin,0.1756601649391253,Power
2019-12-29,Jilin,0.17176393641686238,Power
2019-12-30,Jilin,0.16976197552936856,Power
2019-12-31,Jilin,0.17673823107955944,Power
2019-12-01,Sichuan,0.12547962517303893,Power
2019-12-02,Sichuan,0.12868855218819925,Power
2019-12-03,Sichuan,0.13087926197739524,Power
2019-12-04,Sichuan,0.13313080032814237,Power
2019-12-05,Sichuan,0.13601442677500758,Power
2019-12-06,Sichuan,0.1371014067227254,Power
2019-12-07,Sichuan,0.13441437113420648,Power
2019-12-08,Sichuan,0.1277558475777488,Power
2019-12-09,Sichuan,0.13365269175478384,Power
2019-12-10,Sichuan,0.13401149211059982,Power
2019-12-11,Sichuan,0.1345942120987924,Power
2019-12-12,Sichuan,0.13664739644448154,Power
2019-12-13,Sichuan,0.13410582045967187,Power
2019-12-14,Sichuan,0.1321293329959385,Power
2019-12-15,Sichuan,0.13271998714433336,Power
2019-12-16,Sichuan,0.13153867884754358,Power
2019-12-17,Sichuan,0.13684486887618372,Power
2019-12-18,Sichuan,0.14232208413585165,Power
2019-12-19,Sichuan,0.14253542488795842,Power
2019-12-20,Sichuan,0.1403023995776834,Power
2019-12-21,Sichuan,0.14046460907515304,Power
2019-12-22,Sichuan,0.1400370459975836,Power
2019-12-23,Sichuan,0.1425530563550747,Power
2019-12-24,Sichuan,0.14163710163838472,Power
2019-12-25,Sichuan,0.13976287668392567,Power
2019-12-26,Sichuan,0.13757216689472965,Power
2019-12-27,Sichuan,0.1384625559841011,Power
2019-12-28,Sichuan,0.1366050809234025,Power
2019-12-29,Sichuan,0.13357511329947228,Power
2019-12-30,Sichuan,0.13201825475310602,Power
2019-12-31,Sichuan,0.13744345718478093,Power
2019-12-01,Tianjin,0.1948171892757912,Power
2019-12-02,Tianjin,0.19979930602042276,Power
2019-12-03,Tianjin,0.2032005587980078,Power
2019-12-04,Tianjin,0.20669625279959816,Power
2019-12-05,Tianjin,0.21117331430280967,Power
2019-12-06,Tianjin,0.21286093791438407,Power
2019-12-07,Tianjin,0.2086890994974508,Power
2019-12-08,Tianjin,0.1983512072523403,Power
2019-12-09,Tianjin,0.20750653112729653,Power
2019-12-10,Tianjin,0.2080635974775891,Power
2019-12-11,Tianjin,0.2089683170292928,Power
2019-12-12,Tianjin,0.2121560505178222,Power
2019-12-13,Tianjin,0.208210049810467,Power
2019-12-14,Tianjin,0.2051413943869879,Power
2019-12-15,Tianjin,0.20605843235921403,Power
2019-12-16,Tianjin,0.20422435641476172,Power
2019-12-17,Tianjin,0.21246264231749185,Power
2019-12-18,Tianjin,0.2209664586181501,Power
2019-12-19,Tianjin,0.22129768725886453,Power
2019-12-20,Tianjin,0.2178307362384932,Power
2019-12-21,Tianjin,0.21808257950250753,Power
2019-12-22,Tianjin,0.2174187535076871,Power
2019-12-23,Tianjin,0.2213250615266922,Power
2019-12-24,Tianjin,0.21990296831304604,Power
2019-12-25,Tianjin,0.21699308364296724,Power
2019-12-26,Tianjin,0.2135918308653822,Power
2019-12-27,Tianjin,0.21497423139067834,Power
2019-12-28,Tianjin,0.21209035227503584,Power
2019-12-29,Tianjin,0.2073860843488549,Power
2019-12-30,Tianjin,0.20496893649967374,Power
2019-12-31,Tianjin,0.21339199871024042,Power
2019-12-01,Ningxia,0.30127643083758276,Power
2019-12-02,Ningxia,0.3089810607853739,Power
2019-12-03,Ningxia,0.31424095238434674,Power
2019-12-04,Ningxia,0.31964689328727486,Power
2019-12-05,Ningxia,0.32657047695739155,Power
2019-12-06,Ningxia,0.3291803145193769,Power
2019-12-07,Ningxia,0.3227287452663913,Power
2019-12-08,Ningxia,0.3067416381247247,Power
2019-12-09,Ningxia,0.3208999539820805,Power
2019-12-10,Ningxia,0.3217614332097593,Power
2019-12-11,Ningxia,0.32316054320852033,Power
2019-12-12,Ningxia,0.3280902363811592,Power
2019-12-13,Ningxia,0.32198791546371913,Power
2019-12-14,Ningxia,0.31724237141345873,Power
2019-12-15,Ningxia,0.3186605313214313,Power
2019-12-16,Ningxia,0.3158242115054862,Power
2019-12-17,Ningxia,0.32856436745486944,Power
2019-12-18,Ningxia,0.341715154780591,Power
2019-12-19,Ningxia,0.3422273856727243,Power
2019-12-20,Ningxia,0.33686589455795646,Power
2019-12-21,Ningxia,0.33725535936850415,Power
2019-12-22,Ningxia,0.33622878092765834,Power
2019-12-23,Ningxia,0.3422697188043056,Power
2019-12-24,Ningxia,0.34007051261865867,Power
2019-12-25,Ningxia,0.33557050073156963,Power
2019-12-26,Ningxia,0.3303106091325968,Power
2019-12-27,Ningxia,0.33244843227745097,Power
2019-12-28,Ningxia,0.32798863686536417,Power
2019-12-29,Ningxia,0.3207136882031229,Power
2019-12-30,Ningxia,0.3169756726844968,Power
2019-12-31,Ningxia,0.33000157727205354,Power
2019-12-01,Anhui,0.6149068604436884,Power
2019-12-02,Anhui,0.6306320527493245,Power
2019-12-03,Anhui,0.6413675205733647,Power
2019-12-04,Anhui,0.6524010758339674,Power
2019-12-05,Anhui,0.6665321483701586,Power
2019-12-06,Anhui,0.6718588412583041,Power
2019-12-07,Anhui,0.6586911527562219,Power
2019-12-08,Anhui,0.6260613787220269,Power
2019-12-09,Anhui,0.6549585796375216,Power
2019-12-10,Anhui,0.6567168635024648,Power
2019-12-11,Anhui,0.6595724547425819,Power
2019-12-12,Anhui,0.6696339857535232,Power
2019-12-13,Anhui,0.6571791150345262,Power
2019-12-14,Anhui,0.6474934334001207,Power
2019-12-15,Anhui,0.650387905610224,Power
2019-12-16,Anhui,0.6445989611900173,Power
2019-12-17,Anhui,0.6706016898954086,Power
2019-12-18,Anhui,0.6974425195093968,Power
2019-12-19,Anhui,0.6984879855912549,Power
2019-12-20,Anhui,0.6875451525939538,Power
2019-12-21,Anhui,0.6883400524247881,Power
2019-12-22,Anhui,0.6862448001532954,Power
2019-12-23,Anhui,0.6985743877467805,Power
2019-12-24,Anhui,0.6940857957672322,Power
2019-12-25,Anhui,0.6849012466348744,Power
2019-12-26,Anhui,0.6741657788108342,Power
2019-12-27,Anhui,0.6785290876648706,Power
2019-12-28,Anhui,0.669426620580262,Power
2019-12-29,Anhui,0.6545784101532095,Power
2019-12-30,Anhui,0.6469490998203102,Power
2019-12-31,Anhui,0.6735350430754983,Power
2019-12-01,Shandong,1.2921208451112305,Power
2019-12-02,Shandong,1.3251646279645135,Power
2019-12-03,Shandong,1.3477233643355049,Power
2019-12-04,Shandong,1.3709084801067366,Power
2019-12-05,Shandong,1.4006024948630797,Power
2019-12-06,Shandong,1.4117956224065134,Power
2019-12-07,Shandong,1.3841259932480499,Power
2019-12-08,Shandong,1.3155601438274878,Power
2019-12-09,Shandong,1.3762826338015566,Power
2019-12-10,Shandong,1.3799773644667448,Power
2019-12-11,Shandong,1.3859778975618053,Power
2019-12-12,Shandong,1.407120471810513,Power
2019-12-13,Shandong,1.3809487064352344,Power
2019-12-14,Shandong,1.3605959149085693,Power
2019-12-15,Shandong,1.3666781496645308,Power
2019-12-16,Shandong,1.3545136801526079,Power
2019-12-17,Shandong,1.4091539353707152,Power
2019-12-18,Shandong,1.4655553152793546,Power
2019-12-19,Shandong,1.4677521821613582,Power
2019-12-20,Shandong,1.444757703598895,Power
2019-12-21,Shandong,1.446428048666204,Power
2019-12-22,Shandong,1.4420252369398736,Power
2019-12-23,Shandong,1.4679337414078049,Power
2019-12-24,Shandong,1.4585017385549037,Power
2019-12-25,Shandong,1.439201990657629,Power
2019-12-26,Shandong,1.4166432542866376,Power
2019-12-27,Shandong,1.4258119962321916,Power
2019-12-28,Shandong,1.4066847296190412,Power
2019-12-29,Shandong,1.3754837731171914,Power
2019-12-30,Shandong,1.3594520916559558,Power
2019-12-31,Shandong,1.4153178717875776,Power
2019-12-01,Shanxi,0.6703387157876686,Power
2019-12-02,Shanxi,0.6874814830810245,Power
2019-12-03,Shanxi,0.6991847184447579,Power
2019-12-04,Shanxi,0.7112129128588324,Power
2019-12-05,Shanxi,0.7266178556655817,Power
2019-12-06,Shanxi,0.7324247326086334,Power
2019-12-07,Shanxi,0.7180700197761747,Power
2019-12-08,Shanxi,0.6824987776424611,Power
2019-12-09,Shanxi,0.71400096731973,Power
2019-12-10,Shanxi,0.7159177547615968,Power
2019-12-11,Shanxi,0.7190307682728354,Power
2019-12-12,Shanxi,0.7299993136097107,Power
2019-12-13,Shanxi,0.7164216767671984,Power
2019-12-14,Shanxi,0.70586286240684,Power
2019-12-15,Shanxi,0.7090182618811665,Power
2019-12-16,Shanxi,0.7027074629325134,Power
2019-12-17,Shanxi,0.7310542531354558,Power
2019-12-18,Shanxi,0.7603146963205164,Power
2019-12-19,Shanxi,0.7614544077724371,Power
2019-12-20,Shanxi,0.7495251139389012,Power
2019-12-21,Shanxi,0.7503916714064776,Power
2019-12-22,Shanxi,0.7481075389511814,Power
2019-12-23,Shanxi,0.7615485988015216,Power
2019-12-24,Shanxi,0.7566553748405885,Power
2019-12-25,Shanxi,0.7466428684489196,Power
2019-12-26,Shanxi,0.7349396330851861,Power
2019-12-27,Shanxi,0.7396962800539469,Power
2019-12-28,Shanxi,0.7297732551399082,Power
2019-12-29,Shanxi,0.7135865267917587,Power
2019-12-30,Shanxi,0.7052694589236085,Power
2019-12-31,Shanxi,0.7342520385728702,Power
2019-12-01,Guangdong,0.5464466092969615,Power
2019-12-02,Guangdong,0.5604210476529708,Power
2019-12-03,Guangdong,0.5699612892229388,Power
2019-12-04,Guangdong,0.5797664308606442,Power
2019-12-05,Guangdong,0.59232422972397,Power
2019-12-06,Guangdong,0.5970578787604974,Power
2019-12-07,Guangdong,0.5853562062030478,Power
2019-12-08,Guangdong,0.5563592466143286,Power
2019-12-09,Guangdong,0.582039196659204,Power
2019-12-10,Guangdong,0.5836017231457137,Power
2019-12-11,Guangdong,0.586139389012011,Power
2019-12-12,Guangdong,0.5950807260810071,Power
2019-12-13,Guangdong,0.5840125102072778,Power
2019-12-14,Guangdong,0.575405177571516,Power
2019-12-15,Guangdong,0.5779773956205616,Power
2019-12-16,Guangdong,0.5728329595224703,Power
2019-12-17,Guangdong,0.5959406915183001,Power
2019-12-18,Guangdong,0.619793215008928,Power
2019-12-19,Guangdong,0.6207222848117175,Power
2019-12-20,Guangdong,0.6109977649337583,Power
2019-12-21,Guangdong,0.6117041651143917,Power
2019-12-22,Guangdong,0.609842186377396,Power
2019-12-23,Guangdong,0.6207990674400473,Power
2019-12-24,Guangdong,0.6168102098983184,Power
2019-12-25,Guangdong,0.608648216506869,Power
2019-12-26,Guangdong,0.5991079749369009,Power
2019-12-27,Guangdong,0.6029854976675519,Power
2019-12-28,Guangdong,0.5948964477730158,Power
2019-12-29,Guangdong,0.5817013530945532,Power
2019-12-30,Guangdong,0.5749214470130388,Power
2019-12-31,Guangdong,0.5985474617500941,Power
2019-12-01,Guangxi,0.19891728451925741,Power
2019-12-02,Guangxi,0.20400425419418222,Power
2019-12-03,Guangxi,0.20747708926071745,Power
2019-12-04,Guangxi,0.21104635314801354,Power
2019-12-05,Guangxi,0.21561763825973856,Power
2019-12-06,Guangxi,0.2173407793611623,Power
2019-12-07,Guangxi,0.21308114101798348,Power
2019-12-08,Guangxi,0.20252567894251453,Power
2019-12-09,Guangxi,0.2118736844797596,Power
2019-12-10,Guangxi,0.21244247477033495,Power
2019-12-11,Guangxi,0.21336623492284193,Power
2019-12-12,Guangxi,0.21662105700330891,Power
2019-12-13,Guangxi,0.2125920093184715,Power
2019-12-14,Guangxi,0.20945877140331176,Power
2019-12-15,Guangxi,0.21039510922809188,Power
2019-12-16,Guangxi,0.20852243357853162,Power
2019-12-17,Guangxi,0.2169341012909966,Power
2019-12-18,Guangxi,0.22561688771690536,Power
2019-12-19,Guangxi,0.22595508734913933,Power
2019-12-20,Guangxi,0.22241517136381392,Power
2019-12-21,Guangxi,0.22267231488584308,Power
2019-12-22,Guangxi,0.22199451810223358,Power
2019-12-23,Guangxi,0.2259830377319686,Power
2019-12-24,Guangxi,0.22453101534398873,Power
2019-12-25,Guangxi,0.22155988964923867,Power
2019-12-26,Guangxi,0.21808705458270344,Power
2019-12-27,Guangxi,0.21949854891558093,Power
2019-12-28,Guangxi,0.2165539760845187,Power
2019-12-29,Guangxi,0.21175070279531086,Power
2019-12-30,Guangxi,0.20928268399148744,Power
2019-12-31,Guangxi,0.2178830167880499,Power
2019-12-01,Xinjiang,0.6749938457584164,Power
2019-12-02,Xinjiang,0.6922556600468651,Power
2019-12-03,Xinjiang,0.7040401678784022,Power
2019-12-04,Xinjiang,0.7161518914203521,Power
2019-12-05,Xinjiang,0.7316638129965927,Power
2019-12-06,Xinjiang,0.7375110154739711,Power
2019-12-07,Xinjiang,0.7230566171357315,Power
2019-12-08,Xinjiang,0.6872383524872006,Power
2019-12-09,Xinjiang,0.7189593073705615,Power
2019-12-10,Xinjiang,0.7208894058363302,Power
2019-12-11,Xinjiang,0.7240240374969524,Power
2019-12-12,Xinjiang,0.735068753287556,Power
2019-12-13,Xinjiang,0.721396827300304,Power
2019-12-14,Xinjiang,0.710764687840221,Power
2019-12-15,Xinjiang,0.7139419998108969,Power
2019-12-16,Xinjiang,0.7075873758695449,Power
2019-12-17,Xinjiang,0.7361310187822299,Power
2019-12-18,Xinjiang,0.765594659489409,Power
2019-12-19,Xinjiang,0.7667422856041902,Power
2019-12-20,Xinjiang,0.7547301494523659,Power
2019-12-21,Xinjiang,0.7556027246801337,Power
2019-12-22,Xinjiang,0.753302730193898,Power
2019-12-23,Xinjiang,0.7668371307376434,Power
2019-12-24,Xinjiang,0.7619099260547594,Power
2019-12-25,Xinjiang,0.7518278883687037,Power
2019-12-26,Xinjiang,0.7400433805371666,Power
2019-12-27,Xinjiang,0.7448330597765439,Power
2019-12-28,Xinjiang,0.7348411249672688,Power
2019-12-29,Xinjiang,0.7185419887833682,Power
2019-12-30,Xinjiang,0.710167163499467,Power
2019-12-31,Xinjiang,0.7393510110629596,Power
2019-12-01,Jiangsu,0.9207608357525063,Power
2019-12-02,Jiangsu,0.9443077208844415,Power
2019-12-03,Jiangsu,0.960382998234128,Power
2019-12-04,Jiangsu,0.9769046313734032,Power
2019-12-05,Jiangsu,0.9980644833697109,Power
2019-12-06,Jiangsu,1.0060406672619298,Power
2019-12-07,Jiangsu,0.9863233854261773,Power
2019-12-08,Jiangsu,0.9374635987774119,Power
2019-12-09,Jiangsu,0.9807342346695863,Power
2019-12-10,Jiangsu,0.9833670869357118,Power
2019-12-11,Jiangsu,0.9876430460214837,Power
2019-12-12,Jiangsu,1.0027091711512301,Power
2019-12-13,Jiangsu,0.9840592618557991,Power
2019-12-14,Jiangsu,0.9695559331564039,Power
2019-12-15,Jiangsu,0.9738901125625566,Power
2019-12-16,Jiangsu,0.9652217537502508,Power
2019-12-17,Jiangsu,1.0041582102362723,Power
2019-12-18,Jiangsu,1.0443496380727322,Power
2019-12-19,Jiangsu,1.0459151177985362,Power
2019-12-20,Jiangsu,1.0295293320734835,Power
2019-12-21,Jiangsu,1.030719614179054,Power
2019-12-22,Jiangsu,1.0275821858029581,Power
2019-12-23,Jiangsu,1.0460444962882722,Power
2019-12-24,Jiangsu,1.039323283746492,Power
2019-12-25,Jiangsu,1.025570350287565,Power
2019-12-26,Jiangsu,1.0094950729378784,Power
2019-12-27,Jiangsu,1.0160286866695418,Power
2019-12-28,Jiangsu,1.0023986627758639,Power
2019-12-29,Jiangsu,0.9801649693147483,Power
2019-12-30,Jiangsu,0.9687408486710677,Power
2019-12-31,Jiangsu,1.0085506099628063,Power
2019-12-01,Jiangxi,0.23805618496562075,Power
2019-12-02,Jiangxi,0.24414406514544074,Power
2019-12-03,Jiangxi,0.24830021411435632,Power
2019-12-04,Jiangxi,0.2525717652075597,Power
2019-12-05,Jiangxi,0.2580424948966232,Power
2019-12-06,Jiangxi,0.2601046806828095,Power
2019-12-07,Jiangxi,0.25500691727948765,Power
2019-12-08,Jiangxi,0.2423745659063612,Power
2019-12-09,Jiangxi,0.25356188198405794,Power
2019-12-10,Jiangxi,0.2542425872679004,Power
2019-12-11,Jiangxi,0.2553481061686864,Power
2019-12-12,Jiangxi,0.25924334598703824,Power
2019-12-13,Jiangxi,0.25442154418527424,Power
2019-12-14,Jiangxi,0.2506718113931983,Power
2019-12-15,Jiangxi,0.25179238274497834,Power
2019-12-16,Jiangxi,0.2495512400414182,Power
2019-12-17,Jiangxi,0.2596179847673349,Power
2019-12-18,Jiangxi,0.27000919343690133,Power
2019-12-19,Jiangxi,0.270413937119186,Power
2019-12-20,Jiangxi,0.2661775084116354,Power
2019-12-21,Jiangxi,0.2664852474097362,Power
2019-12-22,Jiangxi,0.26567408755061184,Power
2019-12-23,Jiangxi,0.2704473870102839,Power
2019-12-24,Jiangxi,0.2687096651677474,Power
2019-12-25,Jiangxi,0.26515394174403933,Power
2019-12-26,Jiangxi,0.26099779277512375,Power
2019-12-27,Jiangxi,0.26268701227556834,Power
2019-12-28,Jiangxi,0.2591630662484033,Power
2019-12-29,Jiangxi,0.2534147024632271,Power
2019-12-30,Jiangxi,0.25046107707928145,Power
2019-12-31,Jiangxi,0.260753608570109,Power
2019-12-01,Hebei,0.771587792651431,Power
2019-12-02,Hebei,0.7913198320880542,Power
2019-12-03,Hebei,0.8047907436265183,Power
2019-12-04,Hebei,0.8186356965718851,Power
2019-12-05,Hebei,0.8363674276150704,Power
2019-12-06,Hebei,0.8430513849297289,Power
2019-12-07,Hebei,0.8265285123465343,Power
2019-12-08,Hebei,0.7855845305155412,Power
2019-12-09,Hebei,0.821844863425314,Power
2019-12-10,Hebei,0.8240511656370463,Power
2019-12-11,Hebei,0.8276343738973783,Power
2019-12-12,Hebei,0.840259626602844,Power
2019-12-13,Hebei,0.8246312008622438,Power
2019-12-14,Hebei,0.8124775655828731,Power
2019-12-15,Hebei,0.8161095618528009,Power
2019-12-16,Hebei,0.808845569312945,Power
2019-12-17,Hebei,0.8414739059527901,Power
2019-12-18,Hebei,0.8751538952439276,Power
2019-12-19,Hebei,0.8764657506130655,Power
2019-12-20,Hebei,0.8627346363567561,Power
2019-12-21,Hebei,0.8637320801084974,Power
2019-12-22,Hebei,0.861102948480266,Power
2019-12-23,Hebei,0.876574168412168,Power
2019-12-24,Hebei,0.8709418637488022,Power
2019-12-25,Hebei,0.859417051704225,Power
2019-12-26,Hebei,0.8459461401657609,Power
2019-12-27,Hebei,0.8514212390204284,Power
2019-12-28,Hebei,0.8399994238849985,Power
2019-12-29,Hebei,0.8213678251092638,Power
2019-12-30,Hebei,0.8117945334485285,Power
2019-12-31,Hebei,0.845154690232314,Power
2019-12-01,Henan,0.5851677416690271,Power
2019-12-02,Henan,0.6001324068252438,Power
2019-12-03,Henan,0.610348668614584,Power
2019-12-04,Henan,0.620848601254413,Power
2019-12-05,Henan,0.6342962440362769,Power
2019-12-06,Henan,0.6393653187993581,Power
2019-12-07,Henan,0.6268344673168996,Power
2019-12-08,Henan,0.59578278711775,Power
2019-12-09,Henan,0.6232824149281714,Power
2019-12-10,Henan,0.6249556618288801,Power
2019-12-11,Henan,0.6276731463531272,Power
2019-12-12,Henan,0.6372480653500582,Power
2019-12-13,Henan,0.625395557205725,Power
2019-12-14,Henan,0.6161783101507147,Power
2019-12-15,Henan,0.6189327952206776,Power
2019-12-16,Henan,0.6134238250807516,Power
2019-12-17,Henan,0.63816896782121,Power
2019-12-18,Henan,0.6637116778804337,Power
2019-12-19,Henan,0.6647065814430172,Power
2019-12-20,Henan,0.6542929834098588,Power
2019-12-21,Henan,0.6550494390111621,Power
2019-12-22,Henan,0.6530555207142485,Power
2019-12-23,Henan,0.6647888048779416,Power
2019-12-24,Henan,0.660517297433626,Power
2019-12-25,Henan,0.6517769463011762,Power
2019-12-26,Henan,0.6415606845118359,Power
2019-12-27,Henan,0.6457129679755115,Power
2019-12-28,Henan,0.6370507291062399,Power
2019-12-29,Henan,0.6229206318145045,Power
2019-12-30,Henan,0.6156603025106917,Power
2019-12-31,Henan,0.6409604534368889,Power
2019-12-01,Zhejiang,0.4968306823587423,Power
2019-12-02,Zhejiang,0.5095362781587214,Power
2019-12-03,Zhejiang,0.5182102906760148,Power
2019-12-04,Zhejiang,0.5271251510257803,Power
2019-12-05,Zhejiang,0.5385427345042779,Power
2019-12-06,Zhejiang,0.5428465805541061,Power
2019-12-07,Zhejiang,0.5322073893457719,Power
2019-12-08,Zhejiang,0.5058432780608154,Power
2019-12-09,Zhejiang,0.5291915556174254,Power
2019-12-10,Zhejiang,0.5306122087741811,Power
2019-12-11,Zhejiang,0.5329194611982982,Power
2019-12-12,Zhejiang,0.5410489481813069,Power
2019-12-13,Zhejiang,0.5309856974419278,Power
2019-12-14,Zhejiang,0.5231598881607319,Power
2019-12-15,Zhejiang,0.5254985555195193,Power
2019-12-16,Zhejiang,0.5208212208019445,Power
2019-12-17,Zhejiang,0.5418308309997671,Power
2019-12-18,Zhejiang,0.5635176075671491,Power
2019-12-19,Zhejiang,0.5643623202549497,Power
2019-12-20,Zhejiang,0.5555207614194149,Power
2019-12-21,Zhejiang,0.5561630223060072,Power
2019-12-22,Zhejiang,0.5544701063821089,Power
2019-12-23,Zhejiang,0.5644321312208838,Power
2019-12-24,Zhejiang,0.560805451540615,Power
2019-12-25,Zhejiang,0.553384545861836,Power
2019-12-26,Zhejiang,0.5447105333445426,Power
2019-12-27,Zhejiang,0.5482359871242071,Power
2019-12-28,Zhejiang,0.5408814018630654,Power
2019-12-29,Zhejiang,0.5288843873673159,Power
2019-12-30,Zhejiang,0.522720079075348,Power
2019-12-31,Zhejiang,0.5442009132932247,Power
2019-12-01,Hainan,0.03776026580118037,Power
2019-12-02,Hainan,0.0387259200806058,Power
2019-12-03,Hainan,0.03938516482905969,Power
2019-12-04,Hainan,0.04006271456248071,Power
2019-12-05,Hainan,0.04093047696577756,Power
2019-12-06,Hainan,0.04125757908845107,Power
2019-12-07,Hainan,0.04044897627425088,Power
2019-12-08,Hainan,0.038445243644443135,Power
2019-12-09,Hainan,0.040219766027705946,Power
2019-12-10,Hainan,0.04032773891004829,Power
2019-12-11,Hainan,0.04050309536024066,Power
2019-12-12,Hainan,0.0411209549252906,Power
2019-12-13,Hainan,0.04035612490122921,Power
2019-12-14,Hainan,0.03976134553461608,Power
2019-12-15,Hainan,0.03993908959154328,Power
2019-12-16,Hainan,0.039583601477688864,Power
2019-12-17,Hainan,0.041180379804024475,Power
2019-12-18,Hainan,0.04282862431997781,Power
2019-12-19,Hainan,0.04289282441218136,Power
2019-12-20,Hainan,0.042220845761141636,Power
2019-12-21,Hainan,0.04226965905438732,Power
2019-12-22,Hainan,0.042140993580343,Power
2019-12-23,Hainan,0.04289813020492546,Power
2019-12-24,Hainan,0.0426224942718697,Power
2019-12-25,Hainan,0.042058488503172314,Power
2019-12-26,Hainan,0.041399243754718415,Power
2019-12-27,Hainan,0.04166718628829526,Power
2019-12-28,Hainan,0.041108221022704776,Power
2019-12-29,Hainan,0.040196420539631926,Power
2019-12-30,Hainan,0.039727919040328276,Power
2019-12-31,Hainan,0.041360511467686524,Power
2019-12-01,Hubei,0.33072609601790903,Power
2019-12-02,Hubei,0.33918385083401453,Power
2019-12-03,Hubei,0.3449578949873173,Power
2019-12-04,Hubei,0.3508922647126836,Power
2019-12-05,Hubei,0.35849262625210143,Power
2019-12-06,Hubei,0.36135757451810646,Power
2019-12-07,Hubei,0.3542753666391258,Power
2019-12-08,Hubei,0.33672552539570694,Power
2019-12-09,Hubei,0.3522678116498085,Power
2019-12-10,Hubei,0.35321350016908176,Power
2019-12-11,Hubei,0.3547493726782702,Power
2019-12-12,Hubei,0.3601609416251685,Power
2019-12-13,Hubei,0.3534621209837311,Power
2019-12-14,Hubei,0.3482527016711738,Power
2019-12-15,Hubei,0.3498094862115009,Power
2019-12-16,Hubei,0.34669591713084663,Power
2019-12-17,Hubei,0.3606814188446211,Power
2019-12-18,Hubei,0.3751176910073858,Power
2019-12-19,Hubei,0.3756799922891158,Power
2019-12-20,Hubei,0.36979441730307316,Power
2019-12-21,Hubei,0.3702219521619093,Power
2019-12-22,Hubei,0.36909502603943367,Power
2019-12-23,Hubei,0.37572646346942407,Power
2019-12-24,Hubei,0.3733122856524094,Power
2019-12-25,Hubei,0.36837239918564013,Power
2019-12-26,Hubei,0.3625983550323373,Power
2019-12-27,Hubei,0.36494514963790503,Power
2019-12-28,Hubei,0.3600494107924286,Power
2019-12-29,Hubei,0.3520633384564521,Power
2019-12-30,Hubei,0.3479599332352317,Power
2019-12-31,Hubei,0.3622591154160869,Power
2019-12-01,Hunan,0.25331068779284016,Power
2019-12-02,Hunan,0.25978867581811793,Power
2019-12-03,Hunan,0.264211148412298,Power
2019-12-04,Hunan,0.2687564180322319,Power
2019-12-05,Hunan,0.2745777089197823,Power
2019-12-06,Hunan,0.2767720383799932,Power
2019-12-07,Hunan,0.27134761324234297,Power
2019-12-08,Hunan,0.2579057880898916,Power
2019-12-09,Hunan,0.2698099809198595,Power
2019-12-10,Hunan,0.2705343054051034,Power
2019-12-11,Hunan,0.2717106653184849,Power
2019-12-12,Hunan,0.2758555098544388,Power
2019-12-13,Hunan,0.270724729778374,Power
2019-12-14,Hunan,0.2667347162748925,Power
2019-12-15,Hunan,0.2679270931916331,Power
2019-12-16,Hunan,0.26554233935815175,Power
2019-12-17,Hunan,0.276254155271379,Power
2019-12-18,Hunan,0.287311226590349,Power
2019-12-19,Hunan,0.2877419060140075,Power
2019-12-20,Hunan,0.28323400940191173,Power
2019-12-21,Hunan,0.28356146813725547,Power
2019-12-22,Hunan,0.28269832962289837,Power
2019-12-23,Hunan,0.28777749935480573,Power
2019-12-24,Hunan,0.2859284253003378,Power
2019-12-25,Hunan,0.282144853173486,Power
2019-12-26,Hunan,0.27772238057930587,Power
2019-12-27,Hunan,0.2795198442896165,Power
2019-12-28,Hunan,0.275770085836523,Power
2019-12-29,Hunan,0.2696533702203473,Power
2019-12-30,Hunan,0.2665104782278636,Power
2019-12-31,Hunan,0.27746254919147884,Power
2019-12-01,Gansu,0.2747421900043208,Power
2019-12-02,Gansu,0.2817682520800833,Power
2019-12-03,Gansu,0.286564890612575,Power
2019-12-04,Gansu,0.2914947154866127,Power
2019-12-05,Gansu,0.297808520170629,Power
2019-12-06,Gansu,0.3001885021869518,Power
2019-12-07,Gansu,0.2943051403169177,Power
2019-12-08,Gansu,0.2797260615097106,Power
2019-12-09,Gansu,0.2926374156923412,Power
2019-12-10,Gansu,0.2934230220837794,Power
2019-12-11,Gansu,0.2946989086310539,Power
2019-12-12,Gansu,0.29919443021744146,Power
2019-12-13,Gansu,0.2936295574250175,Power
2019-12-14,Gansu,0.289301966443188,Power
2019-12-15,Gansu,0.29059522512196845,Power
2019-12-16,Gansu,0.2880087077644075,Power
2019-12-17,Gansu,0.29962680326825764,Power
2019-12-18,Gansu,0.3116193647179039,Power
2019-12-19,Gansu,0.31208648203173195,Power
2019-12-20,Gansu,0.3071971921312083,Power
2019-12-21,Gansu,0.3075523557086644,Power
2019-12-22,Gansu,0.3066161908441741,Power
2019-12-23,Gansu,0.312125086768412,Power
2019-12-24,Gansu,0.31011957069788537,Power
2019-12-25,Gansu,0.3060158871887999,Power
2019-12-26,Gansu,0.30121924865630817,Power
2019-12-27,Gansu,0.30316878785864887,Power
2019-12-28,Gansu,0.2991017788494094,Power
2019-12-29,Gansu,0.2924675548509491,Power
2019-12-30,Gansu,0.2890587566021039,Power
2019-12-31,Gansu,0.3009374340785441,Power
2019-12-01,Fujian,0.2631938868076583,Power
2019-12-02,Fujian,0.2699246207609792,Power
2019-12-03,Fujian,0.27451964105603477,Power
2019-12-04,Fujian,0.2792422494397659,Power
2019-12-05,Fujian,0.2852906644840825,Power
2019-12-06,Fujian,0.2875706081556333,Power
2019-12-07,Fujian,0.2819345430210942,Power
2019-12-08,Fujian,0.2679682700679535,Power
2019-12-09,Fujian,0.2803369182585478,Power
2019-12-10,Fujian,0.2810895030714603,Power
2019-12-11,Fujian,0.2823117599789178,Power
2019-12-12,Fujian,0.2866183202474024,Power
2019-12-13,Fujian,0.2812873570640442,Power
2019-12-14,Fujian,0.2771416687334548,Power
2019-12-15,Fujian,0.2783805675655221,Power
2019-12-16,Fujian,0.27590276990138746,Power
2019-12-17,Fujian,0.2870325192599145,Power
2019-12-18,Fujian,0.29852099454892067,Power
2019-12-19,Fujian,0.29896847741065236,Power
2019-12-20,Fujian,0.2942847001843442,Power
2019-12-21,Fujian,0.2946249350874791,Power
2019-12-22,Fujian,0.29372812026128114,Power
2019-12-23,Fujian,0.29900545946534096,Power
2019-12-24,Fujian,0.2970842417242695,Power
2019-12-25,Fujian,0.2931530493108738,Power
2019-12-26,Fujian,0.28855802901581823,Power
2019-12-27,Fujian,0.2904256227775913,Power
2019-12-28,Fujian,0.28652956331614987,Power
2019-12-29,Fujian,0.28017419721791803,Power
2019-12-30,Fujian,0.2769086817889168,Power
2019-12-31,Fujian,0.28828806001659163,Power
2019-12-01,Tibet,0.0009310259941495396,Power
2019-12-02,Tibet,0.0009548353931680897,Power
2019-12-03,Tibet,0.0009710898867288305,Power
2019-12-04,Tibet,0.0009877957123039338,Power
2019-12-05,Tibet,0.0010091914662021966,Power
2019-12-06,Tibet,0.0010172565730675463,Power
2019-12-07,Tibet,0.0009973194719113537,Power
2019-12-08,Tibet,0.0009479149689478627,Power
2019-12-09,Tibet,0.0009916680101662917,Power
2019-12-10,Tibet,0.0009943302149466623,Power
2019-12-11,Tibet,0.0009986538448233826,Power
2019-12-12,Tibet,0.0010138879355690426,Power
2019-12-13,Tibet,0.0009950301066211087,Power
2019-12-14,Tibet,0.0009803650866761666,Power
2019-12-15,Tibet,0.0009847475859460645,Power
2019-12-16,Tibet,0.0009759825874062686,Power
2019-12-17,Tibet,0.0010153531293547997,Power
2019-12-18,Tibet,0.001055992633778495,Power
2019-12-19,Tibet,0.001057575566350607,Power
2019-12-20,Tibet,0.0010410071026929184,Power
2019-12-21,Tibet,0.0010422106547312187,Power
2019-12-22,Tibet,0.0010390382485433076,Power
2019-12-23,Tibet,0.0010577063872243355,Power
2019-12-24,Tibet,0.0010509102428341507,Power
2019-12-25,Tibet,0.0010370039839568326,Power
2019-12-26,Tibet,0.0010207494903960916,Power
2019-12-27,Tibet,0.0010273559445193707,Power
2019-12-28,Tibet,0.0010135739654720947,Power
2019-12-29,Tibet,0.000991092398321887,Power
2019-12-30,Tibet,0.0009795409151716786,Power
2019-12-31,Tibet,0.0010197944980178753,Power
2019-12-01,Guizhou,0.30034540484343325,Power
2019-12-02,Guizhou,0.30802622539220587,Power
2019-12-03,Guizhou,0.31326986249761796,Power
2019-12-04,Guizhou,0.31865909757497096,Power
2019-12-05,Guizhou,0.32556128549118946,Power
2019-12-06,Guizhou,0.3281630579463094,Power
2019-12-07,Guizhou,0.32173142579448,Power
2019-12-08,Guizhou,0.3057937231557769,Power
2019-12-09,Guizhou,0.3199082859719143,Power
2019-12-10,Guizhou,0.3207671029948127,Power
2019-12-11,Guizhou,0.322161889363697,Power
2019-12-12,Guizhou,0.32707634844559025,Power
2019-12-13,Guizhou,0.3209928853570981,Power
2019-12-14,Guizhou,0.31626200632678264,Power
2019-12-15,Guizhou,0.3176757837354853,Power
2019-12-16,Guizhou,0.31484822891807995,Power
2019-12-17,Guizhou,0.3275490143255147,Power
2019-12-18,Guizhou,0.3406591621468126,Power
2019-12-19,Guizhou,0.34116981010637376,Power
2019-12-20,Guizhou,0.33582488745526357,Power
2019-12-21,Guizhou,0.336213148713773,Power
2019-12-22,Guizhou,0.3351897426791151,Power
2019-12-23,Guizhou,0.3412120124170813,Power
2019-12-24,Guizhou,0.33901960237582457,Power
2019-12-25,Guizhou,0.33453349674761285,Power
2019-12-26,Guizhou,0.32928985964220076,Power
2019-12-27,Guizhou,0.33142107633293166,Power
2019-12-28,Guizhou,0.32697506289989214,Power
2019-12-29,Guizhou,0.31972259580480106,Power
2019-12-30,Guizhou,0.3159961317693251,Power
2019-12-31,Guizhou,0.3289817827740357,Power
2019-12-01,Liaoning,0.41883935100267694,Power
2019-12-02,Liaoning,0.42955045176179446,Power
2019-12-03,Liaoning,0.4368628378569612,Power
2019-12-04,Liaoning,0.4443782640489353,Power
2019-12-05,Liaoning,0.45400354168164775,Power
2019-12-06,Liaoning,0.4576317799332939,Power
2019-12-07,Liaoning,0.44866270435258226,Power
2019-12-08,Liaoning,0.42643717027741357,Power
2019-12-09,Liaoning,0.4461202892273413,Power
2019-12-10,Liaoning,0.44731793153749533,Power
2019-12-11,Liaoning,0.4492629968127087,Power
2019-12-12,Liaoning,0.4561163357324847,Power
2019-12-13,Liaoning,0.44763279081805185,Power
2019-12-14,Liaoning,0.44103545897685914,Power
2019-12-15,Liaoning,0.4430070077429604,Power
2019-12-16,Liaoning,0.4390639102107578,Power
2019-12-17,Liaoning,0.45677548039458427,Power
2019-12-18,Liaoning,0.47505791693755045,Power
2019-12-19,Liaoning,0.47577002858142575,Power
2019-12-20,Liaoning,0.4683163972015234,Power
2019-12-21,Liaoning,0.46885783745967663,Power
2019-12-22,Liaoning,0.46743067156182716,Power
2019-12-23,Liaoning,0.47582888078339897,Power
2019-12-24,Liaoning,0.4727715088908927,Power
2019-12-25,Liaoning,0.46651551982114436,Power
2019-12-26,Liaoning,0.4592031337259776,Power
2019-12-27,Liaoning,0.46217516992562285,Power
2019-12-28,Liaoning,0.4559750904477491,Power
2019-12-29,Liaoning,0.44586133953865936,Power
2019-12-30,Liaoning,0.44066469010442816,Power
2019-12-31,Liaoning,0.45877351265157346,Power
2019-12-01,Chongqing,0.11042207015227425,Power
2019-12-02,Chongqing,0.11324592592561535,Power
2019-12-03,Chongqing,0.11517375054010782,Power
2019-12-04,Chongqing,0.11715510428876527,Power
2019-12-05,Chongqing,0.11969269556200668,Power
2019-12-06,Chongqing,0.12064923791599834,Power
2019-12-07,Chongqing,0.11828464659810171,Power
2019-12-08,Chongqing,0.11242514586841895,Power
2019-12-09,Chongqing,0.11761436874420979,Power
2019-12-10,Chongqing,0.11793011305732785,Power
2019-12-11,Chongqing,0.11844290664693732,Power
2019-12-12,Chongqing,0.12024970887114377,Power
2019-12-13,Chongqing,0.11801312200451124,Power
2019-12-14,Chongqing,0.11627381303642587,Power
2019-12-15,Chongqing,0.11679358868701337,Power
2019-12-16,Chongqing,0.11575403738583835,Power
2019-12-17,Chongqing,0.12042348461104169,Power
2019-12-18,Chongqing,0.12524343403954943,Power
2019-12-19,Chongqing,0.1254311739014034,Power
2019-12-20,Chongqing,0.12346611162836138,Power
2019-12-21,Chongqing,0.12360885598613468,Power
2019-12-22,Chongqing,0.12323260047787356,Power
2019-12-23,Chongqing,0.12544668959246574,Power
2019-12-24,Chongqing,0.12464064944177855,Power
2019-12-25,Chongqing,0.1229913314818546,Power
2019-12-26,Chongqing,0.1210635068673621,Power
2019-12-27,Chongqing,0.12184704926600896,Power
2019-12-28,Chongqing,0.12021247121259421,Power
2019-12-29,Chongqing,0.11754609970353559,Power
2019-12-30,Chongqing,0.1161760641827333,Power
2019-12-31,Chongqing,0.12095024232260723,Power
2019-12-01,Shaanxi,0.5293957037502613,Power
2019-12-02,Shaanxi,0.5429340943306552,Power
2019-12-03,Shaanxi,0.5521766494384241,Power
2019-12-04,Shaanxi,0.5616758388731291,Power
2019-12-05,Shaanxi,0.573841793705126,Power
2019-12-06,Shaanxi,0.5784277375473309,Power
2019-12-07,Shaanxi,0.5670911951052866,Power
2019-12-08,Shaanxi,0.5389990346509693,Power
2019-12-09,Shaanxi,0.563877687011479,Power
2019-12-10,Shaanxi,0.5653914576065944,Power
2019-12-11,Shaanxi,0.5678499400718803,Power
2019-12-12,Shaanxi,0.5765122784404895,Power
2019-12-13,Shaanxi,0.5657894267802489,Power
2019-12-14,Shaanxi,0.5574506708238633,Power
2019-12-15,Shaanxi,0.559942627331793,Power
2019-12-16,Shaanxi,0.5549587143159337,Power
2019-12-17,Shaanxi,0.5773454101685137,Power
2019-12-18,Shaanxi,0.6004536576069719,Power
2019-12-19,Shaanxi,0.6013537374202836,Power
2019-12-20,Shaanxi,0.5919326540850809,Power
2019-12-21,Shaanxi,0.5926170122902438,Power
2019-12-22,Shaanxi,0.5908131333255484,Power
2019-12-23,Shaanxi,0.6014281241817144,Power
2019-12-24,Shaanxi,0.5975637319253878,Power
2019-12-25,Shaanxi,0.5896564191853005,Power
2019-12-26,Shaanxi,0.5804138640775315,Power
2019-12-27,Shaanxi,0.5841703955297837,Power
2019-12-28,Shaanxi,0.5763337502130557,Power
2019-12-29,Shaanxi,0.5635503852611837,Power
2019-12-30,Shaanxi,0.5569820342268498,Power
2019-12-31,Shaanxi,0.5798708407190872,Power
2019-12-01,Qinghai,0.09775772938570165,Power
2019-12-02,Qinghai,0.1002577162826494,Power
2019-12-03,Qinghai,0.1019644381065272,Power
2019-12-04,Qinghai,0.10371854979191304,Power
2019-12-05,Qinghai,0.10596510395123064,Power
2019-12-06,Qinghai,0.10681194017209235,Power
2019-12-07,Qinghai,0.10471854455069213,Power
2019-12-08,Qinghai,0.09953107173952558,Power
2019-12-09,Qinghai,0.1041251410674606,Power
2019-12-10,Qinghai,0.10440467256939952,Power
2019-12-11,Qinghai,0.10485865370645515,Power
2019-12-12,Qinghai,0.10645823323474947,Power
2019-12-13,Qinghai,0.10447816119521641,Power
2019-12-14,Qinghai,0.1029383341009975,Power
2019-12-15,Qinghai,0.10339849652433676,Power
2019-12-16,Qinghai,0.1024781716776582,Power
2019-12-17,Qinghai,0.10661207858225395,Power
2019-12-18,Qinghai,0.11087922654674195,Power
2019-12-19,Qinghai,0.11104543446681372,Power
2019-12-20,Qinghai,0.10930574578275641,Power
2019-12-21,Qinghai,0.10943211874677795,Power
2019-12-22,Qinghai,0.10909901609704728,Power
2019-12-23,Qinghai,0.11105917065855521,Power
2019-12-24,Qinghai,0.11034557549758581,Power
2019-12-25,Qinghai,0.10888541831546741,Power
2019-12-26,Qinghai,0.10717869649158962,Power
2019-12-27,Qinghai,0.10787237417453392,Power
2019-12-28,Qinghai,0.10642526637456994,Power
2019-12-29,Qinghai,0.10406470182379812,Power
2019-12-30,Qinghai,0.10285179609302622,Power
2019-12-31,Qinghai,0.10707842229187689,Power
2019-12-01,Heilongjiang,0.20580448962982517,Power
2019-12-02,Heilongjiang,0.21106758780774618,Power
2019-12-03,Heilongjiang,0.21466066444844226,Power
2019-12-04,Heilongjiang,0.21835350860954394,Power
2019-12-05,Heilongjiang,0.22308306743920867,Power
2019-12-06,Heilongjiang,0.2248658696516748,Power
2019-12-07,Heilongjiang,0.22045874788071235,Power
2019-12-08,Heilongjiang,0.20953781916152628,Power
2019-12-09,Heilongjiang,0.21920948501650256,Power
2019-12-10,Heilongjiang,0.21979796879628655,Power
2019-12-11,Heilongjiang,0.2207537127236508,Power
2019-12-12,Heilongjiang,0.22412122801386455,Power
2019-12-13,Heilongjiang,0.21995268074821997,Power
2019-12-14,Heilongjiang,0.2167109592880829,Power
2019-12-15,Heilongjiang,0.21767971637028263,Power
2019-12-16,Heilongjiang,0.21574220220588314,Power
2019-12-17,Heilongjiang,0.22444511097865968,Power
2019-12-18,Heilongjiang,0.23342852553344628,Power
2019-12-19,Heilongjiang,0.2337784348079124,Power
2019-12-20,Heilongjiang,0.23011595467476026,Power
2019-12-21,Heilongjiang,0.23038200139584197,Power
2019-12-22,Heilongjiang,0.22968073694081678,Power
2019-12-23,Heilongjiang,0.23380735292976915,Power
2019-12-24,Heilongjiang,0.23230505649931316,Power
2019-12-25,Heilongjiang,0.229231060145945,Power
2019-12-26,Heilongjiang,0.22563798350524888,Power
2019-12-27,Heilongjiang,0.2270983486590127,Power
2019-12-28,Heilongjiang,0.22405182452140843,Power
2019-12-29,Heilongjiang,0.21908224528033304,Power
2019-12-30,Heilongjiang,0.21652877512038565,Power
2019-12-31,Heilongjiang,0.22542688121569496,Power
2019-01-01,Shanghai,0.16922363721235367,Power
2019-01-02,Shanghai,0.1839040407990524,Power
2019-01-03,Shanghai,0.18263664185039336,Power
2019-01-04,Shanghai,0.17930024119922272,Power
2019-01-05,Shanghai,0.1808011400491541,Power
2019-01-06,Shanghai,0.17470607046130118,Power
2019-01-07,Shanghai,0.17979973841070748,Power
2019-01-08,Shanghai,0.17588560604504838,Power
2019-01-09,Shanghai,0.1801897073179872,Power
2019-01-10,Shanghai,0.17984427189703264,Power
2019-01-11,Shanghai,0.1808565060051259,Power
2019-01-12,Shanghai,0.176063739990349,Power
2019-01-13,Shanghai,0.17053556964733782,Power
2019-01-14,Shanghai,0.17045733514433417,Power
2019-01-15,Shanghai,0.1687674698794555,Power
2019-01-16,Shanghai,0.17211470300027285,Power
2019-01-17,Shanghai,0.17105793540585446,Power
2019-01-18,Shanghai,0.17084730405161386,Power
2019-01-19,Shanghai,0.16470770097743578,Power
2019-01-20,Shanghai,0.1571779309652699,Power
2019-01-21,Shanghai,0.15663269665972146,Power
2019-01-22,Shanghai,0.15736689738021717,Power
2019-01-23,Shanghai,0.15583229751360728,Power
2019-01-24,Shanghai,0.15303992756024654,Power
2019-01-25,Shanghai,0.15014886177232736,Power
2019-01-26,Shanghai,0.14763572881430267,Power
2019-01-27,Shanghai,0.13809232305559693,Power
2019-01-28,Shanghai,0.14123975729182037,Power
2019-01-29,Shanghai,0.13298782263654393,Power
2019-01-30,Shanghai,0.13188652155580038,Power
2019-01-31,Shanghai,0.12904961811611448,Power
2019-01-01,Yunnan,0.04587428485471177,Power
2019-01-02,Yunnan,0.04985394766667021,Power
2019-01-03,Yunnan,0.04951037261206724,Power
2019-01-04,Yunnan,0.0486059186221723,Power
2019-01-05,Yunnan,0.04901279240478377,Power
2019-01-06,Yunnan,0.047360499834499484,Power
2019-01-07,Yunnan,0.048741325694974025,Power
2019-01-08,Yunnan,0.04768025629557345,Power
2019-01-09,Yunnan,0.04884704109639032,Power
2019-01-10,Yunnan,0.04875339813279009,Power
2019-01-11,Yunnan,0.049027801381528055,Power
2019-01-12,Yunnan,0.04772854604683769,Power
2019-01-13,Yunnan,0.04622993234713079,Power
2019-01-14,Yunnan,0.0462087240104269,Power
2019-01-15,Yunnan,0.04575062393762296,Power
2019-01-16,Yunnan,0.04665801446644614,Power
2019-01-17,Yunnan,0.04637153877989212,Power
2019-01-18,Yunnan,0.046314439411843183,Power
2019-01-19,Yunnan,0.04465007440374284,Power
2019-01-20,Yunnan,0.0426088535665196,Power
2019-01-21,Yunnan,0.04246104777379867,Power
2019-01-22,Yunnan,0.04266007985671206,Power
2019-01-23,Yunnan,0.042244070175212756,Power
2019-01-24,Yunnan,0.041487095695935595,Power
2019-01-25,Yunnan,0.04070336608420122,Power
2019-01-26,Yunnan,0.040022089052851775,Power
2019-01-27,Yunnan,0.03743499825708082,Power
2019-01-28,Yunnan,0.03828822595678331,Power
2019-01-29,Yunnan,0.03605123585767803,Power
2019-01-30,Yunnan,0.03575268773330794,Power
2019-01-31,Yunnan,0.034983640816214724,Power
2019-01-01,InnerMongolia,1.1024590171360171,Power
2019-01-02,InnerMongolia,1.198098985499553,Power
2019-01-03,InnerMongolia,1.1898421283472362,Power
2019-01-04,InnerMongolia,1.1681061283223353,Power
2019-01-05,InnerMongolia,1.1778841918256007,Power
2019-01-06,InnerMongolia,1.1381760013039197,Power
2019-01-07,InnerMongolia,1.1713602553101903,Power
2019-01-08,InnerMongolia,1.1458604457571675,Power
2019-01-09,InnerMongolia,1.1739008267416722,Power
2019-01-10,InnerMongolia,1.1716503822946496,Power
2019-01-11,InnerMongolia,1.1782448902387122,Power
2019-01-12,InnerMongolia,1.1470209536950051,Power
2019-01-13,InnerMongolia,1.1110060012727931,Power
2019-01-14,InnerMongolia,1.1104963187325267,Power
2019-01-15,InnerMongolia,1.0994871758627716,Power
2019-01-16,InnerMongolia,1.121293747316325,Power
2019-01-17,InnerMongolia,1.1144091123878028,Power
2019-01-18,InnerMongolia,1.1130368901640084,Power
2019-01-19,InnerMongolia,1.0730385726578682,Power
2019-01-20,InnerMongolia,1.0239835884746855,Power
2019-01-21,InnerMongolia,1.0204314932325211,Power
2019-01-22,InnerMongolia,1.0252146678411753,Power
2019-01-23,InnerMongolia,1.0152170487821028,Power
2019-01-24,InnerMongolia,0.9970253027295158,Power
2019-01-25,InnerMongolia,0.9781905725492082,Power
2019-01-26,InnerMongolia,0.96181800110188,Power
2019-01-27,InnerMongolia,0.8996445724592242,Power
2019-01-28,InnerMongolia,0.9201494931176357,Power
2019-01-29,InnerMongolia,0.8663897470243012,Power
2019-01-30,InnerMongolia,0.8592149851113198,Power
2019-01-31,InnerMongolia,0.8407331120742735,Power
2019-01-01,Beijing,0.1021907634289109,Power
2019-01-02,Beijing,0.11105596497334234,Power
2019-01-03,Beijing,0.1102906081457383,Power
2019-01-04,Beijing,0.10827582265084909,Power
2019-01-05,Beijing,0.10918218538971158,Power
2019-01-06,Beijing,0.10550149500510876,Power
2019-01-07,Beijing,0.10857745900740717,Power
2019-01-08,Beijing,0.10621379290734231,Power
2019-01-09,Beijing,0.10881295341590072,Power
2019-01-10,Beijing,0.10860435188738947,Power
2019-01-11,Beijing,0.1092156197810409,Power
2019-01-12,Beijing,0.10632136442727147,Power
2019-01-13,Beijing,0.10298301313649721,Power
2019-01-14,Beijing,0.10293576888787968,Power
2019-01-15,Beijing,0.10191529311774099,Power
2019-01-16,Beijing,0.10393662012397725,Power
2019-01-17,Beijing,0.10329845935034351,Power
2019-01-18,Beijing,0.10317126329637322,Power
2019-01-19,Beijing,0.0994636800317881,Power
2019-01-20,Beijing,0.09491660281099913,Power
2019-01-21,Beijing,0.09458734673986464,Power
2019-01-22,Beijing,0.09503071584227533,Power
2019-01-23,Beijing,0.09410400173477758,Power
2019-01-24,Beijing,0.09241774547642873,Power
2019-01-25,Beijing,0.09067188878136237,Power
2019-01-26,Beijing,0.0891542581488484,Power
2019-01-27,Beijing,0.08339118665210357,Power
2019-01-28,Beijing,0.0852918591157166,Power
2019-01-29,Beijing,0.0803086811384581,Power
2019-01-30,Beijing,0.07964362748484206,Power
2019-01-31,Beijing,0.07793047834651093,Power
2019-01-01,Jilin,0.16524208133370022,Power
2019-01-02,Jilin,0.17957707899387182,Power
2019-01-03,Jilin,0.1783394998730912,Power
2019-01-04,Jilin,0.17508159928163466,Power
2019-01-05,Jilin,0.17654718443226464,Power
2019-01-06,Jilin,0.1705955218799068,Power
2019-01-07,Jilin,0.17556934413930222,Power
2019-01-08,Jilin,0.17174730491729043,Power
2019-01-09,Jilin,0.175950137714927,Power
2019-01-10,Jilin,0.17561282982540752,Power
2019-01-11,Jilin,0.17660124771769284,Power
2019-01-12,Jilin,0.17192124766171163,Power
2019-01-13,Jilin,0.1665231461405861,Power
2019-01-14,Jilin,0.1664467523676984,Power
2019-01-15,Jilin,0.16479664687332432,Power
2019-01-16,Jilin,0.16806512506410376,Power
2019-01-17,Jilin,0.16703322148571315,Power
2019-01-18,Jilin,0.16682754594332316,Power
2019-01-19,Jilin,0.16083239770486002,Power
2019-01-20,Jilin,0.1534797908866233,Power
2019-01-21,Jilin,0.15294738505403682,Power
2019-01-22,Jilin,0.15366431123036745,Power
2019-01-23,Jilin,0.15216581799295506,Power
2019-01-24,Jilin,0.14943914794527136,Power
2019-01-25,Jilin,0.14661610421486782,Power
2019-01-26,Jilin,0.14416210117195247,Power
2019-01-27,Jilin,0.134843236168468,Power
2019-01-28,Jilin,0.13791661641618042,Power
2019-01-29,Jilin,0.12985883630974962,Power
2019-01-30,Jilin,0.12878344704525369,Power
2019-01-31,Jilin,0.12601329131146471,Power
2019-01-01,Sichuan,0.10555254881701924,Power
2019-01-02,Sichuan,0.11470939027111275,Power
2019-01-03,Sichuan,0.1139188553812906,Power
2019-01-04,Sichuan,0.11183778917560504,Power
2019-01-05,Sichuan,0.11277396867000976,Power
2019-01-06,Sichuan,0.10897219404317289,Power
2019-01-07,Sichuan,0.1121493485101503,Power
2019-01-08,Sichuan,0.10970792451993042,Power
2019-01-09,Sichuan,0.11239259001471097,Power
2019-01-10,Sichuan,0.11217712608937483,Power
2019-01-11,Sichuan,0.11280850295769429,Power
2019-01-12,Sichuan,0.10981903483682849,Power
2019-01-13,Sichuan,0.10637086128606589,Power
2019-01-14,Sichuan,0.10632206283607687,Power
2019-01-15,Sichuan,0.10526801631631404,Power
2019-01-16,Sichuan,0.10735583923045963,Power
2019-01-17,Sichuan,0.10669668478291565,Power
2019-01-18,Sichuan,0.1065653043406375,Power
2019-01-19,Sichuan,0.10273575213457611,Power
2019-01-20,Sichuan,0.09803908900947905,Power
2019-01-21,Sichuan,0.0976990013503248,Power
2019-01-22,Sichuan,0.09815695603483715,Power
2019-01-23,Sichuan,0.0971997556696679,Power
2019-01-24,Sichuan,0.09545802637775211,Power
2019-01-25,Sichuan,0.0936547359643117,Power
2019-01-26,Sichuan,0.0920871796015875,Power
2019-01-27,Sichuan,0.0861345194483115,Power
2019-01-28,Sichuan,0.088097718628639,Power
2019-01-29,Sichuan,0.08295060827287404,Power
2019-01-30,Sichuan,0.08226367624610553,Power
2019-01-31,Sichuan,0.08049416937496523,Power
2019-01-01,Tianjin,0.17950807117061135,Power
2019-01-02,Tianjin,0.19508066478262265,Power
2019-01-03,Tianjin,0.19373624065591538,Power
2019-01-04,Tianjin,0.19019707286936993,Power
2019-01-05,Tianjin,0.19178918767089306,Power
2019-01-06,Tianjin,0.18532369500456328,Power
2019-01-07,Tianjin,0.19072692663250715,Power
2019-01-08,Tianjin,0.18657491593920056,Power
2019-01-09,Tianjin,0.19114059559457092,Power
2019-01-10,Tianjin,0.19077416660656998,Power
2019-01-11,Tianjin,0.19184791844945767,Power
2019-01-12,Tianjin,0.1867638758354519,Power
2019-01-13,Tianjin,0.18089973527138142,Power
2019-01-14,Tianjin,0.1808167461277575,Power
2019-01-15,Tianjin,0.17902418062548123,Power
2019-01-16,Tianjin,0.18257483921652845,Power
2019-01-17,Tianjin,0.18145384739957793,Power
2019-01-18,Tianjin,0.18123041508982124,Power
2019-01-19,Tianjin,0.1747176824494286,Power
2019-01-20,Tianjin,0.16673029656464197,Power
2019-01-21,Tianjin,0.16615192607138618,Power
2019-01-22,Tianjin,0.16693074726539509,Power
2019-01-23,Tianjin,0.16530288329431087,Power
2019-01-24,Tianjin,0.16234080924496544,Power
2019-01-25,Tianjin,0.1592740411990483,Power
2019-01-26,Tianjin,0.15660817455463744,Power
2019-01-27,Tianjin,0.14648477578857716,Power
2019-01-28,Tianjin,0.14982349287436952,Power
2019-01-29,Tianjin,0.1410700533561315,Power
2019-01-30,Tianjin,0.1399018215651181,Power
2019-01-31,Tianjin,0.13689250754170984,Power
2019-01-01,Ningxia,0.31629329652631294,Power
2019-01-02,Ningxia,0.3437322129877698,Power
2019-01-03,Ningxia,0.34136333711387334,Power
2019-01-04,Ningxia,0.33512732199284706,Power
2019-01-05,Ningxia,0.33793262893942705,Power
2019-01-06,Ningxia,0.3265404281555608,Power
2019-01-07,Ningxia,0.33606092454523734,Power
2019-01-08,Ningxia,0.32874507996602464,Power
2019-01-09,Ningxia,0.33678980942951314,Power
2019-01-10,Ningxia,0.33614416139930586,Power
2019-01-11,Ningxia,0.33803611259583655,Power
2019-01-12,Ningxia,0.3290780273822988,Power
2019-01-13,Ningxia,0.31874540925427786,Power
2019-01-14,Ningxia,0.3185991823484818,Power
2019-01-15,Ningxia,0.3154406811832866,Power
2019-01-16,Ningxia,0.3216969431066539,Power
2019-01-17,Ningxia,0.3197217550560547,Power
2019-01-18,Ningxia,0.31932806723275753,Power
2019-01-19,Ningxia,0.30785262959482274,Power
2019-01-20,Ningxia,0.29377885232312695,Power
2019-01-21,Ningxia,0.29275976327196357,Power
2019-01-22,Ningxia,0.2941320465417421,Power
2019-01-23,Ningxia,0.29126374954343454,Power
2019-01-24,Ningxia,0.28604457382886705,Power
2019-01-25,Ningxia,0.280640927248526,Power
2019-01-26,Ningxia,0.2759436691054153,Power
2019-01-27,Ningxia,0.25810623624299905,Power
2019-01-28,Ningxia,0.26398905714541027,Power
2019-01-29,Ningxia,0.24856549305098147,Power
2019-01-30,Ningxia,0.24650706814631368,Power
2019-01-31,Ningxia,0.24120465557767767,Power
2019-01-01,Anhui,0.6602246007461468,Power
2019-01-02,Anhui,0.7175000721665951,Power
2019-01-03,Anhui,0.7125553258022649,Power
2019-01-04,Anhui,0.6995383866551401,Power
2019-01-05,Anhui,0.705394130925149,Power
2019-01-06,Anhui,0.6816142680676309,Power
2019-01-07,Anhui,0.7014871708348143,Power
2019-01-08,Anhui,0.6862162162509579,Power
2019-01-09,Anhui,0.7030086312546081,Power
2019-01-10,Anhui,0.7016609178580624,Power
2019-01-11,Anhui,0.7056101407378358,Power
2019-01-12,Anhui,0.6869112043439501,Power
2019-01-13,Anhui,0.6653430941337247,Power
2019-01-14,Anhui,0.6650378628766673,Power
2019-01-15,Anhui,0.6584448677242275,Power
2019-01-16,Anhui,0.671504069660791,Power
2019-01-17,Anhui,0.6673810997577696,Power
2019-01-18,Anhui,0.6665593232964611,Power
2019-01-19,Anhui,0.6426057134156948,Power
2019-01-20,Anhui,0.6132283788902932,Power
2019-01-21,Anhui,0.6111011518218779,Power
2019-01-22,Anhui,0.6139656297727242,Power
2019-01-23,Anhui,0.6079784012689059,Power
2019-01-24,Anhui,0.5970839933247033,Power
2019-01-25,Anhui,0.5858045244100589,Power
2019-01-26,Anhui,0.5759995572602766,Power
2019-01-27,Anhui,0.5387660397647668,Power
2019-01-28,Anhui,0.5510457280294607,Power
2019-01-29,Anhui,0.5188508742081445,Power
2019-01-30,Anhui,0.5145541572818749,Power
2019-01-31,Anhui,0.5034860023144243,Power
2019-01-01,Shandong,1.4800908113023405,Power
2019-01-02,Shandong,1.608490902523737,Power
2019-01-03,Shandong,1.5974057753567177,Power
2019-01-04,Shandong,1.568224414951232,Power
2019-01-05,Shandong,1.581351816259183,Power
2019-01-06,Shandong,1.528042144869075,Power
2019-01-07,Shandong,1.5725931972630203,Power
2019-01-08,Shandong,1.538358787436671,Power
2019-01-09,Shandong,1.576004005622103,Power
2019-01-10,Shandong,1.5729827031558785,Power
2019-01-11,Shandong,1.5818360668286826,Power
2019-01-12,Shandong,1.539916811008104,Power
2019-01-13,Shandong,1.491565444362218,Power
2019-01-14,Shandong,1.4908811772531425,Power
2019-01-15,Shandong,1.4761010076971173,Power
2019-01-16,Shandong,1.5053771127792441,Power
2019-01-17,Shandong,1.4961342432135818,Power
2019-01-18,Shandong,1.4942919856122252,Power
2019-01-19,Shandong,1.4405928083292587,Power
2019-01-20,Shandong,1.3747347308773399,Power
2019-01-21,Shandong,1.3699659154864001,Power
2019-01-22,Shandong,1.376387499125414,Power
2019-01-23,Shandong,1.3629653366012457,Power
2019-01-24,Shandong,1.3385422644004061,Power
2019-01-25,Shandong,1.3132559629235026,Power
2019-01-26,Shandong,1.291275197942747,Power
2019-01-27,Shandong,1.2078051378218606,Power
2019-01-28,Shandong,1.2353337299792724,Power
2019-01-29,Shandong,1.1631593407512741,Power
2019-01-30,Shandong,1.1535269652927536,Power
2019-01-31,Shandong,1.128714387199056,Power
2019-01-01,Shanxi,0.7127736259747898,Power
2019-01-02,Shanxi,0.774607803916101,Power
2019-01-03,Shanxi,0.7692694920876019,Power
2019-01-04,Shanxi,0.7552165002655709,Power
2019-01-05,Shanxi,0.761538318736737,Power
2019-01-06,Shanxi,0.7358657535899962,Power
2019-01-07,Shanxi,0.75732039334138,Power
2019-01-08,Shanxi,0.7408339830220274,Power
2019-01-09,Shanxi,0.758962950827072,Power
2019-01-10,Shanxi,0.7575079693505485,Power
2019-01-11,Shanxi,0.7617715213427303,Power
2019-01-12,Shanxi,0.7415842870587016,Power
2019-01-13,Shanxi,0.7182995138124573,Power
2019-01-14,Shanxi,0.717969988390945,Power
2019-01-15,Shanxi,0.7108522392862798,Power
2019-01-16,Shanxi,0.7249508577051357,Power
2019-01-17,Shanxi,0.7204997297037853,Power
2019-01-18,Shanxi,0.7196125458766368,Power
2019-01-19,Shanxi,0.6937524047207274,Power
2019-01-20,Shanxi,0.6620368503056383,Power
2019-01-21,Shanxi,0.6597403115987912,Power
2019-01-22,Shanxi,0.6628327809391372,Power
2019-01-23,Shanxi,0.6563690130556272,Power
2019-01-24,Shanxi,0.6446074903185737,Power
2019-01-25,Shanxi,0.6324302585882278,Power
2019-01-26,Shanxi,0.6218448881248796,Power
2019-01-27,Shanxi,0.5816478563222515,Power
2019-01-28,Shanxi,0.5949049175107838,Power
2019-01-29,Shanxi,0.5601475899740428,Power
2019-01-30,Shanxi,0.5555088859635239,Power
2019-01-31,Shanxi,0.5435597872173018,Power
2019-01-01,Guangdong,0.4553904536209874,Power
2019-01-02,Guangdong,0.49489625646752894,Power
2019-01-03,Guangdong,0.4914856136539346,Power
2019-01-04,Guangdong,0.4825071693241313,Power
2019-01-05,Guangdong,0.48654617368173037,Power
2019-01-06,Guangdong,0.47014399399698126,Power
2019-01-07,Guangdong,0.483851344791977,Power
2019-01-08,Guangdong,0.4733181914873158,Power
2019-01-09,Guangdong,0.484900773350006,Power
2019-01-10,Guangdong,0.4839711869421223,Power
2019-01-11,Guangdong,0.4866951666251542,Power
2019-01-12,Guangdong,0.473797560087897,Power
2019-01-13,Guangdong,0.45892093858472693,Power
2019-01-14,Guangdong,0.45871040507771493,Power
2019-01-15,Guangdong,0.45416288132625604,Power
2019-01-16,Guangdong,0.46317047644933806,Power
2019-01-17,Guangdong,0.4603266546161608,Power
2019-01-18,Guangdong,0.45975983363574385,Power
2019-01-19,Guangdong,0.4432378118008494,Power
2019-01-20,Guangdong,0.4229747714952035,Power
2019-01-21,Guangdong,0.42150751490018157,Power
2019-01-22,Guangdong,0.4234832908890633,Power
2019-01-23,Guangdong,0.41935359517459736,Power
2019-01-24,Guangdong,0.41183916846278495,Power
2019-01-25,Guangdong,0.40405914563443435,Power
2019-01-26,Guangdong,0.39729616159380315,Power
2019-01-27,Guangdong,0.3716143127153719,Power
2019-01-28,Guangdong,0.38008423765131555,Power
2019-01-29,Guangdong,0.35787781112709743,Power
2019-01-30,Guangdong,0.3549141471437749,Power
2019-01-31,Guangdong,0.3472798782818172,Power
2019-01-01,Guangxi,0.1843197438881161,Power
2019-01-02,Guangxi,0.20030975730378897,Power
2019-01-03,Guangxi,0.19892929619640976,Power
2019-01-04,Guangxi,0.1952952618282664,Power
2019-01-05,Guangxi,0.1969300529022472,Power
2019-01-06,Guangxi,0.19029125418641815,Power
2019-01-07,Guangxi,0.19583931820012046,Power
2019-01-08,Guangxi,0.19157601381151934,Power
2019-01-09,Guangxi,0.19626407546392943,Power
2019-01-10,Guangxi,0.19588782443086408,Power
2019-01-11,Guangxi,0.19699035794587438,Power
2019-01-12,Guangxi,0.19177003873449383,Power
2019-01-13,Guangxi,0.1857487112262389,Power
2019-01-14,Guangxi,0.18566349757763523,Power
2019-01-15,Guangxi,0.18382288276779638,Power
2019-01-16,Guangxi,0.18746871594882333,Power
2019-01-17,Guangxi,0.1863176762030694,Power
2019-01-18,Guangxi,0.18608825484144417,Power
2019-01-19,Guangxi,0.1794009498948715,Power
2019-01-20,Guangxi,0.1711994639615724,Power
2019-01-21,Guangxi,0.17060559037976544,Power
2019-01-22,Guangxi,0.17140528769743046,Power
2019-01-23,Guangxi,0.1697337892055896,Power
2019-01-24,Guangxi,0.1666923174400439,Power
2019-01-25,Guangxi,0.16354334537933665,Power
2019-01-26,Guangxi,0.16080602079034553,Power
2019-01-27,Guangxi,0.1504112666399094,Power
2019-01-28,Guangxi,0.1538394772721947,Power
2019-01-29,Guangxi,0.14485140381332343,Power
2019-01-30,Guangxi,0.14365185783682588,Power
2019-01-31,Guangxi,0.14056187984053659,Power
2019-01-01,Xinjiang,0.6656898496173173,Power
2019-01-02,Xinjiang,0.7234394395501212,Power
2019-01-03,Xinjiang,0.718453761252241,Power
2019-01-04,Xinjiang,0.7053290696646597,Power
2019-01-05,Xinjiang,0.7112332869841813,Power
2019-01-06,Xinjiang,0.6872565776769978,Power
2019-01-07,Xinjiang,0.7072939856130168,Power
2019-01-08,Xinjiang,0.6918966201574559,Power
2019-01-09,Xinjiang,0.708828040473903,Power
2019-01-10,Xinjiang,0.7074691708903403,Power
2019-01-11,Xinjiang,0.7114510848965293,Power
2019-01-12,Xinjiang,0.6925973612667495,Power
2019-01-13,Xinjiang,0.6708507131925208,Power
2019-01-14,Xinjiang,0.6705429552728985,Power
2019-01-15,Xinjiang,0.6638953842090586,Power
2019-01-16,Xinjiang,0.6770626884316646,Power
2019-01-17,Xinjiang,0.6729055891481522,Power
2019-01-18,Xinjiang,0.6720770101337846,Power
2019-01-19,Xinjiang,0.6479251155492777,Power
2019-01-20,Xinjiang,0.618304599469945,Power
2019-01-21,Xinjiang,0.6161597635070394,Power
2019-01-22,Xinjiang,0.6190479532142633,Power
2019-01-23,Xinjiang,0.6130111632524428,Power
2019-01-24,Xinjiang,0.6020265728905418,Power
2019-01-25,Xinjiang,0.5906537340761945,Power
2019-01-26,Xinjiang,0.5807676027504838,Power
2019-01-27,Xinjiang,0.5432258712937976,Power
2019-01-28,Xinjiang,0.5556072091370609,Power
2019-01-29,Xinjiang,0.5231458507227537,Power
2019-01-30,Xinjiang,0.5188135661619179,Power
2019-01-31,Xinjiang,0.5076537905226935,Power
2019-01-01,Jiangsu,1.0743665110827638,Power
2019-01-02,Jiangsu,1.1675694125363973,Power
2019-01-03,Jiangsu,1.159522953962102,Power
2019-01-04,Jiangsu,1.1383408236981463,Power
2019-01-05,Jiangsu,1.1478697257324726,Power
2019-01-06,Jiangsu,1.1091733665489687,Power
2019-01-07,Jiangsu,1.1415120300688322,Power
2019-01-08,Jiangsu,1.1166619984604682,Power
2019-01-09,Jiangsu,1.1439878634763077,Power
2019-01-10,Jiangsu,1.141794764130797,Power
2019-01-11,Jiangsu,1.148221232944645,Power
2019-01-12,Jiangsu,1.1177929347083275,Power
2019-01-13,Jiangsu,1.0826957037190237,Power
2019-01-14,Jiangsu,1.0821990087453017,Power
2019-01-15,Jiangsu,1.0714703973129085,Power
2019-01-16,Jiangsu,1.092721300727072,Power
2019-01-17,Jiangsu,1.0860120978512593,Power
2019-01-18,Jiangsu,1.084674842152777,Power
2019-01-19,Jiangsu,1.0456957489073082,Power
2019-01-20,Jiangsu,0.9978907680518578,Power
2019-01-21,Jiangsu,0.9944291861580729,Power
2019-01-22,Jiangsu,0.9990904774499246,Power
2019-01-23,Jiangsu,0.989347614503841,Power
2019-01-24,Jiangsu,0.9716194246725358,Power
2019-01-25,Jiangsu,0.9532646350282276,Power
2019-01-26,Jiangsu,0.9373092641800529,Power
2019-01-27,Jiangsu,0.8767201188471139,Power
2019-01-28,Jiangsu,0.8967025397130031,Power
2019-01-29,Jiangsu,0.8443126821770426,Power
2019-01-30,Jiangsu,0.8373207452392649,Power
2019-01-31,Jiangsu,0.819309821345995,Power
2019-01-01,Jiangxi,0.23826231367428782,Power
2019-01-02,Jiangxi,0.2589319256851081,Power
2019-01-03,Jiangxi,0.25714746217380247,Power
2019-01-04,Jiangxi,0.25244990010985285,Power
2019-01-05,Jiangxi,0.2545631251797465,Power
2019-01-06,Jiangxi,0.24598143171227144,Power
2019-01-07,Jiangxi,0.2531531787016779,Power
2019-01-08,Jiangxi,0.24764218597730414,Power
2019-01-09,Jiangxi,0.25370224439746425,Power
2019-01-10,Jiangxi,0.253215880648419,Power
2019-01-11,Jiangxi,0.25464107895137045,Power
2019-01-12,Jiangxi,0.24789299376426827,Power
2019-01-13,Jiangxi,0.2401094791323344,Power
2019-01-14,Jiangxi,0.2399993270637353,Power
2019-01-15,Jiangxi,0.23762004238199458,Power
2019-01-16,Jiangxi,0.24233285627082712,Power
2019-01-17,Jiangxi,0.2408449560211346,Power
2019-01-18,Jiangxi,0.24054839275952158,Power
2019-01-19,Jiangxi,0.23190399734530548,Power
2019-01-20,Jiangxi,0.22130228440444372,Power
2019-01-21,Jiangxi,0.2205346092186684,Power
2019-01-22,Jiangxi,0.2215683440162908,Power
2019-01-23,Jiangxi,0.21940766882453908,Power
2019-01-24,Jiangxi,0.21547608729915554,Power
2019-01-25,Jiangxi,0.21140554470261622,Power
2019-01-26,Jiangxi,0.20786712132977103,Power
2019-01-27,Jiangxi,0.19443026360788918,Power
2019-01-28,Jiangxi,0.1988617660599917,Power
2019-01-29,Jiangxi,0.18724326479359968,Power
2019-01-30,Jiangxi,0.1856926625971661,Power
2019-01-31,Jiangxi,0.18169837912504155,Power
2019-01-01,Hebei,0.9034225412360485,Power
2019-01-02,Hebei,0.9817957976743517,Power
2019-01-03,Hebei,0.975029622464912,Power
2019-01-04,Hebei,0.9572178108024562,Power
2019-01-05,Hebei,0.9652305558035681,Power
2019-01-06,Hebei,0.9326912288704234,Power
2019-01-07,Hebei,0.9598844420578382,Power
2019-01-08,Hebei,0.9389883340036149,Power
2019-01-09,Hebei,0.9619663421222812,Power
2019-01-10,Hebei,0.9601221899047037,Power
2019-01-11,Hebei,0.9655261342077791,Power
2019-01-12,Hebei,0.9399393253910766,Power
2019-01-13,Hebei,0.9104264642923534,Power
2019-01-14,Hebei,0.9100087991559683,Power
2019-01-15,Hebei,0.900987232210049,Power
2019-01-16,Hebei,0.9188568744298505,Power
2019-01-17,Hebei,0.9132151822799097,Power
2019-01-18,Hebei,0.9120906992204111,Power
2019-01-19,Hebei,0.879313624440401,Power
2019-01-20,Hebei,0.8391149614677009,Power
2019-01-21,Hebei,0.8362041567479706,Power
2019-01-22,Hebei,0.8401237834125082,Power
2019-01-23,Hebei,0.8319311211218763,Power
2019-01-24,Hebei,0.8170236885616678,Power
2019-01-25,Hebei,0.8015893553678657,Power
2019-01-26,Hebei,0.7881726660636781,Power
2019-01-27,Hebei,0.7372239450421725,Power
2019-01-28,Hebei,0.7540269347598213,Power
2019-01-29,Hebei,0.709972901297412,Power
2019-01-30,Hebei,0.7040934613006056,Power
2019-01-31,Hebei,0.6889482808935318,Power
2019-01-01,Henan,0.771873437479255,Power
2019-01-02,Henan,0.8388346124469604,Power
2019-01-03,Henan,0.8330536730978585,Power
2019-01-04,Henan,0.8178354737856934,Power
2019-01-05,Henan,0.824681467487811,Power
2019-01-06,Henan,0.7968802548915612,Power
2019-01-07,Henan,0.8201138117058047,Power
2019-01-08,Henan,0.8022604263655589,Power
2019-01-09,Henan,0.8218925622747592,Power
2019-01-10,Henan,0.8203169406288027,Power
2019-01-11,Henan,0.8249340061488353,Power
2019-01-12,Henan,0.8030729420575505,Power
2019-01-13,Henan,0.7778575057513546,Power
2019-01-14,Henan,0.7775006576433854,Power
2019-01-15,Henan,0.7697927385112497,Power
2019-01-16,Henan,0.7850603475614414,Power
2019-01-17,Henan,0.7802401531184108,Power
2019-01-18,Henan,0.7792794082123397,Power
2019-01-19,Henan,0.7512750666930919,Power
2019-01-20,Henan,0.7169298087937753,Power
2019-01-21,Henan,0.7144428519797743,Power
2019-01-22,Henan,0.7177917342237934,Power
2019-01-23,Henan,0.7107920213367044,Power
2019-01-24,Henan,0.6980552888676483,Power
2019-01-25,Henan,0.6848683787854618,Power
2019-01-26,Henan,0.6734053195633114,Power
2019-01-27,Henan,0.6298753403619557,Power
2019-01-28,Henan,0.6442316142441029,Power
2019-01-29,Henan,0.6065923738096854,Power
2019-01-30,Henan,0.6015690504436569,Power
2019-01-31,Henan,0.5886291890516031,Power
2019-01-01,Zhejiang,0.44934675229197485,Power
2019-01-02,Zhejiang,0.48832825501042,Power
2019-01-03,Zhejiang,0.4849628764449921,Power
2019-01-04,Zhejiang,0.476103589281302,Power
2019-01-05,Zhejiang,0.4800889901085464,Power
2019-01-06,Zhejiang,0.4639044914805063,Power
2019-01-07,Zhejiang,0.4774299255630232,Power
2019-01-08,Zhejiang,0.4670365626999927,Power
2019-01-09,Zhejiang,0.47846542666007796,Power
2019-01-10,Zhejiang,0.4775481772315141,Power
2019-01-11,Zhejiang,0.4802360056963998,Power
2019-01-12,Zhejiang,0.467509569373956,Power
2019-01-13,Zhejiang,0.4528303825258935,Power
2019-01-14,Zhejiang,0.4526226431082745,Power
2019-01-15,Zhejiang,0.4481354716877041,Power
2019-01-16,Zhejiang,0.457023522770757,Power
2019-01-17,Zhejiang,0.45421744263738034,Power
2019-01-18,Zhejiang,0.45365814420532913,Power
2019-01-19,Zhejiang,0.4373553939087982,Power
2019-01-20,Zhejiang,0.4173612739607297,Power
2019-01-21,Zhejiang,0.4159134900194773,Power
2019-01-22,Zhejiang,0.4178630445540556,Power
2019-01-23,Zhejiang,0.4137881559776829,Power
2019-01-24,Zhejiang,0.4063734567642048,Power
2019-01-25,Zhejiang,0.3986966862854227,Power
2019-01-26,Zhejiang,0.3920234569932924,Power
2019-01-27,Zhejiang,0.36668244403481487,Power
2019-01-28,Zhejiang,0.3750399606051792,Power
2019-01-29,Zhejiang,0.3531282460329352,Power
2019-01-30,Zhejiang,0.3502039142310678,Power
2019-01-31,Zhejiang,0.34267096334909886,Power
2019-01-01,Hainan,0.045446079788516974,Power
2019-01-02,Hainan,0.04938859517064137,Power
2019-01-03,Hainan,0.049048227154130986,Power
2019-01-04,Hainan,0.048152215623488315,Power
2019-01-05,Hainan,0.04855529151768435,Power
2019-01-06,Hainan,0.046918421968198586,Power
2019-01-07,Hainan,0.04828635876389838,Power
2019-01-08,Hainan,0.0472351937214561,Power
2019-01-09,Hainan,0.04839108738436311,Power
2019-01-10,Hainan,0.048298318513766265,Power
2019-01-11,Hainan,0.048570160395898475,Power
2019-01-12,Hainan,0.04728303272092765,Power
2019-01-13,Hainan,0.04579840755489524,Power
2019-01-14,Hainan,0.04577739718350571,Power
2019-01-15,Hainan,0.04532357316149188,Power
2019-01-16,Hainan,0.0462224938204808,Power
2019-01-17,Hainan,0.045938692188480706,Power
2019-01-18,Hainan,0.04588212580397043,Power
2019-01-19,Hainan,0.044233296504616784,Power
2019-01-20,Hainan,0.04221112906749535,Power
2019-01-21,Hainan,0.042064702940734486,Power
2019-01-22,Hainan,0.04226187719531314,Power
2019-01-23,Hainan,0.041849750679595454,Power
2019-01-24,Hainan,0.04109984203923073,Power
2019-01-25,Hainan,0.040323428007266904,Power
2019-01-26,Hainan,0.03964851023093865,Power
2019-01-27,Hainan,0.03708556815789903,Power
2019-01-28,Hainan,0.03793083156072393,Power
2019-01-29,Hainan,0.03571472223385299,Power
2019-01-30,Hainan,0.03541896085198501,Power
2019-01-31,Hainan,0.0346570924617524,Power
2019-01-01,Hubei,0.33362808933762017,Power
2019-01-02,Hubei,0.36257082499806076,Power
2019-01-03,Hubei,0.3600721203452408,Power
2019-01-04,Hubei,0.35349433373781763,Power
2019-01-05,Hubei,0.35645338853560143,Power
2019-01-06,Hubei,0.34443682598870706,Power
2019-01-07,Hubei,0.35447910337781785,Power
2019-01-08,Hubei,0.3467623061024426,Power
2019-01-09,Hubei,0.3552479355786855,Power
2019-01-10,Hubei,0.35456690211680586,Power
2019-01-11,Hubei,0.3565625437246135,Power
2019-01-12,Hubei,0.34711350105839445,Power
2019-01-13,Hubei,0.33621459272942805,Power
2019-01-14,Hubei,0.3360603517014762,Power
2019-01-15,Hubei,0.33272874549771636,Power
2019-01-16,Hubei,0.33932788855516366,Power
2019-01-17,Hubei,0.337244448208368,Power
2019-01-18,Hubei,0.3368291839023438,Power
2019-01-19,Hubei,0.32472482261646146,Power
2019-01-20,Hubei,0.30987971691081945,Power
2019-01-21,Hubei,0.30880477559293973,Power
2019-01-22,Hubei,0.3102522683167955,Power
2019-01-23,Hubei,0.30722677123004777,Power
2019-01-24,Hubei,0.30172155300161274,Power
2019-01-25,Hubei,0.29602175378406925,Power
2019-01-26,Hubei,0.2910670573784777,Power
2019-01-27,Hubei,0.2722520249072444,Power
2019-01-28,Hubei,0.27845726010869165,Power
2019-01-29,Hubei,0.2621883910681095,Power
2019-01-30,Hubei,0.26001715198232583,Power
2019-01-31,Hubei,0.25442413501490285,Power
2019-01-01,Hunan,0.24766028802182646,Power
2019-01-02,Hunan,0.26914518836110984,Power
2019-01-03,Hunan,0.26729033880324593,Power
2019-01-04,Hunan,0.262407486975707,Power
2019-01-05,Hunan,0.26460406570187617,Power
2019-01-06,Hunan,0.2556838775147703,Power
2019-01-07,Hunan,0.2631385055573912,Power
2019-01-08,Hunan,0.2574101382618801,Power
2019-01-09,Hunan,0.2637092284982724,Power
2019-01-10,Hunan,0.2632036807080474,Power
2019-01-11,Hunan,0.2646850942675568,Power
2019-01-12,Hunan,0.2576708388645048,Power
2019-01-13,Hunan,0.24958031273034653,Power
2019-01-14,Hunan,0.24946581584405864,Power
2019-01-15,Hunan,0.24699268310024017,Power
2019-01-16,Hunan,0.25189138834280367,Power
2019-01-17,Hunan,0.250344799632638,Power
2019-01-18,Hunan,0.2500365387849398,Power
2019-01-19,Hunan,0.24105117544717772,Power
2019-01-20,Hunan,0.23003129051460772,Power
2019-01-21,Hunan,0.22923333529170903,Power
2019-01-22,Hunan,0.23030784453225694,Power
2019-01-23,Hunan,0.22806194407045596,Power
2019-01-24,Hunan,0.22397528597525737,Power
2019-01-25,Hunan,0.2197441856542802,Power
2019-01-26,Hunan,0.21606619336860144,Power
2019-01-27,Hunan,0.20209933473203695,Power
2019-01-28,Hunan,0.20670563254192673,Power
2019-01-29,Hunan,0.19462885327439156,Power
2019-01-30,Hunan,0.19301708941356968,Power
2019-01-31,Hunan,0.1888652561677149,Power
2019-01-01,Gansu,0.29901109030208234,Power
2019-01-02,Gansu,0.32495074952962283,Power
2019-01-03,Gansu,0.32271130858786656,Power
2019-01-04,Gansu,0.31681602815999566,Power
2019-01-05,Gansu,0.31946805366272113,Power
2019-01-06,Gansu,0.30869832058669716,Power
2019-01-07,Gansu,0.3176986188445434,Power
2019-01-08,Gansu,0.31078251063695456,Power
2019-01-09,Gansu,0.318387677595853,Power
2019-01-10,Gansu,0.31777730765256335,Power
2019-01-11,Gansu,0.31956588299161076,Power
2019-01-12,Gansu,0.31109726586903425,Power
2019-01-13,Gansu,0.30132922005185847,Power
2019-01-14,Gansu,0.30119098295668834,Power
2019-01-15,Gansu,0.2982050617010134,Power
2019-01-16,Gansu,0.3041194826497541,Power
2019-01-17,Gansu,0.30225221850268674,Power
2019-01-18,Gansu,0.30188004170799787,Power
2019-01-19,Gansu,0.291031619823954,Power
2019-01-20,Gansu,0.2777268310949639,Power
2019-01-21,Gansu,0.2767634248778551,Power
2019-01-22,Gansu,0.2780607268479133,Power
2019-01-23,Gansu,0.27534915305803753,Power
2019-01-24,Gansu,0.2704151521227343,Power
2019-01-25,Gansu,0.2653067597750626,Power
2019-01-26,Gansu,0.2608661589332896,Power
2019-01-27,Gansu,0.24400336004707437,Power
2019-01-28,Gansu,0.2495647447219959,Power
2019-01-29,Gansu,0.23498392126835835,Power
2019-01-30,Gansu,0.2330379683132711,Power
2019-01-31,Gansu,0.22802527856994792,Power
2019-01-01,Fujian,0.2296587724100844,Power
2019-01-02,Fujian,0.24958201435042313,Power
2019-01-03,Fujian,0.2478619869860567,Power
2019-01-04,Fujian,0.24333405170208372,Power
2019-01-05,Fujian,0.24537096919815668,Power
2019-01-06,Fujian,0.23709915668804152,Power
2019-01-07,Fujian,0.24401193523124995,Power
2019-01-08,Fujian,0.2386999418894461,Power
2019-01-09,Fujian,0.24454117442028575,Power
2019-01-10,Fujian,0.24407237303987442,Power
2019-01-11,Fujian,0.24544610809536546,Power
2019-01-12,Fujian,0.23894169312394395,Power
2019-01-13,Fujian,0.23143923758307525,Power
2019-01-14,Fujian,0.23133306305441065,Power
2019-01-15,Fujian,0.22903969323525547,Power
2019-01-16,Fujian,0.2335823296078128,Power
2019-01-17,Fujian,0.23214815674369726,Power
2019-01-18,Fujian,0.23186230224344642,Power
2019-01-19,Fujian,0.22353005192470676,Power
2019-01-20,Fujian,0.2133111619043117,Power
2019-01-21,Fujian,0.21257120711223387,Power
2019-01-22,Fujian,0.21356761422739387,Power
2019-01-23,Fujian,0.21148496001128073,Power
2019-01-24,Fujian,0.2076953460650984,Power
2019-01-25,Fujian,0.20377178886737,Power
2019-01-26,Fujian,0.2003611363158059,Power
2019-01-27,Fujian,0.18740947727301296,Power
2019-01-28,Fujian,0.19168096023390382,Power
2019-01-29,Fujian,0.18048199764122017,Power
2019-01-30,Fujian,0.17898738696848018,Power
2019-01-31,Fujian,0.1751373352136734,Power
2019-01-01,Tibet,0.0005859648274244688,Power
2019-01-02,Tibet,0.0006367981524605383,Power
2019-01-03,Tibet,0.0006324095740180538,Power
2019-01-04,Tibet,0.0006208567350412577,Power
2019-01-05,Tibet,0.0006260538455044845,Power
2019-01-06,Tibet,0.0006049486591486056,Power
2019-01-07,Tibet,0.0006225863267351142,Power
2019-01-08,Tibet,0.0006090329961606043,Power
2019-01-09,Tibet,0.0006239366585635709,Power
2019-01-10,Tibet,0.0006227405312957714,Power
2019-01-11,Tibet,0.0006262455592825987,Power
2019-01-12,Tibet,0.0006096498144032328,Power
2019-01-13,Tibet,0.0005905076104276102,Power
2019-01-14,Tibet,0.0005902367105237532,Power
2019-01-15,Tibet,0.0005843852726004408,Power
2019-01-16,Tibet,0.0005959756207946942,Power
2019-01-17,Tibet,0.0005923163882472097,Power
2019-01-18,Tibet,0.0005915870423522098,Power
2019-01-19,Tibet,0.0005703276514356739,Power
2019-01-20,Tibet,0.0005442545776121394,Power
2019-01-21,Tibet,0.0005423666136667971,Power
2019-01-22,Tibet,0.0005449089050722249,Power
2019-01-23,Tibet,0.0005395950992657981,Power
2019-01-24,Tibet,0.0005299260565435154,Power
2019-01-25,Tibet,0.00051991526317329,Power
2019-01-26,Tibet,0.0005112131247232357,Power
2019-01-27,Tibet,0.0004781675041435035,Power
2019-01-28,Tibet,0.0004890660156602143,Power
2019-01-29,Tibet,0.0004604923273395377,Power
2019-01-30,Tibet,0.00045667889023139605,Power
2019-01-31,Tibet,0.0004468556429484564,Power
2019-01-01,Guizhou,0.2553454421045859,Power
2019-01-02,Guizhou,0.27749704105299616,Power
2019-01-03,Guizhou,0.27558463360094426,Power
2019-01-04,Guizhou,0.270550261846825,Power
2019-01-05,Guizhou,0.2728150026756081,Power
2019-01-06,Guizhou,0.26361801185206546,Power
2019-01-07,Guizhou,0.2713039646888017,Power
2019-01-08,Guizhou,0.2653978402499864,Power
2019-01-09,Guizhou,0.2718923977509715,Power
2019-01-10,Guizhou,0.27137116229158037,Power
2019-01-11,Guizhou,0.2728985456412248,Power
2019-01-12,Guizhou,0.265666630661101,Power
2019-01-13,Guizhou,0.25732504715941634,Power
2019-01-14,Guizhou,0.2572069973166971,Power
2019-01-15,Guizhou,0.25465712071396135,Power
2019-01-16,Guizhou,0.25970783783091866,Power
2019-01-17,Guizhou,0.2581132568784956,Power
2019-01-18,Guizhou,0.2577954303788668,Power
2019-01-19,Guizhou,0.24853124195254558,Power
2019-01-20,Guizhou,0.23716939862867462,Power
2019-01-21,Guizhou,0.2363466820324928,Power
2019-01-22,Guizhou,0.23745453440262726,Power
2019-01-23,Guizhou,0.23513894133390356,Power
2019-01-24,Guizhou,0.23092547002453961,Power
2019-01-25,Guizhou,0.2265630742982068,Power
2019-01-26,Guizhou,0.22277095011977927,Power
2019-01-27,Guizhou,0.2083706854594575,Power
2019-01-28,Guizhou,0.21311992143962416,Power
2019-01-29,Guizhou,0.20066838725988317,Power
2019-01-30,Guizhou,0.19900660870468145,Power
2019-01-31,Guizhou,0.1947259397925389,Power
2019-01-01,Liaoning,0.44122775886583376,Power
2019-01-02,Liaoning,0.4795049267633464,Power
2019-01-03,Liaoning,0.4762003553280687,Power
2019-01-04,Liaoning,0.4675011416352013,Power
2019-01-05,Liaoning,0.4714145324992004,Power
2019-01-06,Liaoning,0.4555224624628798,Power
2019-01-07,Liaoning,0.468803513093549,Power
2019-01-08,Liaoning,0.45859794205126725,Power
2019-01-09,Liaoning,0.4698203043044037,Power
2019-01-10,Liaoning,0.46891962813923305,Power
2019-01-11,Liaoning,0.47155889174518595,Power
2019-01-12,Liaoning,0.45906240223400335,Power
2019-01-13,Liaoning,0.44464844534679543,Power
2019-01-14,Liaoning,0.44444445945572886,Power
2019-01-15,Liaoning,0.4400383642086921,Power
2019-01-16,Liaoning,0.44876582210186106,Power
2019-01-17,Liaoning,0.44601044345022417,Power
2019-01-18,Liaoning,0.44546125066658343,Power
2019-01-19,Liaoning,0.42945306558457874,Power
2019-01-20,Liaoning,0.4098202081305459,Power
2019-01-21,Liaoning,0.4083985833820362,Power
2019-01-22,Liaoning,0.41031291251358354,Power
2019-01-23,Liaoning,0.40631165080420184,Power
2019-01-24,Liaoning,0.39903092361536613,Power
2019-01-25,Liaoning,0.3914928603793388,Power
2019-01-26,Liaoning,0.38494020590938666,Power
2019-01-27,Liaoning,0.3600570654437495,Power
2019-01-28,Liaoning,0.36826357475357935,Power
2019-01-29,Liaoning,0.3467477706127786,Power
2019-01-30,Liaoning,0.34387627691545763,Power
2019-01-31,Liaoning,0.33647943468093794,Power
2019-01-01,Chongqing,0.1143758268915069,Power
2019-01-02,Chongqing,0.12429810091297046,Power
2019-01-03,Chongqing,0.1234414841592932,Power
2019-01-04,Chongqing,0.12118645885901472,Power
2019-01-05,Chongqing,0.1222008948436638,Power
2019-01-06,Chongqing,0.1180813248145836,Power
2019-01-07,Chongqing,0.12152406185310402,Power
2019-01-08,Chongqing,0.11887855598134872,Power
2019-01-09,Chongqing,0.12178763623885086,Power
2019-01-10,Chongqing,0.12155416139715537,Power
2019-01-11,Chongqing,0.12223831589843032,Power
2019-01-12,Chongqing,0.11899895415755407,Power
2019-01-13,Chongqing,0.11526254318923547,Power
2019-01-14,Chongqing,0.11520966561184798,Power
2019-01-15,Chongqing,0.11406750994027835,Power
2019-01-16,Chongqing,0.11632985675127203,Power
2019-01-17,Chongqing,0.11561560270594573,Power
2019-01-18,Chongqing,0.1154732399975948,Power
2019-01-19,Chongqing,0.11132357042446325,Power
2019-01-20,Chongqing,0.10623430697621566,Power
2019-01-21,Chongqing,0.10586579093688445,Power
2019-01-22,Chongqing,0.10636202666313621,Power
2019-01-23,Chongqing,0.10532481264515096,Power
2019-01-24,Chongqing,0.1034374898830131,Power
2019-01-25,Chongqing,0.10148346002324796,Power
2019-01-26,Chongqing,0.09978486953732389,Power
2019-01-27,Chongqing,0.09333461859724156,Power
2019-01-28,Chongqing,0.09546192421059951,Power
2019-01-29,Chongqing,0.08988456004800591,Power
2019-01-30,Chongqing,0.08914020645862827,Power
2019-01-31,Chongqing,0.08722278415243909,Power
2019-01-01,Shaanxi,0.5100297956859235,Power
2019-01-02,Shaanxi,0.5542756431647547,Power
2019-01-03,Shaanxi,0.5504557794773554,Power
2019-01-04,Shaanxi,0.5404000699412957,Power
2019-01-05,Shaanxi,0.5449236881921855,Power
2019-01-06,Shaanxi,0.5265535175245787,Power
2019-01-07,Shaanxi,0.5419055242910304,Power
2019-01-08,Shaanxi,0.5301085663504583,Power
2019-01-09,Shaanxi,0.5430808669640764,Power
2019-01-10,Shaanxi,0.5420397455222117,Power
2019-01-11,Shaanxi,0.5450905578309512,Power
2019-01-12,Shaanxi,0.530645451275183,Power
2019-01-13,Shaanxi,0.5139838806045042,Power
2019-01-14,Shaanxi,0.5137480865497264,Power
2019-01-15,Shaanxi,0.5086549349665274,Power
2019-01-16,Shaanxi,0.5187432929101715,Power
2019-01-17,Shaanxi,0.5155582593702508,Power
2019-01-18,Shaanxi,0.5149234292227722,Power
2019-01-19,Shaanxi,0.4964190373239843,Power
2019-01-20,Shaanxi,0.4737247664518381,Power
2019-01-21,Shaanxi,0.47208146327007944,Power
2019-01-22,Shaanxi,0.4742942997841474,Power
2019-01-23,Shaanxi,0.4696691087096611,Power
2019-01-24,Shaanxi,0.4612530747545173,Power
2019-01-25,Shaanxi,0.4525395775302694,Power
2019-01-26,Shaanxi,0.44496514697064005,Power
2019-01-27,Shaanxi,0.4162018998885993,Power
2019-01-28,Shaanxi,0.42568807609234965,Power
2019-01-29,Shaanxi,0.40081724471456276,Power
2019-01-30,Shaanxi,0.39749798994346086,Power
2019-01-31,Shaanxi,0.38894773475713595,Power
2019-01-01,Qinghai,0.12341884177627875,Power
2019-01-02,Qinghai,0.1341256108620009,Power
2019-01-03,Qinghai,0.1332012665275526,Power
2019-01-04,Qinghai,0.13076794981806492,Power
2019-01-05,Qinghai,0.13186259120938207,Power
2019-01-06,Qinghai,0.12741731133317508,Power
2019-01-07,Qinghai,0.13113224506858345,Power
2019-01-08,Qinghai,0.1282775748163273,Power
2019-01-09,Qinghai,0.13141665870995214,Power
2019-01-10,Qinghai,0.13116472440417185,Power
2019-01-11,Qinghai,0.13190297092389736,Power
2019-01-12,Qinghai,0.1284074921586809,Power
2019-01-13,Qinghai,0.12437566544631543,Power
2019-01-14,Qinghai,0.12431860715406554,Power
2019-01-15,Qinghai,0.12308614804146786,Power
2019-01-16,Qinghai,0.12552736512988247,Power
2019-01-17,Qinghai,0.12475663927456855,Power
2019-01-18,Qinghai,0.12460302079543421,Power
2019-01-19,Qinghai,0.12012526158363881,Power
2019-01-20,Qinghai,0.11463362040955687,Power
2019-01-21,Qinghai,0.11423596800356917,Power
2019-01-22,Qinghai,0.11477143813083739,Power
2019-01-23,Qinghai,0.11365221778285872,Power
2019-01-24,Qinghai,0.11161567565947796,Power
2019-01-25,Qinghai,0.10950715230587424,Power
2019-01-26,Qinghai,0.10767426439483153,Power
2019-01-27,Qinghai,0.10071403056022545,Power
2019-01-28,Qinghai,0.10300952954843265,Power
2019-01-29,Qinghai,0.09699119644589013,Power
2019-01-30,Qinghai,0.09618799125498781,Power
2019-01-31,Qinghai,0.09411896979601864,Power
2019-01-01,Heilongjiang,0.21263762102884087,Power
2019-01-02,Heilongjiang,0.23108425263327612,Power
2019-01-03,Heilongjiang,0.2294917050330899,Power
2019-01-04,Heilongjiang,0.22529935750439484,Power
2019-01-05,Heilongjiang,0.22718530893595426,Power
2019-01-06,Heilongjiang,0.21952656150258054,Power
2019-01-07,Heilongjiang,0.2259269997209924,Power
2019-01-08,Heilongjiang,0.22100870456828084,Power
2019-01-09,Heilongjiang,0.22641701436720352,Power
2019-01-10,Heilongjiang,0.22598295818367703,Power
2019-01-11,Heilongjiang,0.22725487891658916,Power
2019-01-12,Heilongjiang,0.22123253841901924,Power
2019-01-13,Heilongjiang,0.21428612709171163,Power
2019-01-14,Heilongjiang,0.21418782168429273,Power
2019-01-15,Heilongjiang,0.21206442488404456,Power
2019-01-16,Heilongjiang,0.21627038393068998,Power
2019-01-17,Heilongjiang,0.2149425047350932,Power
2019-01-18,Heilongjiang,0.21467783633050383,Power
2019-01-19,Heilongjiang,0.20696313043444547,Power
2019-01-20,Heilongjiang,0.1975016130680975,Power
2019-01-21,Heilongjiang,0.19681649999793197,Power
2019-01-22,Heilongjiang,0.1977390584367862,Power
2019-01-23,Heilongjiang,0.19581076006049247,Power
2019-01-24,Heilongjiang,0.19230201321107954,Power
2019-01-25,Heilongjiang,0.18866925030923046,Power
2019-01-26,Heilongjiang,0.1855113781447588,Power
2019-01-27,Heilongjiang,0.17351963083053676,Power
2019-01-28,Heilongjiang,0.17747453299054314,Power
2019-01-29,Heilongjiang,0.16710558109417453,Power
2019-01-30,Heilongjiang,0.16572174343589313,Power
2019-01-31,Heilongjiang,0.16215703812379562,Power
2019-02-01,Shanghai,0.12196951745055128,Power
2019-02-02,Shanghai,0.11967584662979928,Power
2019-02-03,Shanghai,0.11568807661529919,Power
2019-02-04,Shanghai,0.11151852278293073,Power
2019-02-05,Shanghai,0.10713456303666562,Power
2019-02-06,Shanghai,0.10722500498565456,Power
2019-02-07,Shanghai,0.1105806937671088,Power
2019-02-08,Shanghai,0.11712232394068357,Power
2019-02-09,Shanghai,0.12661310408520754,Power
2019-02-10,Shanghai,0.13326913657485415,Power
2019-02-11,Shanghai,0.13664721086358303,Power
2019-02-12,Shanghai,0.143143507572677,Power
2019-02-13,Shanghai,0.1437543281983113,Power
2019-02-14,Shanghai,0.1458218941465909,Power
2019-02-15,Shanghai,0.14811556496734288,Power
2019-02-16,Shanghai,0.14579939614932996,Power
2019-02-17,Shanghai,0.1490076105587388,Power
2019-02-18,Shanghai,0.1602948557845482,Power
2019-02-19,Shanghai,0.15827228583079045,Power
2019-02-20,Shanghai,0.15890560445368565,Power
2019-02-21,Shanghai,0.16391028394437987,Power
2019-02-22,Shanghai,0.16217118875610986,Power
2019-02-23,Shanghai,0.1555500281622177,Power
2019-02-24,Shanghai,0.15040923578809487,Power
2019-02-25,Shanghai,0.1564870697481355,Power
2019-02-26,Shanghai,0.161763975005687,Power
2019-02-27,Shanghai,0.16058845464880334,Power
2019-02-28,Shanghai,0.1561709728866194,Power
2019-02-01,Yunnan,0.03306431937813155,Power
2019-02-02,Yunnan,0.032442535623052,Power
2019-02-03,Yunnan,0.03136150403317608,Power
2019-02-04,Yunnan,0.03023119325996477,Power
2019-02-05,Yunnan,0.029042759885616557,Power
2019-02-06,Yunnan,0.029067277499107674,Power
2019-02-07,Yunnan,0.029976960245443038,Power
2019-02-08,Yunnan,0.03175030947100169,Power
2019-02-09,Yunnan,0.034323134160362236,Power
2019-02-10,Yunnan,0.03612749633731451,Power
2019-02-11,Yunnan,0.03704324749793437,Power
2019-02-12,Yunnan,0.038804307422203324,Power
2019-02-13,Yunnan,0.03896989279690082,Power
2019-02-14,Yunnan,0.03953038251825257,Power
2019-02-15,Yunnan,0.04015216627333211,Power
2019-02-16,Yunnan,0.03952428360942393,Power
2019-02-17,Yunnan,0.04039398800838757,Power
2019-02-18,Yunnan,0.043453810567714794,Power
2019-02-19,Yunnan,0.04290551866402032,Power
2019-02-20,Yunnan,0.04307720294754645,Power
2019-02-21,Yunnan,0.04443390521647676,Power
2019-02-22,Yunnan,0.04396245956402312,Power
2019-02-23,Yunnan,0.04216755069575523,Power
2019-02-24,Yunnan,0.040773950028411665,Power
2019-02-25,Yunnan,0.04242157024846796,Power
2019-02-26,Yunnan,0.04385206931422479,Power
2019-02-27,Yunnan,0.0435334013279285,Power
2019-02-28,Yunnan,0.04233588057942562,Power
2019-02-01,InnerMongolia,0.7946076360499879,Power
2019-02-02,InnerMongolia,0.7796648176569129,Power
2019-02-03,InnerMongolia,0.7536852731726313,Power
2019-02-04,InnerMongolia,0.7265214425420421,Power
2019-02-05,InnerMongolia,0.6979607991671078,Power
2019-02-06,InnerMongolia,0.6985500108389092,Power
2019-02-07,InnerMongolia,0.7204116692736231,Power
2019-02-08,InnerMongolia,0.7630291149829159,Power
2019-02-09,InnerMongolia,0.8248596980051682,Power
2019-02-10,InnerMongolia,0.8682224525082697,Power
2019-02-11,InnerMongolia,0.8902299481602578,Power
2019-02-12,InnerMongolia,0.9325520551833119,Power
2019-02-13,InnerMongolia,0.936531432518986,Power
2019-02-14,InnerMongolia,0.9500012217325572,Power
2019-02-15,InnerMongolia,0.964944040125632,Power
2019-02-16,InnerMongolia,0.9498546516649448,Power
2019-02-17,InnerMongolia,0.9707555433064599,Power
2019-02-18,InnerMongolia,1.044289746227555,Power
2019-02-19,InnerMongolia,1.0311130971492086,Power
2019-02-20,InnerMongolia,1.035239044552495,Power
2019-02-21,InnerMongolia,1.067843556092853,Power
2019-02-22,InnerMongolia,1.0565136898664216,Power
2019-02-23,InnerMongolia,1.0133781189681192,Power
2019-02-24,InnerMongolia,0.9798868585187068,Power
2019-02-25,InnerMongolia,1.0194827622841718,Power
2019-02-26,InnerMongolia,1.053860771642639,Power
2019-02-27,InnerMongolia,1.0462024856098957,Power
2019-02-28,InnerMongolia,1.017423452834219,Power
2019-02-01,Beijing,0.07365494743318163,Power
2019-02-02,Beijing,0.07226984558755038,Power
2019-02-03,Beijing,0.06986171118698016,Power
2019-02-04,Beijing,0.06734380118157715,Power
2019-02-05,Beijing,0.06469641574126621,Power
2019-02-06,Beijing,0.06475103182188845,Power
2019-02-07,Beijing,0.06677746503213981,Power
2019-02-08,Beijing,0.07072782440580302,Power
2019-02-09,Beijing,0.07645911634871164,Power
2019-02-10,Beijing,0.08047856098853508,Power
2019-02-11,Beijing,0.08251851235804493,Power
2019-02-12,Beijing,0.08644149576094849,Power
2019-02-13,Beijing,0.08681035809649422,Power
2019-02-14,Beijing,0.08805891974056985,Power
2019-02-15,Beijing,0.08944402158620107,Power
2019-02-16,Beijing,0.08804533365086283,Power
2019-02-17,Beijing,0.08998271004308463,Power
2019-02-18,Beijing,0.09679885124909923,Power
2019-02-19,Beijing,0.09557746178443766,Power
2019-02-20,Beijing,0.09595991020969041,Power
2019-02-21,Beijing,0.0989821358650182,Power
2019-02-22,Beijing,0.09793193113066513,Power
2019-02-23,Beijing,0.09393354492988758,Power
2019-02-24,Beijing,0.09082912343183232,Power
2019-02-25,Beijing,0.09449940556618518,Power
2019-02-26,Beijing,0.09768602290696798,Power
2019-02-27,Beijing,0.09697614971977592,Power
2019-02-28,Beijing,0.09430852100580149,Power
2019-02-01,Jilin,0.11909977385431615,Power
2019-02-02,Jilin,0.11686006936291686,Power
2019-02-03,Jilin,0.11296612506570722,Power
2019-02-04,Jilin,0.1088946740270507,Power
2019-02-05,Jilin,0.10461386169557386,Power
2019-02-06,Jilin,0.10470217569317489,Power
2019-02-07,Jilin,0.10797891059670271,Power
2019-02-08,Jilin,0.1143666268933355,Power
2019-02-09,Jilin,0.12363410447741388,Power
2019-02-10,Jilin,0.13013353139041514,Power
2019-02-11,Jilin,0.133432125106782,Power
2019-02-12,Jilin,0.13977557456133372,Power
2019-02-13,Jilin,0.14037202357498246,Power
2019-02-14,Jilin,0.1423909430723792,Power
2019-02-15,Jilin,0.14463064756377847,Power
2019-02-16,Jilin,0.1423689744162595,Power
2019-02-17,Jilin,0.14550170477892296,Power
2019-02-18,Jilin,0.15652337955415616,Power
2019-02-19,Jilin,0.15454839736899878,Power
2019-02-20,Jilin,0.15516681503876717,Power
2019-02-21,Jilin,0.16005374259258542,Power
2019-02-22,Jilin,0.15835556547453575,Power
2019-02-23,Jilin,0.15189018997851994,Power
2019-02-24,Jilin,0.14687035205517776,Power
2019-02-25,Jilin,0.15280518450590377,Power
2019-02-26,Jilin,0.15795793279876993,Power
2019-02-27,Jilin,0.1568100705165177,Power
2019-02-28,Jilin,0.15249652488742257,Power
2019-02-01,Sichuan,0.07607798565830465,Power
2019-02-02,Sichuan,0.07464731790251242,Power
2019-02-03,Sichuan,0.0721599627312111,Power
2019-02-04,Sichuan,0.06955922064998526,Power
2019-02-05,Sichuan,0.06682474376039556,Power
2019-02-06,Sichuan,0.06688115655468965,Power
2019-02-07,Sichuan,0.06897425365243551,Power
2019-02-08,Sichuan,0.07305456861087518,Power
2019-02-09,Sichuan,0.07897440375340532,Power
2019-02-10,Sichuan,0.08312607668671704,Power
2019-02-11,Sichuan,0.08523313665270235,Power
2019-02-12,Sichuan,0.08928517504882794,Power
2019-02-13,Sichuan,0.08966617190581429,Power
2019-02-14,Sichuan,0.09095580767587125,Power
2019-02-15,Sichuan,0.09238647543166345,Power
2019-02-16,Sichuan,0.09094177464246474,Power
2019-02-17,Sichuan,0.092942885206231,Power
2019-02-18,Sichuan,0.09998325806626983,Power
2019-02-19,Sichuan,0.09872168836302588,Power
2019-02-20,Sichuan,0.09911671825341872,Power
2019-02-21,Sichuan,0.10223836653469365,Power
2019-02-22,Sichuan,0.10115361305237155,Power
2019-02-23,Sichuan,0.0970236913208399,Power
2019-02-24,Sichuan,0.09381714318745568,Power
2019-02-25,Sichuan,0.09760816716222044,Power
2019-02-26,Sichuan,0.10089961514771398,Power
2019-02-27,Sichuan,0.10016638915222459,Power
2019-02-28,Sichuan,0.09741100304285918,Power
2019-02-01,Tianjin,0.12938211930573218,Power
2019-02-02,Tianjin,0.1269490524380296,Power
2019-02-03,Tianjin,0.12271892882547165,Power
2019-02-04,Tianjin,0.11829597362594912,Power
2019-02-05,Tianjin,0.11364558216110829,Power
2019-02-06,Tianjin,0.11374152064868223,Power
2019-02-07,Tianjin,0.11730114878651626,Power
2019-02-08,Tianjin,0.12424034140826752,Power
2019-02-09,Tianjin,0.13430791627967836,Power
2019-02-10,Tianjin,0.14136846392862204,Power
2019-02-11,Tianjin,0.14495183803539538,Power
2019-02-12,Tianjin,0.1518429420868826,Power
2019-02-13,Tianjin,0.15249088485743803,Power
2019-02-14,Tianjin,0.15468410550620573,Power
2019-02-15,Tianjin,0.1571171723739083,Power
2019-02-16,Tianjin,0.1546602402107893,Power
2019-02-17,Tianjin,0.15806343133716877,Power
2019-02-18,Tianjin,0.17003665004757967,Power
2019-02-19,Tianjin,0.16789115998964477,Power
2019-02-20,Tianjin,0.16856296805561657,Power
2019-02-21,Tianjin,0.17387180302099606,Power
2019-02-22,Tianjin,0.1720270156853079,Power
2019-02-23,Tianjin,0.16500345924425963,Power
2019-02-24,Tianjin,0.15955023924161088,Power
2019-02-25,Tianjin,0.16599744879835293,Power
2019-02-26,Tianjin,0.17159505383827095,Power
2019-02-27,Tianjin,0.17034809215276375,Power
2019-02-28,Tianjin,0.16566214139775243,Power
2019-02-01,Ningxia,0.2279713483628056,Power
2019-02-02,Ningxia,0.22368428352368103,Power
2019-02-03,Ningxia,0.21623080394805738,Power
2019-02-04,Ningxia,0.2084375550355026,Power
2019-02-05,Ningxia,0.20024356332827542,Power
2019-02-06,Ningxia,0.20041260698353072,Power
2019-02-07,Ningxia,0.20668467325209008,Power
2019-02-08,Ningxia,0.2189115335556512,Power
2019-02-09,Ningxia,0.23665060469233296,Power
2019-02-10,Ningxia,0.24909129260459395,Power
2019-02-11,Ningxia,0.25540519928036204,Power
2019-02-12,Ningxia,0.2675473275029929,Power
2019-02-13,Ningxia,0.26868900293587406,Power
2019-02-14,Ningxia,0.27255345863686037,Power
2019-02-15,Ningxia,0.2768405234759849,Power
2019-02-16,Ningxia,0.27251140797634904,Power
2019-02-17,Ningxia,0.278507832165257,Power
2019-02-18,Ningxia,0.2996046485437642,Power
2019-02-19,Ningxia,0.29582429416380046,Power
2019-02-20,Ningxia,0.2970080202571928,Power
2019-02-21,Ningxia,0.30636218968792617,Power
2019-02-22,Ningxia,0.30311167363040453,Power
2019-02-23,Ningxia,0.290736164241936,Power
2019-02-24,Ningxia,0.2811275883151095,Power
2019-02-25,Ningxia,0.29248757425223065,Power
2019-02-26,Ningxia,0.30235055667515043,Power
2019-02-27,Ningxia,0.3001534096634363,Power
2019-02-28,Ningxia,0.29189676247204727,Power
2019-02-01,Anhui,0.4758630489719302,Power
2019-02-02,Anhui,0.4669143115093631,Power
2019-02-03,Anhui,0.45135606025639574,Power
2019-02-04,Anhui,0.4350885809632366,Power
2019-02-05,Anhui,0.4179845987959407,Power
2019-02-06,Anhui,0.4183374573010855,Power
2019-02-07,Anhui,0.43142964892667846,Power
2019-02-08,Anhui,0.4569517641626111,Power
2019-02-09,Anhui,0.49397996326593563,Power
2019-02-10,Anhui,0.5199484181781523,Power
2019-02-11,Anhui,0.5331279466725559,Power
2019-02-12,Anhui,0.5584731937771784,Power
2019-02-13,Anhui,0.5608563053231195,Power
2019-02-14,Anhui,0.5689228965228245,Power
2019-02-15,Anhui,0.5778716339853915,Power
2019-02-16,Anhui,0.568835120775276,Power
2019-02-17,Anhui,0.5813519423756885,Power
2019-02-18,Anhui,0.6253890349207591,Power
2019-02-19,Anhui,0.6174979952161511,Power
2019-02-20,Anhui,0.6199688825096407,Power
2019-02-21,Anhui,0.6394945975517992,Power
2019-02-22,Anhui,0.6327095322663019,Power
2019-02-23,Anhui,0.6068771297627854,Power
2019-02-24,Anhui,0.5868203714479587,Power
2019-02-25,Anhui,0.6105329896481794,Power
2019-02-26,Anhui,0.6311207912356745,Power
2019-02-27,Anhui,0.6265345084262667,Power
2019-02-28,Anhui,0.6092997403951234,Power
2019-02-01,Shandong,1.066789279626491,Power
2019-02-02,Shandong,1.0467280094524714,Power
2019-02-03,Shandong,1.0118495382573272,Power
2019-02-04,Shandong,0.9753811203921868,Power
2019-02-05,Shandong,0.9370374312689949,Power
2019-02-06,Shandong,0.9378284690924332,Power
2019-02-07,Shandong,0.9671785304245165,Power
2019-02-08,Shandong,1.0243939813529008,Power
2019-02-09,Shandong,1.1074037589194545,Power
2019-02-10,Shandong,1.1656198136618152,Power
2019-02-11,Shandong,1.1951656666939783,Power
2019-02-12,Shandong,1.2519846148327536,Power
2019-02-13,Shandong,1.2573270717746332,Power
2019-02-14,Shandong,1.2754107473900564,Power
2019-02-15,Shandong,1.295472017564076,Power
2019-02-16,Shandong,1.2752139718120867,Power
2019-02-17,Shandong,1.3032741692305778,Power
2019-02-18,Shandong,1.4019964766980189,Power
2019-02-19,Shandong,1.3843063522385353,Power
2019-02-20,Shandong,1.3898455847583846,Power
2019-02-21,Shandong,1.433618312077763,Power
2019-02-22,Shandong,1.4184075599006989,Power
2019-02-23,Shandong,1.3604965073041912,Power
2019-02-24,Shandong,1.3155332877380956,Power
2019-02-25,Shandong,1.3686922101266326,Power
2019-02-26,Shandong,1.4148459219394458,Power
2019-02-27,Shandong,1.4045643979905245,Power
2019-02-28,Shandong,1.3659275132561572,Power
2019-02-01,Shanxi,0.5137382498316747,Power
2019-02-02,Shanxi,0.504077258644915,Power
2019-02-03,Shanxi,0.48728068495336885,Power
2019-02-04,Shanxi,0.46971843388282286,Power
2019-02-05,Shanxi,0.45125310045808553,Power
2019-02-06,Shanxi,0.4516340439065482,Power
2019-02-07,Shanxi,0.465768277751189,Power
2019-02-08,Shanxi,0.4933217657592141,Power
2019-02-09,Shanxi,0.533297137334835,Power
2019-02-10,Shanxi,0.5613324903765499,Power
2019-02-11,Shanxi,0.5755610124627878,Power
2019-02-12,Shanxi,0.6029235549363222,Power
2019-02-13,Shanxi,0.6054963446442234,Power
2019-02-14,Shanxi,0.6142049772098263,Power
2019-02-15,Shanxi,0.6238659683965858,Power
2019-02-16,Shanxi,0.6141102151579698,Power
2019-02-17,Shanxi,0.6276232837526919,Power
2019-02-18,Shanxi,0.6751654051690461,Power
2019-02-19,Shanxi,0.666646296707156,Power
2019-02-20,Shanxi,0.6693138484669136,Power
2019-02-21,Shanxi,0.6903936669023689,Power
2019-02-22,Shanxi,0.6830685602938695,Power
2019-02-23,Shanxi,0.6551800884325321,Power
2019-02-24,Shanxi,0.6335269595833455,Power
2019-02-25,Shanxi,0.6591269278923508,Power
2019-02-26,Shanxi,0.6813533671552687,Power
2019-02-27,Shanxi,0.676402049945772,Power
2019-02-28,Shanxi,0.6577955210637686,Power
2019-02-01,Guangdong,0.3282269238193911,Power
2019-02-02,Guangdong,0.32205452489967795,Power
2019-02-03,Guangdong,0.3113232084845808,Power
2019-02-04,Guangdong,0.30010270145377704,Power
2019-02-05,Guangdong,0.288305215887369,Power
2019-02-06,Guangdong,0.28854860032736157,Power
2019-02-07,Guangdong,0.29757895011519697,Power
2019-02-08,Guangdong,0.3151828497904338,Power
2019-02-09,Guangdong,0.3407230801413999,Power
2019-02-10,Guangdong,0.3586348429702095,Power
2019-02-11,Guangdong,0.3677254334341127,Power
2019-02-12,Guangdong,0.38520733817238806,Power
2019-02-13,Guangdong,0.3868510912932337,Power
2019-02-14,Guangdong,0.3924150291129654,Power
2019-02-15,Guangdong,0.3985874280326785,Power
2019-02-16,Guangdong,0.3923544857199323,Power
2019-02-17,Guangdong,0.40098797356643645,Power
2019-02-18,Guangdong,0.4313625938510868,Power
2019-02-19,Guangdong,0.42591974281742107,Power
2019-02-20,Guangdong,0.42762403933129967,Power
2019-02-21,Guangdong,0.44109191711148793,Power
2019-02-22,Guangdong,0.43641191283003794,Power
2019-02-23,Guangdong,0.4185939922604294,Power
2019-02-24,Guangdong,0.40475982695239165,Power
2019-02-25,Guangdong,0.42111562458025337,Power
2019-02-26,Guangdong,0.43531607741614087,Power
2019-02-27,Guangdong,0.43215268513016725,Power
2019-02-28,Guangdong,0.42026498990813993,Power
2019-02-01,Guangxi,0.1328501773687295,Power
2019-02-02,Guangxi,0.1303518927011205,Power
2019-02-03,Guangxi,0.1260083815943653,Power
2019-02-04,Guangxi,0.12146687009413995,Power
2019-02-05,Guangxi,0.11669182595161633,Power
2019-02-06,Guangxi,0.11679033604836754,Power
2019-02-07,Guangxi,0.12044537920282775,Power
2019-02-08,Guangxi,0.12757057529284566,Power
2019-02-09,Guangxi,0.13790800920192708,Power
2019-02-10,Guangxi,0.14515781321283555,Power
2019-02-11,Guangxi,0.14883723884149164,Power
2019-02-12,Guangxi,0.15591305735813799,Power
2019-02-13,Guangxi,0.15657836808619668,Power
2019-02-14,Guangxi,0.1588303775119276,Power
2019-02-15,Guangxi,0.16132866217953656,Power
2019-02-16,Guangxi,0.15880587251273573,Power
2019-02-17,Guangxi,0.16230028539749336,Power
2019-02-18,Guangxi,0.17459444349204395,Power
2019-02-19,Guangxi,0.17239144406469672,Power
2019-02-20,Guangxi,0.17308125979194727,Power
2019-02-21,Guangxi,0.17853239686217404,Power
2019-02-22,Guangxi,0.17663816042464411,Power
2019-02-23,Guangxi,0.169426339162483,Power
2019-02-24,Guangxi,0.16382694684714558,Power
2019-02-25,Guangxi,0.1704469723788235,Power
2019-02-26,Guangxi,0.17619461993927166,Power
2019-02-27,Guangxi,0.17491423373149756,Power
2019-02-28,Guangxi,0.17010267714017804,Power
2019-02-01,Xinjiang,0.4798021781535548,Power
2019-02-02,Xinjiang,0.47077936426720635,Power
2019-02-03,Xinjiang,0.45509232394003374,Power
2019-02-04,Xinjiang,0.4386901846800342,Power
2019-02-05,Xinjiang,0.42144461808960904,Power
2019-02-06,Xinjiang,0.42180039750915893,Power
2019-02-07,Xinjiang,0.43500096450492454,Power
2019-02-08,Xinjiang,0.4607343483172256,Power
2019-02-09,Xinjiang,0.4980690617841807,Power
2019-02-10,Xinjiang,0.5242524800115095,Power
2019-02-11,Xinjiang,0.5375411068387308,Power
2019-02-12,Xinjiang,0.5630961584295411,Power
2019-02-13,Xinjiang,0.565498997046651,Power
2019-02-14,Xinjiang,0.5736323623841245,Power
2019-02-15,Xinjiang,0.5826551762704728,Power
2019-02-16,Xinjiang,0.5735438600409528,Power
2019-02-17,Xinjiang,0.5861642941772282,Power
2019-02-18,Xinjiang,0.6305659197464387,Power
2019-02-19,Xinjiang,0.6226095590953085,Power
2019-02-20,Xinjiang,0.62510090005559,Power
2019-02-21,Xinjiang,0.6447882462941207,Power
2019-02-22,Xinjiang,0.6379470151669532,Power
2019-02-23,Xinjiang,0.6119007755715403,Power
2019-02-24,Xinjiang,0.5916779901568213,Power
2019-02-25,Xinjiang,0.615586898164639,Power
2019-02-26,Xinjiang,0.6363451227555466,Power
2019-02-27,Xinjiang,0.6317208753248285,Power
2019-02-28,Xinjiang,0.6143434402430775,Power
2019-02-01,Jiangsu,0.7743596998648535,Power
2019-02-02,Jiangsu,0.7597976495635038,Power
2019-02-03,Jiangsu,0.7344801074750859,Power
2019-02-04,Jiangsu,0.7080084568389982,Power
2019-02-05,Jiangsu,0.6801755865916124,Power
2019-02-06,Jiangsu,0.6807497841611212,Power
2019-02-07,Jiangsu,0.7020543708477107,Power
2019-02-08,Jiangsu,0.7435858525139386,Power
2019-02-09,Jiangsu,0.803840888508292,Power
2019-02-10,Jiangsu,0.8460986872493836,Power
2019-02-11,Jiangsu,0.8675453949761874,Power
2019-02-12,Jiangsu,0.9087890636815794,Power
2019-02-13,Jiangsu,0.9126670398040084,Power
2019-02-14,Jiangsu,0.9257935961815861,Power
2019-02-15,Jiangsu,0.9403556464829356,Power
2019-02-16,Jiangsu,0.9256507609652902,Power
2019-02-17,Jiangsu,0.9460190628090612,Power
2019-02-18,Jiangsu,1.017679490824629,Power
2019-02-19,Jiangsu,1.0048386048796427,Power
2019-02-20,Jiangsu,1.0088594162183675,Power
2019-02-21,Jiangsu,1.0406331100833526,Power
2019-02-22,Jiangsu,1.0295919478636926,Power
2019-02-23,Jiangsu,0.9875555437078594,Power
2019-02-24,Jiangsu,0.9549176967842853,Power
2019-02-25,Jiangsu,0.9935046304665764,Power
2019-02-26,Jiangsu,1.02700663044874,Power
2019-02-27,Jiangsu,1.0195434903972882,Power
2019-02-28,Jiangsu,0.9914977956776216,Power
2019-02-01,Jiangxi,0.17172978848715634,Power
2019-02-02,Jiangxi,0.1685003618800814,Power
2019-02-03,Jiangxi,0.16288568933369565,Power
2019-02-04,Jiangxi,0.15701507007828422,Power
2019-02-05,Jiangxi,0.1508425730831433,Power
2019-02-06,Jiangxi,0.15096991290619813,Power
2019-02-07,Jiangxi,0.15569463213698048,Power
2019-02-08,Jiangxi,0.16490507085602057,Power
2019-02-09,Jiangxi,0.17826783313355418,Power
2019-02-10,Jiangxi,0.1876393472257868,Power
2019-02-11,Jiangxi,0.19239558464660383,Power
2019-02-12,Jiangxi,0.201542195071252,Power
2019-02-13,Jiangxi,0.20240221402546568,Power
2019-02-14,Jiangxi,0.2053132910749035,Power
2019-02-15,Jiangxi,0.2085427176819784,Power
2019-02-16,Jiangxi,0.20528161450200427,Power
2019-02-17,Jiangxi,0.20979869379743224,Power
2019-02-18,Jiangxi,0.22569083042096819,Power
2019-02-19,Jiangxi,0.2228431065173288,Power
2019-02-20,Jiangxi,0.22373480204444168,Power
2019-02-21,Jiangxi,0.23078125568587193,Power
2019-02-22,Jiangxi,0.22833265660076266,Power
2019-02-23,Jiangxi,0.21901024119652382,Power
2019-02-24,Jiangxi,0.21177214428905333,Power
2019-02-25,Jiangxi,0.2203295704577761,Power
2019-02-26,Jiangxi,0.22775931063128688,Power
2019-02-27,Jiangxi,0.22610420969730294,Power
2019-02-28,Jiangxi,0.21988451460854216,Power
2019-02-01,Hebei,0.6511502365963063,Power
2019-02-02,Hebei,0.6389051746429195,Power
2019-02-03,Hebei,0.6176159423600573,Power
2019-02-04,Hebei,0.5953562333672061,Power
2019-02-05,Hebei,0.5719518903339845,Power
2019-02-06,Hebei,0.5724347265189047,Power
2019-02-07,Hebei,0.5903495103899925,Power
2019-02-08,Hebei,0.625272859471665,Power
2019-02-09,Hebei,0.6759406317623586,Power
2019-02-10,Hebei,0.7114747325854041,Power
2019-02-11,Hebei,0.7295090244176848,Power
2019-02-12,Hebei,0.7641903548643786,Power
2019-02-13,Hebei,0.7674513007401457,Power
2019-02-14,Hebei,0.778489272231232,Power
2019-02-15,Hebei,0.7907343341846187,Power
2019-02-16,Hebei,0.7783691637275204,Power
2019-02-17,Hebei,0.7954966363567794,Power
2019-02-18,Hebei,0.8557550726688359,Power
2019-02-19,Hebei,0.8449573181851726,Power
2019-02-20,Hebei,0.848338372564651,Power
2019-02-21,Hebei,0.8750565092152729,Power
2019-02-22,Hebei,0.8657721218783744,Power
2019-02-23,Hebei,0.8304241892360817,Power
2019-02-24,Hebei,0.8029793961380055,Power
2019-02-25,Hebei,0.8354267084156655,Power
2019-02-26,Hebei,0.8635981579611964,Power
2019-02-27,Hebei,0.8573224886422709,Power
2019-02-28,Hebei,0.8337391839385191,Power
2019-02-01,Henan,0.5563349910988098,Power
2019-02-02,Henan,0.545872956302583,Power
2019-02-03,Henan,0.5276836903130668,Power
2019-02-04,Henan,0.5086652606045361,Power
2019-02-05,Henan,0.4886688692323662,Power
2019-02-06,Henan,0.4890813987064302,Power
2019-02-07,Henan,0.5043875762447451,Power
2019-02-08,Henan,0.5342256689129634,Power
2019-02-09,Henan,0.5775156088716513,Power
2019-02-10,Henan,0.607875520538779,Power
2019-02-11,Henan,0.6232838042528883,Power
2019-02-12,Henan,0.6529151190877138,Power
2019-02-13,Henan,0.6557012323267286,Power
2019-02-14,Henan,0.6651319434377952,Power
2019-02-15,Henan,0.6755939782340218,Power
2019-02-16,Henan,0.6650293241656399,Power
2019-02-17,Henan,0.679662832374977,Power
2019-02-18,Henan,0.731146921215261,Power
2019-02-19,Henan,0.7219214486485049,Power
2019-02-20,Henan,0.7248101811596749,Power
2019-02-21,Henan,0.747637838250608,Power
2019-02-22,Henan,0.7397053685130079,Power
2019-02-23,Henan,0.7095045167177209,Power
2019-02-24,Henan,0.6860560130302485,Power
2019-02-25,Henan,0.7137786094029865,Power
2019-02-26,Henan,0.7378479596869981,Power
2019-02-27,Henan,0.7324861027168869,Power
2019-02-28,Henan,0.7123368086292055,Power
2019-02-01,Zhejiang,0.32387086962472866,Power
2019-02-02,Zhejiang,0.3177803875200423,Power
2019-02-03,Zhejiang,0.3071914914626059,Power
2019-02-04,Zhejiang,0.2961198970686724,Power
2019-02-05,Zhejiang,0.2844789814932024,Power
2019-02-06,Zhejiang,0.2847191358635882,Power
2019-02-07,Zhejiang,0.29362963962351457,Power
2019-02-08,Zhejiang,0.31099990964969515,Power
2019-02-09,Zhejiang,0.33620118356692824,Power
2019-02-10,Zhejiang,0.35387523094967904,Power
2019-02-11,Zhejiang,0.3628451759032705,Power
2019-02-12,Zhejiang,0.38009507004479254,Power
2019-02-13,Zhejiang,0.38171700814329407,Power
2019-02-14,Zhejiang,0.38720710432201577,Power
2019-02-15,Zhejiang,0.39329758642670204,Power
2019-02-16,Zhejiang,0.3871473644288849,Power
2019-02-17,Zhejiang,0.39566627318933867,Power
2019-02-18,Zhejiang,0.42563777757306726,Power
2019-02-19,Zhejiang,0.4202671611806072,Power
2019-02-20,Zhejiang,0.4219488391722395,Power
2019-02-21,Zhejiang,0.4352379783991887,Power
2019-02-22,Zhejiang,0.4306200846601769,Power
2019-02-23,Zhejiang,0.4130386341117789,Power
2019-02-24,Zhejiang,0.39938806853138836,Power
2019-02-25,Zhejiang,0.4155268006606772,Power
2019-02-26,Zhejiang,0.4295387925945093,Power
2019-02-27,Zhejiang,0.4264173831784243,Power
2019-02-28,Zhejiang,0.4146874551621893,Power
2019-02-01,Hainan,0.03275568657627231,Power
2019-02-02,Hainan,0.032139706747179746,Power
2019-02-03,Hainan,0.03106876584765393,Power
2019-02-04,Hainan,0.029949005752256924,Power
2019-02-05,Hainan,0.028771665590442544,Power
2019-02-06,Hainan,0.028795954348784396,Power
2019-02-07,Hainan,0.02969714582900314,Power
2019-02-08,Hainan,0.031453942052702,Power
2019-02-09,Hainan,0.034002751183675003,Power
2019-02-10,Hainan,0.0357902708740824,Power
2019-02-11,Hainan,0.03669747412408974,Power
2019-02-12,Hainan,0.03844209575871924,Power
2019-02-13,Hainan,0.03860613550722207,Power
2019-02-14,Hainan,0.03916139344046,Power
2019-02-15,Hainan,0.03977737326955255,Power
2019-02-16,Hainan,0.03915535146077296,Power
2019-02-17,Hainan,0.04001693776414323,Power
2019-02-18,Hainan,0.04304819897312547,Power
2019-02-19,Hainan,0.0425050249992616,Power
2019-02-20,Hainan,0.04267510672745145,Power
2019-02-21,Hainan,0.044019145108830954,Power
2019-02-22,Hainan,0.04355210007902365,Power
2019-02-23,Hainan,0.04177394545713114,Power
2019-02-24,Hainan,0.04039335309864512,Power
2019-02-25,Hainan,0.04202559391109588,Power
2019-02-26,Hainan,0.043442740246688434,Power
2019-02-27,Hainan,0.04312704680804119,Power
2019-02-28,Hainan,0.04194070409649313,Power
2019-02-01,Hubei,0.24046556222754623,Power
2019-02-02,Hubei,0.23594354020921157,Power
2019-02-03,Hubei,0.2280815647040639,Power
2019-02-04,Hubei,0.21986119843964058,Power
2019-02-05,Hubei,0.21121812624255693,Power
2019-02-06,Hubei,0.2113964345163549,Power
2019-02-07,Hubei,0.21801224809305622,Power
2019-02-08,Hubei,0.2309092145683977,Power
2019-02-09,Hubei,0.2496204944941893,Power
2019-02-10,Hubei,0.26274300762929764,Power
2019-02-11,Hubei,0.26940295472152853,Power
2019-02-12,Hubei,0.2822105452835111,Power
2019-02-13,Hubei,0.2834147914610274,Power
2019-02-14,Hubei,0.28749104279486704,Power
2019-02-15,Hubei,0.2920130648132016,Power
2019-02-16,Hubei,0.28744668750287744,Power
2019-02-17,Hubei,0.2937717521405872,Power
2019-02-18,Hubei,0.31602480213174444,Power
2019-02-19,Hubei,0.3120372613818839,Power
2019-02-20,Hubei,0.3132858628513897,Power
2019-02-21,Hubei,0.3231526975544651,Power
2019-02-22,Hubei,0.3197240334836729,Power
2019-02-23,Hubei,0.30667027105114836,Power
2019-02-24,Hubei,0.29653508683153623,Power
2019-02-25,Hubei,0.3085176689625131,Power
2019-02-26,Hubei,0.31892120269866203,Power
2019-02-27,Hubei,0.3166036386922081,Power
2019-02-28,Hubei,0.30789447711005996,Power
2019-02-01,Hunan,0.17850346629638303,Power
2019-02-02,Hunan,0.17514665878738317,Power
2019-02-03,Hunan,0.16931052214226086,Power
2019-02-04,Hunan,0.1632083432737671,Power
2019-02-05,Hunan,0.1567923794561731,Power
2019-02-06,Hunan,0.15692474204750395,Power
2019-02-07,Hunan,0.16183582222410886,Power
2019-02-08,Hunan,0.17140955577344028,Power
2019-02-09,Hunan,0.18529939635874265,Power
2019-02-10,Hunan,0.19504055870830225,Power
2019-02-11,Hunan,0.19998440027256245,Power
2019-02-12,Hunan,0.2094917878961397,Power
2019-02-13,Hunan,0.21038572927788904,Power
2019-02-14,Hunan,0.2134116303085618,Power
2019-02-15,Hunan,0.2167684378175616,Power
2019-02-16,Hunan,0.2133787042908178,Power
2019-02-17,Hunan,0.21807395442111083,Power
2019-02-18,Hunan,0.2345929375232709,Power
2019-02-19,Hunan,0.23163288852808614,Power
2019-02-20,Hunan,0.23255975592757946,Power
2019-02-21,Hunan,0.23988414857473014,Power
2019-02-22,Hunan,0.2373389674031197,Power
2019-02-23,Hunan,0.22764884038106326,Power
2019-02-24,Hunan,0.22012524532656147,Power
2019-02-25,Hunan,0.22902020902010045,Power
2019-02-26,Hunan,0.23674300648195348,Power
2019-02-27,Hunan,0.23502262205483,Power
2019-02-28,Hunan,0.22855759847079743,Power
2019-02-01,Gansu,0.2155150367719776,Power
2019-02-02,Gansu,0.21146221634922252,Power
2019-02-03,Gansu,0.2044159934955361,Power
2019-02-04,Gansu,0.19704856623757436,Power
2019-02-05,Gansu,0.18930229269585738,Power
2019-02-06,Gansu,0.18946209983758835,Power
2019-02-07,Gansu,0.19539146158507273,Power
2019-02-08,Gansu,0.20695024854164334,Power
2019-02-09,Gansu,0.22372006016831542,Power
2019-02-10,Gansu,0.23548099123326965,Power
2019-02-11,Gansu,0.24144990723598345,Power
2019-02-12,Gansu,0.2529285918565869,Power
2019-02-13,Gansu,0.25400788635857613,Power
2019-02-14,Gansu,0.2576611889270037,Power
2019-02-15,Gansu,0.2617140093497587,Power
2019-02-16,Gansu,0.2576214359066726,Power
2019-02-17,Gansu,0.2632902166058866,Power
2019-02-18,Gansu,0.2832343069059966,Power
2019-02-19,Gansu,0.2796605103782312,Power
2019-02-20,Gansu,0.28077955790055154,Power
2019-02-21,Gansu,0.28962261727320343,Power
2019-02-22,Gansu,0.28654970880160985,Power
2019-02-23,Gansu,0.2748503949181688,Power
2019-02-24,Gansu,0.2657668297725138,Power
2019-02-25,Gansu,0.27650610821495886,Power
2019-02-26,Gansu,0.285830179133617,Power
2019-02-27,Gansu,0.28375308382131736,Power
2019-02-28,Gansu,0.275947578279307,Power
2019-02-01,Fujian,0.16552870574453699,Power
2019-02-02,Fujian,0.16241589222933217,Power
2019-02-03,Fujian,0.1570039628956387,Power
2019-02-04,Fujian,0.1513453289694699,Power
2019-02-05,Fujian,0.14539571796826536,Power
2019-02-06,Fujian,0.1455184596095711,Power
2019-02-07,Fujian,0.1500725714277209,Power
2019-02-08,Fujian,0.15895042549097274,Power
2019-02-09,Fujian,0.17183066464143026,Power
2019-02-10,Fujian,0.18086377772110993,Power
2019-02-11,Fujian,0.18544826962212022,Power
2019-02-12,Fujian,0.1942646002009862,Power
2019-02-13,Fujian,0.19509356427099905,Power
2019-02-14,Fujian,0.19789952368293945,Power
2019-02-15,Fujian,0.20101233719814424,Power
2019-02-16,Fujian,0.19786899093634594,Power
2019-02-17,Fujian,0.2022229606005755,Power
2019-02-18,Fujian,0.21754123956652208,Power
2019-02-19,Fujian,0.21479634564776864,Power
2019-02-20,Fujian,0.21565584246437494,Power
2019-02-21,Fujian,0.22244785194409353,Power
2019-02-22,Fujian,0.22008767063241788,Power
2019-02-23,Fujian,0.2111018833099581,Power
2019-02-24,Fujian,0.20412515071334905,Power
2019-02-25,Fujian,0.21237357220557634,Power
2019-02-26,Fujian,0.219535027919076,Power
2019-02-27,Fujian,0.2179396919095669,Power
2019-02-28,Fujian,0.21194458711593803,Power
2019-02-01,Tibet,0.00042233962359686575,Power
2019-02-02,Tibet,0.00041439740908835764,Power
2019-02-03,Tibet,0.00040058909597768513,Power
2019-02-04,Tibet,0.0003861513263370592,Power
2019-02-05,Tibet,0.0003709711407644463,Power
2019-02-06,Tibet,0.00037128431096870526,Power
2019-02-07,Tibet,0.0003829039382861798,Power
2019-02-08,Tibet,0.0004055554145153741,Power
2019-02-09,Tibet,0.0004384188102035953,Power
2019-02-10,Tibet,0.0004614664233702665,Power
2019-02-11,Tibet,0.00047316356420844686,Power
2019-02-12,Tibet,0.0004956580658203323,Power
2019-02-13,Tibet,0.0004977731332446186,Power
2019-02-14,Tibet,0.0005049324222424794,Power
2019-02-15,Tibet,0.0005128746367509874,Power
2019-02-16,Tibet,0.000504854519206594,Power
2019-02-17,Tibet,0.0005159634921238402,Power
2019-02-18,Tibet,0.0005550474452275041,Power
2019-02-19,Tibet,0.000548043962301414,Power
2019-02-20,Tibet,0.0005502369327615857,Power
2019-02-21,Tibet,0.0005675664630942746,Power
2019-02-22,Tibet,0.0005615445584203396,Power
2019-02-23,Tibet,0.0005386176949592906,Power
2019-02-24,Tibet,0.0005208168512594956,Power
2019-02-25,Tibet,0.000541862356403914,Power
2019-02-26,Tibet,0.0005601345134708153,Power
2019-02-27,Tibet,0.0005560640798458075,Power
2019-02-28,Tibet,0.0005407678187497254,Power
2019-02-01,Guizhou,0.1840426128981727,Power
2019-02-02,Guizhou,0.18058164019119588,Power
2019-02-03,Guizhou,0.17456440220873745,Power
2019-02-04,Guizhou,0.16827286643841852,Power
2019-02-05,Guizhou,0.16165780864850685,Power
2019-02-06,Guizhou,0.16179427858751658,Power
2019-02-07,Guizhou,0.1668577546454776,Power
2019-02-08,Guizhou,0.17672857101766115,Power
2019-02-09,Guizhou,0.19104942767718214,Power
2019-02-10,Guizhou,0.20109286833788922,Power
2019-02-11,Guizhou,0.20619012240314247,Power
2019-02-12,Guizhou,0.215992534067091,Power
2019-02-13,Guizhou,0.21691421537159733,Power
2019-02-14,Guizhou,0.2200340132310497,Power
2019-02-15,Guizhou,0.2234949859380265,Power
2019-02-16,Guizhou,0.22000006548502735,Power
2019-02-17,Guizhou,0.22484101406781196,Power
2019-02-18,Guizhou,0.24187259824721627,Power
2019-02-19,Guizhou,0.23882069587980856,Power
2019-02-20,Guizhou,0.2397763249303372,Power
2019-02-21,Guizhou,0.2473280010330051,Power
2019-02-22,Guizhou,0.24470384026547878,Power
2019-02-23,Guizhou,0.23471301861110627,Power
2019-02-24,Guizhou,0.22695595864500331,Power
2019-02-25,Guizhou,0.23612694223293643,Power
2019-02-26,Guizhou,0.24408938606247457,Power
2019-02-27,Guizhou,0.2423156163328077,Power
2019-02-28,Guizhou,0.23564997640132268,Power
2019-02-01,Liaoning,0.31801902926316045,Power
2019-02-02,Liaoning,0.3120385926498853,Power
2019-02-03,Liaoning,0.30164102139237653,Power
2019-02-04,Liaoning,0.29076947340279063,Power
2019-02-05,Liaoning,0.27933889097549497,Power
2019-02-06,Liaoning,0.27957470613180063,Power
2019-02-07,Liaoning,0.28832421101706845,Power
2019-02-08,Liaoning,0.3053806274158811,Power
2019-02-09,Liaoning,0.33012655370631877,Power
2019-02-10,Liaoning,0.34748125867971213,Power
2019-02-11,Liaoning,0.35628913074918994,Power
2019-02-12,Liaoning,0.3732273462674165,Power
2019-02-13,Liaoning,0.37481997847977966,Power
2019-02-14,Liaoning,0.3802108772022906,Power
2019-02-15,Liaoning,0.38619131381556565,Power
2019-02-16,Liaoning,0.3801522167156473,Power
2019-02-17,Liaoning,0.38851720211096885,Power
2019-02-18,Liaoning,0.41794716825986683,Power
2019-02-19,Liaoning,0.41267359051064234,Power
2019-02-20,Liaoning,0.41432488320964866,Power
2019-02-21,Liaoning,0.42737390846343043,Power
2019-02-22,Liaoning,0.4228394528459104,Power
2019-02-23,Liaoning,0.405575671626814,Power
2019-02-24,Liaoning,0.39217175042884084,Power
2019-02-25,Liaoning,0.40801888089550364,Power
2019-02-26,Liaoning,0.42177769803766835,Power
2019-02-27,Liaoning,0.4187126876105607,Power
2019-02-28,Liaoning,0.40719470105816663,Power
2019-02-01,Chongqing,0.08243744575977284,Power
2019-02-02,Chongqing,0.08088718658166981,Power
2019-02-03,Chongqing,0.07819191008025969,Power
2019-02-04,Chongqing,0.07537376850617598,Power
2019-02-05,Chongqing,0.0724107130530602,Power
2019-02-06,Chongqing,0.07247184146792997,Power
2019-02-07,Chongqing,0.0747399033385524,Power
2019-02-08,Chongqing,0.0791612972563663,Power
2019-02-09,Chongqing,0.08557597929935562,Power
2019-02-10,Chongqing,0.09007469610015778,Power
2019-02-11,Chongqing,0.09235788801376414,Power
2019-02-12,Chongqing,0.0967486416937764,Power
2019-02-13,Chongqing,0.09716148658524768,Power
2019-02-14,Chongqing,0.09855892472617626,Power
2019-02-15,Chongqing,0.10010918390427928,Power
2019-02-16,Chongqing,0.09854371865282556,Power
2019-02-17,Chongqing,0.1007121047126342,Power
2019-02-18,Chongqing,0.10834099171267628,Power
2019-02-19,Chongqing,0.10697396571844908,Power
2019-02-20,Chongqing,0.10740201668327105,Power
2019-02-21,Chongqing,0.11078460770013243,Power
2019-02-22,Chongqing,0.10960917823012396,Power
2019-02-23,Chongqing,0.10513403084301537,Power
2019-02-24,Chongqing,0.10165944308238231,Power
2019-02-25,Chongqing,0.10576736379807168,Power
2019-02-26,Chongqing,0.10933394830247645,Power
2019-02-27,Chongqing,0.1085394309699028,Power
2019-02-28,Chongqing,0.10555371846749446,Power
2019-02-01,Shaanxi,0.3676087400671592,Power
2019-02-02,Shaanxi,0.36069575510034335,Power
2019-02-03,Shaanxi,0.34867685774508983,Power
2019-02-04,Shaanxi,0.33611007497020035,Power
2019-02-05,Shaanxi,0.3228970857535871,Power
2019-02-06,Shaanxi,0.32316967231137617,Power
2019-02-07,Shaanxi,0.3332835151041708,Power
2019-02-08,Shaanxi,0.3529995923368947,Power
2019-02-09,Shaanxi,0.381604229004391,Power
2019-02-10,Shaanxi,0.40166510789043763,Power
2019-02-11,Shaanxi,0.41184641924666515,Power
2019-02-12,Shaanxi,0.4314258641624873,Power
2019-02-13,Shaanxi,0.4332668405415854,Power
2019-02-14,Shaanxi,0.4394983591139284,Power
2019-02-15,Shaanxi,0.4464113440807442,Power
2019-02-16,Shaanxi,0.4394305515124883,Power
2019-02-17,Shaanxi,0.44909991547784317,Power
2019-02-18,Shaanxi,0.4831189891203297,Power
2019-02-19,Shaanxi,0.4770230857508668,Power
2019-02-20,Shaanxi,0.47893186973140495,Power
2019-02-21,Shaanxi,0.49401567067174995,Power
2019-02-22,Shaanxi,0.48877414308043204,Power
2019-02-23,Shaanxi,0.46881836597661747,Power
2019-02-24,Shaanxi,0.45332432904756004,Power
2019-02-25,Shaanxi,0.47164255257659665,Power
2019-02-26,Shaanxi,0.4875468254943667,Power
2019-02-27,Shaanxi,0.48400387831912267,Power
2019-02-28,Shaanxi,0.47068985577636363,Power
2019-02-01,Qinghai,0.08895528322008987,Power
2019-02-02,Qinghai,0.08728245428923535,Power
2019-02-03,Qinghai,0.08437407834029996,Power
2019-02-04,Qinghai,0.08133312310974311,Power
2019-02-05,Qinghai,0.07813579652351153,Power
2019-02-06,Qinghai,0.07820175799778356,Power
2019-02-07,Qinghai,0.08064914200152665,Power
2019-02-08,Qinghai,0.0854201091823007,Power
2019-02-09,Qinghai,0.09234196189913228,Power
2019-02-10,Qinghai,0.0971963654223624,Power
2019-02-11,Qinghai,0.09966007571140414,Power
2019-02-12,Qinghai,0.10439798011340752,Power
2019-02-13,Qinghai,0.10484346618964784,Power
2019-02-14,Qinghai,0.10635139143482225,Power
2019-02-15,Qinghai,0.10802422036567676,Power
2019-02-16,Qinghai,0.10633498310788889,Power
2019-02-17,Qinghai,0.10867481052858388,Power
2019-02-18,Qinghai,0.11690686815104309,Power
2019-02-19,Qinghai,0.11543175955973536,Power
2019-02-20,Qinghai,0.11589365396290902,Power
2019-02-21,Qinghai,0.11954368628923161,Power
2019-02-22,Qinghai,0.11827532261728405,Power
2019-02-23,Qinghai,0.11344635200080061,Power
2019-02-24,Qinghai,0.10969704929653129,Power
2019-02-25,Qinghai,0.11412975881757442,Power
2019-02-26,Qinghai,0.11797833189979051,Power
2019-02-27,Qinghai,0.11712099681752323,Power
2019-02-28,Qinghai,0.11389922182416094,Power
2019-02-01,Heilongjiang,0.15326055187063187,Power
2019-02-02,Heilongjiang,0.15037844441340975,Power
2019-02-03,Heilongjiang,0.14536762002113304,Power
2019-02-04,Heilongjiang,0.14012837553808283,Power
2019-02-05,Heilongjiang,0.1346197197350981,Power
2019-02-06,Heilongjiang,0.13473336438422054,Power
2019-02-07,Heilongjiang,0.13894994837423486,Power
2019-02-08,Heilongjiang,0.1471698206135598,Power
2019-02-09,Heilongjiang,0.15909544131811235,Power
2019-02-10,Heilongjiang,0.1674590655576332,Power
2019-02-11,Heilongjiang,0.17170377801179598,Power
2019-02-12,Heilongjiang,0.17986668657749363,Power
2019-02-13,Heilongjiang,0.18063421200626834,Power
2019-02-14,Heilongjiang,0.18323220784068434,Power
2019-02-15,Heilongjiang,0.1861143152979064,Power
2019-02-16,Heilongjiang,0.18320393802746976,Power
2019-02-17,Heilongjiang,0.18723521339186278,Power
2019-02-18,Heilongjiang,0.2014181786815962,Power
2019-02-19,Heilongjiang,0.19887672247360927,Power
2019-02-20,Heilongjiang,0.1996725177155985,Power
2019-02-21,Heilongjiang,0.2059611376651723,Power
2019-02-22,Heilongjiang,0.20377588110368858,Power
2019-02-23,Heilongjiang,0.19545607507465024,Power
2019-02-24,Heilongjiang,0.18899642275512848,Power
2019-02-25,Heilongjiang,0.19663351279503571,Power
2019-02-26,Heilongjiang,0.20326419748450547,Power
2019-02-27,Heilongjiang,0.20178709974404588,Power
2019-02-28,Heilongjiang,0.1962363219193715,Power
2019-03-01,Shanghai,0.14766552274344139,Power
2019-03-02,Shanghai,0.14578539046010525,Power
2019-03-03,Shanghai,0.14232790622562208,Power
2019-03-04,Shanghai,0.1383049351942563,Power
2019-03-05,Shanghai,0.13977542349874833,Power
2019-03-06,Shanghai,0.13631905242725115,Power
2019-03-07,Shanghai,0.1364025396512004,Power
2019-03-08,Shanghai,0.14033200499174303,Power
2019-03-09,Shanghai,0.14080509926078855,Power
2019-03-10,Shanghai,0.1333346624618135,Power
2019-03-11,Shanghai,0.13103375456977337,Power
2019-03-12,Shanghai,0.12999406034085922,Power
2019-03-13,Shanghai,0.135594383323372,Power
2019-03-14,Shanghai,0.13580365796473806,Power
2019-03-15,Shanghai,0.13433316966024603,Power
2019-03-16,Shanghai,0.13144451171160346,Power
2019-03-17,Shanghai,0.12766198388521138,Power
2019-03-18,Shanghai,0.13223151794269797,Power
2019-03-19,Shanghai,0.1280816463309294,Power
2019-03-20,Shanghai,0.12957439789514122,Power
2019-03-21,Shanghai,0.12952096607181374,Power
2019-03-22,Shanghai,0.13514243915106033,Power
2019-03-23,Shanghai,0.13106603629636707,Power
2019-03-24,Shanghai,0.12639075175521147,Power
2019-03-25,Shanghai,0.13166491798282937,Power
2019-03-26,Shanghai,0.13109720485997473,Power
2019-03-27,Shanghai,0.13147568027521114,Power
2019-03-28,Shanghai,0.1341339134857539,Power
2019-03-29,Shanghai,0.13175953683663844,Power
2019-03-30,Shanghai,0.12594882604977367,Power
2019-03-31,Shanghai,0.12459410669582452,Power
2019-03-01,Yunnan,0.0443003685327044,Power
2019-03-02,Yunnan,0.04373631978595166,Power
2019-03-03,Yunnan,0.0426990578514259,Power
2019-03-04,Yunnan,0.04149214715233508,Power
2019-03-05,Yunnan,0.04193330073105644,Power
2019-03-06,Yunnan,0.04089637275079163,Power
2019-03-07,Yunnan,0.04092141932036325,Power
2019-03-08,Yunnan,0.04210027786153386,Power
2019-03-09,Yunnan,0.04224220842243967,Power
2019-03-10,Yunnan,0.04000104137717169,Power
2019-03-11,Yunnan,0.03931075791977802,Power
2019-03-12,Yunnan,0.03899884464004618,Power
2019-03-13,Yunnan,0.04067896852691002,Power
2019-03-14,Yunnan,0.04074175192796954,Power
2019-03-15,Yunnan,0.04030059834924819,Power
2019-03-16,Yunnan,0.03943398704207035,Power
2019-03-17,Yunnan,0.038299210463345786,Power
2019-03-18,Yunnan,0.039670092704565424,Power
2019-03-19,Yunnan,0.038425111219725756,Power
2019-03-20,Yunnan,0.03887294388366621,Power
2019-03-21,Yunnan,0.03885691407914038,Power
2019-03-22,Yunnan,0.040543383096962364,Power
2019-03-23,Yunnan,0.03932044259334571,Power
2019-03-24,Yunnan,0.03791783469733535,Power
2019-03-25,Yunnan,0.03950010998573941,Power
2019-03-26,Yunnan,0.039329793312652434,Power
2019-03-27,Yunnan,0.03944333776137709,Power
2019-03-28,Yunnan,0.04024082053653726,Power
2019-03-29,Yunnan,0.03952849609792057,Power
2019-03-30,Yunnan,0.03778525485573627,Power
2019-03-31,Yunnan,0.03737883252015422,Power
2019-03-01,InnerMongolia,1.0710696781119795,Power
2019-03-02,InnerMongolia,1.0574324211402248,Power
2019-03-03,InnerMongolia,1.0323540788345589,Power
2019-03-04,InnerMongolia,1.0031740630288035,Power
2019-03-05,InnerMongolia,1.0138400289611231,Power
2019-03-06,InnerMongolia,0.9887697608158903,Power
2019-03-07,InnerMongolia,0.989375322848384,Power
2019-03-08,InnerMongolia,1.0178771091777465,Power
2019-03-09,InnerMongolia,1.0213086273618768,Power
2019-03-10,InnerMongolia,0.9671229366943546,Power
2019-03-11,InnerMongolia,0.9504336470788326,Power
2019-03-12,InnerMongolia,0.9428923812341794,Power
2019-03-13,InnerMongolia,0.9835134823738463,Power
2019-03-14,InnerMongolia,0.9850314245352969,Power
2019-03-15,InnerMongolia,0.9743654586029774,Power
2019-03-16,InnerMongolia,0.9534130122787007,Power
2019-03-17,InnerMongolia,0.9259770151265266,Power
2019-03-18,InnerMongolia,0.9591214437050064,Power
2019-03-19,InnerMongolia,0.9290209736098608,Power
2019-03-20,InnerMongolia,0.9398484227508453,Power
2019-03-21,InnerMongolia,0.9394608630500495,Power
2019-03-22,InnerMongolia,0.9802353732379481,Power
2019-03-23,InnerMongolia,0.9506677977313968,Power
2019-03-24,InnerMongolia,0.9167563239117582,Power
2019-03-25,InnerMongolia,0.9550116960444837,Power
2019-03-26,InnerMongolia,0.9508938742235274,Power
2019-03-27,InnerMongolia,0.9536390887708315,Power
2019-03-28,InnerMongolia,0.972920183885426,Power
2019-03-29,InnerMongolia,0.9556979996813095,Power
2019-03-30,InnerMongolia,0.9135508822197591,Power
2019-03-31,InnerMongolia,0.9037246289724972,Power
2019-03-01,Beijing,0.08292129388296875,Power
2019-03-02,Beijing,0.08186550916959158,Power
2019-03-03,Beijing,0.07992396546340479,Power
2019-03-04,Beijing,0.07766487372027568,Power
2019-03-05,Beijing,0.07849062363523794,Power
2019-03-06,Beijing,0.07654970502361205,Power
2019-03-07,Beijing,0.07659658711568033,Power
2019-03-08,Beijing,0.07880317091569297,Power
2019-03-09,Beijing,0.07906883610407978,Power
2019-03-10,Beijing,0.07487382650581208,Power
2019-03-11,Beijing,0.0735817560484109,Power
2019-03-12,Beijing,0.07299791772852085,Power
2019-03-13,Beijing,0.07614276846445958,Power
2019-03-14,Beijing,0.07626028624191068,Power
2019-03-15,Beijing,0.07543453632694845,Power
2019-03-16,Beijing,0.07381241594138672,Power
2019-03-17,Beijing,0.0716883446234142,Power
2019-03-18,Beijing,0.07425435779595016,Power
2019-03-19,Beijing,0.0719240052728773,Power
2019-03-20,Beijing,0.07276225707905776,Power
2019-03-21,Beijing,0.07273225254013407,Power
2019-03-22,Beijing,0.0758889800727301,Power
2019-03-23,Beijing,0.07359988379067729,Power
2019-03-24,Beijing,0.07097448663485485,Power
2019-03-25,Beijing,0.07393618466444693,Power
2019-03-26,Beijing,0.07361738643838275,Power
2019-03-27,Beijing,0.0738299185890922,Power
2019-03-28,Beijing,0.07532264440054554,Power
2019-03-29,Beijing,0.07398931770212427,Power
2019-03-30,Beijing,0.07072632409417355,Power
2019-03-31,Beijing,0.06996558401354595,Power
2019-03-01,Jilin,0.15449793559449707,Power
2019-03-02,Jilin,0.15253081049296144,Power
2019-03-03,Jilin,0.14891335012270115,Power
2019-03-04,Jilin,0.1447042381529263,Power
2019-03-05,Jilin,0.14624276524536478,Power
2019-03-06,Jilin,0.14262646954360744,Power
2019-03-07,Jilin,0.14271381968133107,Power
2019-03-08,Jilin,0.14682509949685546,Power
2019-03-09,Jilin,0.14732008361062257,Power
2019-03-10,Jilin,0.13950399328711427,Power
2019-03-11,Jilin,0.1370966234914517,Power
2019-03-12,Jilin,0.13600882310966703,Power
2019-03-13,Jilin,0.14186827034816654,Power
2019-03-14,Jilin,0.14208722802672707,Power
2019-03-15,Jilin,0.14054870093428862,Power
2019-03-16,Jilin,0.13752638616905183,Power
2019-03-17,Jilin,0.13356884259592097,Power
2019-03-18,Jilin,0.13834980680065967,Power
2019-03-19,Jilin,0.13400792262154496,Power
2019-03-20,Jilin,0.13556974308404304,Power
2019-03-21,Jilin,0.13551383899589994,Power
2019-03-22,Jilin,0.14139541493595612,Power
2019-03-23,Jilin,0.13713039887803816,Power
2019-03-24,Jilin,0.13223879116551618,Power
2019-03-25,Jilin,0.13775699053264215,Power
2019-03-26,Jilin,0.1371630095961216,Power
2019-03-27,Jilin,0.1375589968871353,Power
2019-03-28,Jilin,0.14034022527225493,Power
2019-03-29,Jilin,0.13785598735539556,Power
2019-03-30,Jilin,0.1317764177698326,Power
2019-03-31,Jilin,0.13035901620170418,Power
2019-03-01,Sichuan,0.10959617238896538,Power
2019-03-02,Sichuan,0.10820075321453443,Power
2019-03-03,Sichuan,0.10563463601158445,Power
2019-03-04,Sichuan,0.10264881902141663,Power
2019-03-05,Sichuan,0.10374020370431972,Power
2019-03-06,Sichuan,0.10117491268205323,Power
2019-03-07,Sichuan,0.10123687623331572,Power
2019-03-08,Sichuan,0.10415329404606953,Power
2019-03-09,Sichuan,0.10450442083655691,Power
2019-03-10,Sichuan,0.09895992226959062,Power
2019-03-11,Sichuan,0.0972522067967968,Power
2019-03-12,Sichuan,0.09648055403840809,Power
2019-03-13,Sichuan,0.10063706905709492,Power
2019-03-14,Sichuan,0.10079239102559288,Power
2019-03-15,Sichuan,0.09970100634268983,Power
2019-03-16,Sichuan,0.09755706746900816,Power
2019-03-17,Sichuan,0.0947497055064763,Power
2019-03-18,Sichuan,0.09814117721224243,Power
2019-03-19,Sichuan,0.09506117562415567,Power
2019-03-20,Sichuan,0.09616908392072872,Power
2019-03-21,Sichuan,0.09612942724792074,Power
2019-03-22,Sichuan,0.10030163969959409,Power
2019-03-23,Sichuan,0.09727616603661829,Power
2019-03-24,Sichuan,0.09380620716591966,Power
2019-03-25,Sichuan,0.09772065124434111,Power
2019-03-26,Sichuan,0.09729929909575626,Power
2019-03-27,Sichuan,0.09758020052814614,Power
2019-03-28,Sichuan,0.09955312000034337,Power
2019-03-29,Sichuan,0.09779087660243857,Power
2019-03-30,Sichuan,0.0934782134345703,Power
2019-03-31,Sichuan,0.0924727515427512,Power
2019-03-01,Tianjin,0.1593980566861136,Power
2019-03-02,Tianjin,0.15736854142277554,Power
2019-03-03,Tianjin,0.15363634816763758,Power
2019-03-04,Tianjin,0.14929373824359748,Power
2019-03-05,Tianjin,0.15088106190426628,Power
2019-03-06,Tianjin,0.1471500702567443,Power
2019-03-07,Tianjin,0.1472401908279405,Power
2019-03-08,Tianjin,0.15148186571224082,Power
2019-03-09,Tianjin,0.1519925489490192,Power
2019-03-10,Tianjin,0.1439285602383847,Power
2019-03-11,Tianjin,0.1414448372962179,Power
2019-03-12,Tianjin,0.14032253578292142,Power
2019-03-13,Tianjin,0.1463678236987614,Power
2019-03-14,Tianjin,0.14659372593055983,Power
2019-03-15,Tianjin,0.1450064022698911,Power
2019-03-16,Tianjin,0.14188823050650312,Power
2019-03-17,Tianjin,0.13780516782750804,Power
2019-03-18,Tianjin,0.14273776709097913,Power
2019-03-19,Tianjin,0.13825817389872086,Power
2019-03-20,Tianjin,0.1398695297117086,Power
2019-03-21,Tianjin,0.13981185254614306,Power
2019-03-22,Tianjin,0.14587997100668607,Power
2019-03-23,Tianjin,0.14147968391708043,Power
2019-03-24,Tianjin,0.13643293193009415,Power
2019-03-25,Tianjin,0.14212614881446103,Power
2019-03-26,Tianjin,0.14151332893032698,Power
2019-03-27,Tianjin,0.1419218755197497,Power
2019-03-28,Tianjin,0.14479131450663618,Power
2019-03-29,Tianjin,0.1422282854618167,Power
2019-03-30,Tianjin,0.13595589370656236,Power
2019-03-31,Tianjin,0.13449353723795227,Power
2019-03-01,Ningxia,0.2801965393121224,Power
2019-03-02,Ningxia,0.2766289728995138,Power
2019-03-03,Ningxia,0.27006836823547464,Power
2019-03-04,Ningxia,0.26243474774100023,Power
2019-03-05,Ningxia,0.26522501134730925,Power
2019-03-06,Ningxia,0.25866651891915676,Power
2019-03-07,Ningxia,0.25882493661065803,Power
2019-03-08,Ningxia,0.266281129290651,Power
2019-03-09,Ningxia,0.26717882954249156,Power
2019-03-10,Ningxia,0.25300361450695813,Power
2019-03-11,Ningxia,0.24863762292918318,Power
2019-03-12,Ningxia,0.24666479461102067,Power
2019-03-13,Ningxia,0.2572914533569257,Power
2019-03-14,Ningxia,0.25768855370362226,Power
2019-03-15,Ningxia,0.2548982900973133,Power
2019-03-16,Ningxia,0.24941703797136938,Power
2019-03-17,Ningxia,0.24223966042841863,Power
2019-03-18,Ningxia,0.25091038874325466,Power
2019-03-19,Ningxia,0.24303597335769833,Power
2019-03-20,Ningxia,0.245868481681741,Power
2019-03-21,Ningxia,0.2457670943591802,Power
2019-03-22,Ningxia,0.25643388558693225,Power
2019-03-23,Ningxia,0.24869887776989702,Power
2019-03-24,Ningxia,0.239827487045826,Power
2019-03-25,Ningxia,0.24983526067693276,Power
2019-03-26,Ningxia,0.24875802037472408,Power
2019-03-27,Ningxia,0.2494761805761965,Power
2019-03-28,Ningxia,0.2545201998735969,Power
2019-03-29,Ningxia,0.2500148007273008,Power
2019-03-30,Ningxia,0.23898892939881264,Power
2019-03-31,Ningxia,0.2364183383247187,Power
2019-03-01,Anhui,0.5923381672512902,Power
2019-03-02,Anhui,0.584796297692231,Power
2019-03-03,Anhui,0.5709271166084905,Power
2019-03-04,Anhui,0.5547895697840739,Power
2019-03-05,Anhui,0.5606882137672102,Power
2019-03-06,Anhui,0.5468234979703608,Power
2019-03-07,Anhui,0.547158394487193,Power
2019-03-08,Anhui,0.5629208572127575,Power
2019-03-09,Anhui,0.5648186041414729,Power
2019-03-10,Anhui,0.5348520638153357,Power
2019-03-11,Anhui,0.5256223158114427,Power
2019-03-12,Anhui,0.5214517378551601,Power
2019-03-13,Anhui,0.543916596204258,Power
2019-03-14,Anhui,0.5447560701397839,Power
2019-03-15,Anhui,0.5388574261566478,Power
2019-03-16,Anhui,0.5272700066742566,Power
2019-03-17,Anhui,0.5120969618183165,Power
2019-03-18,Anhui,0.5304269645062606,Power
2019-03-19,Anhui,0.5137803749762593,Power
2019-03-20,Anhui,0.5197683246972173,Power
2019-03-21,Anhui,0.5195539909264448,Power
2019-03-22,Anhui,0.5421036897264736,Power
2019-03-23,Anhui,0.5257518091312845,Power
2019-03-24,Anhui,0.5069976041886862,Power
2019-03-25,Anhui,0.5281541334786934,Power
2019-03-26,Anhui,0.525876837164235,Power
2019-03-27,Anhui,0.5273950347072073,Power
2019-03-28,Anhui,0.5380581398031417,Power
2019-03-29,Anhui,0.5285336828644364,Power
2019-03-30,Anhui,0.5052248852929216,Power
2019-03-31,Anhui,0.4997906311464592,Power
2019-03-01,Shandong,1.3651481145761688,Power
2019-03-02,Shandong,1.3477665417210785,Power
2019-03-03,Shandong,1.3158025599046719,Power
2019-03-04,Shandong,1.2786107278748933,Power
2019-03-05,Shandong,1.2922051966384067,Power
2019-03-06,Shandong,1.2602515058657273,Power
2019-03-07,Shandong,1.2610233341452608,Power
2019-03-08,Shandong,1.2973507185019622,Power
2019-03-09,Shandong,1.3017244120859843,Power
2019-03-10,Shandong,1.2326612176333431,Power
2019-03-11,Shandong,1.211389630249405,Power
2019-03-12,Shandong,1.2017777954082831,Power
2019-03-13,Shandong,1.253552036399378,Power
2019-03-14,Shandong,1.255486752620075,Power
2019-03-15,Shandong,1.2418922838565618,Power
2019-03-16,Shandong,1.2151870253847088,Power
2019-03-17,Shandong,1.180218058799986,Power
2019-03-18,Shandong,1.222462793299776,Power
2019-03-19,Shandong,1.1840977822851069,Power
2019-03-20,Shandong,1.1978980719231624,Power
2019-03-21,Shandong,1.1974041018242614,Power
2019-03-22,Shandong,1.2493738726461712,Power
2019-03-23,Shandong,1.2116880705174913,Power
2019-03-24,Shandong,1.1684656868636254,Power
2019-03-25,Shandong,1.2172246520426768,Power
2019-03-26,Shandong,1.21197621974185,Power
2019-03-27,Shandong,1.2154751746090677,Power
2019-03-28,Shandong,1.2400501870294087,Power
2019-03-29,Shandong,1.218099390759481,Power
2019-03-30,Shandong,1.1643801425039624,Power
2019-03-31,Shandong,1.1518559422880683,Power
2019-03-01,Shanxi,0.6319981887226526,Power
2019-03-02,Shanxi,0.6239513530392011,Power
2019-03-03,Shanxi,0.6091535604798168,Power
2019-03-04,Shanxi,0.5919355236769789,Power
2019-03-05,Shanxi,0.598229111562023,Power
2019-03-06,Shanxi,0.5834360832629604,Power
2019-03-07,Shanxi,0.5837934027870924,Power
2019-03-08,Shanxi,0.6006112417229025,Power
2019-03-09,Shanxi,0.6026360523596502,Power
2019-03-10,Shanxi,0.5706631013403238,Power
2019-03-11,Shanxi,0.5608153752552475,Power
2019-03-12,Shanxi,0.5563655561147243,Power
2019-03-13,Shanxi,0.5803345497934951,Power
2019-03-14,Shanxi,0.5812302307339858,Power
2019-03-15,Shanxi,0.574936642848942,Power
2019-03-16,Shanxi,0.5625733873139765,Power
2019-03-17,Shanxi,0.5463844307406387,Power
2019-03-18,Shanxi,0.5659417193614603,Power
2019-03-19,Shanxi,0.5481805568819419,Power
2019-03-20,Shanxi,0.5545694299734211,Power
2019-03-21,Shanxi,0.5543407454779766,Power
2019-03-22,Shanxi,0.5784002601028609,Power
2019-03-23,Shanxi,0.5609535388045785,Power
2019-03-24,Shanxi,0.5409436454531896,Power
2019-03-25,Shanxi,0.563516710857685,Power
2019-03-26,Shanxi,0.5610869380935877,Power
2019-03-27,Shanxi,0.5627067866029858,Power
2019-03-28,Shanxi,0.574083840251347,Power
2019-03-29,Shanxi,0.5639216729850344,Power
2019-03-30,Shanxi,0.5390522341054512,Power
2019-03-31,Shanxi,0.5332541292938702,Power
2019-03-01,Guangdong,0.5554858404359084,Power
2019-03-02,Guangdong,0.5484131883900126,Power
2019-03-03,Guangdong,0.53540687858862,Power
2019-03-04,Guangdong,0.5202733294507473,Power
2019-03-05,Guangdong,0.5258049892213975,Power
2019-03-06,Guangdong,0.5128028668990138,Power
2019-03-07,Guangdong,0.5131169278246752,Power
2019-03-08,Guangdong,0.5278987287258071,Power
2019-03-09,Guangdong,0.5296784073045554,Power
2019-03-10,Guangdong,0.5015762356763694,Power
2019-03-11,Guangdong,0.49292071656514,Power
2019-03-12,Guangdong,0.48900961117090275,Power
2019-03-13,Guangdong,0.5100768180642724,Power
2019-03-14,Guangdong,0.5108640641179305,Power
2019-03-15,Guangdong,0.5053324043472803,Power
2019-03-16,Guangdong,0.4944658963193943,Power
2019-03-17,Guangdong,0.4802368426474265,Power
2019-03-18,Guangdong,0.49742644397862945,Power
2019-03-19,Guangdong,0.48181552223375135,Power
2019-03-20,Guangdong,0.48743093158457795,Power
2019-03-21,Guangdong,0.4872299325921547,Power
2019-03-22,Guangdong,0.5083767015866919,Power
2019-03-23,Guangdong,0.4930421534563958,Power
2019-03-24,Guangdong,0.4754547416193549,Power
2019-03-25,Guangdong,0.4952950171631405,Power
2019-03-26,Guangdong,0.4931594028686426,Power
2019-03-27,Guangdong,0.4945831457316412,Power
2019-03-28,Guangdong,0.5045828456047016,Power
2019-03-29,Guangdong,0.49565095287889005,Power
2019-03-30,Guangdong,0.4737923124528537,Power
2019-03-31,Guangdong,0.4686961504991206,Power
2019-03-01,Guangxi,0.1601773787769371,Power
2019-03-02,Guangxi,0.1581379408952732,Power
2019-03-03,Guangxi,0.15438750036214816,Power
2019-03-04,Guangxi,0.1500236587373208,Power
2019-03-05,Guangxi,0.15161874307223971,Power
2019-03-06,Guangxi,0.14786951002157867,Power
2019-03-07,Guangxi,0.14796007120637725,Power
2019-03-08,Guangxi,0.1522224843042302,Power
2019-03-09,Guangxi,0.15273566435142213,Power
2019-03-10,Guangxi,0.14463224953564557,Power
2019-03-11,Guangxi,0.14213638328259684,Power
2019-03-12,Guangxi,0.14100859466123855,Power
2019-03-13,Guangxi,0.147083438937527,Power
2019-03-14,Guangxi,0.14731044564075546,Power
2019-03-15,Guangxi,0.14571536130583657,Power
2019-03-16,Guangxi,0.14258194431180582,Power
2019-03-17,Guangxi,0.13847891889919833,Power
2019-03-18,Guangxi,0.14343563441384038,Power
2019-03-19,Guangxi,0.1389341397881192,Power
2019-03-20,Guangxi,0.14055337377231772,Power
2019-03-21,Guangxi,0.14049541461404663,Power
2019-03-22,Guangxi,0.14659320105715073,Power
2019-03-23,Guangxi,0.14217140027405228,Power
2019-03-24,Guangxi,0.13709997392533202,Power
2019-03-25,Guangxi,0.14282102583967407,Power
2019-03-26,Guangxi,0.1422052097830437,Power
2019-03-27,Guangxi,0.14261575382079728,Power
2019-03-28,Guangxi,0.14549922194478393,Power
2019-03-29,Guangxi,0.14292366184911243,Power
2019-03-30,Guangxi,0.13662060338713158,Power
2019-03-31,Guangxi,0.13515109722846666,Power
2019-03-01,Xinjiang,0.6106468985631035,Power
2019-03-02,Xinjiang,0.6028719154365255,Power
2019-03-03,Xinjiang,0.5885740483014448,Power
2019-03-04,Xinjiang,0.5719377019311351,Power
2019-03-05,Xinjiang,0.5780186686038465,Power
2019-03-06,Xinjiang,0.563725404774347,Power
2019-03-07,Xinjiang,0.564070652692934,Power
2019-03-08,Xinjiang,0.5803203213944261,Power
2019-03-09,Xinjiang,0.5822767262664189,Power
2019-03-10,Xinjiang,0.5513839425112589,Power
2019-03-11,Xinjiang,0.5418689098750027,Power
2019-03-12,Xinjiang,0.5375694224621999,Power
2019-03-13,Xinjiang,0.5607286528410121,Power
2019-03-14,Xinjiang,0.5615940742902702,Power
2019-03-15,Xinjiang,0.5555131076175589,Power
2019-03-16,Xinjiang,0.5435675296344504,Power
2019-03-17,Xinjiang,0.5279254972696712,Power
2019-03-18,Xinjiang,0.54682206668033,Power
2019-03-19,Xinjiang,0.5296609434737682,Power
2019-03-20,Xinjiang,0.5358339762581029,Power
2019-03-21,Xinjiang,0.5356130175902073,Power
2019-03-22,Xinjiang,0.5588597107750616,Power
2019-03-23,Xinjiang,0.5420024057368563,Power
2019-03-24,Xinjiang,0.5226685222959873,Power
2019-03-25,Xinjiang,0.54447898413952,Power
2019-03-26,Xinjiang,0.5421312982931287,Power
2019-03-27,Xinjiang,0.5436964221907229,Power
2019-03-28,Xinjiang,0.5546891159185313,Power
2019-03-29,Xinjiang,0.5448702651139185,Power
2019-03-30,Xinjiang,0.5208410099802672,Power
2019-03-31,Xinjiang,0.5152387870879962,Power
2019-03-01,Jiangsu,1.0222997728392096,Power
2019-03-02,Jiangsu,1.0092834724161133,Power
2019-03-03,Jiangsu,0.9853470431004606,Power
2019-03-04,Jiangsu,0.9574957051910051,Power
2019-03-05,Jiangsu,0.9676760088374885,Power
2019-03-06,Jiangsu,0.9437472860348157,Power
2019-03-07,Jiangsu,0.9443252745083104,Power
2019-03-08,Jiangsu,0.9715292653274518,Power
2019-03-09,Jiangsu,0.9748045333439208,Power
2019-03-10,Jiangsu,0.923086124735632,Power
2019-03-11,Jiangsu,0.9071567624061234,Power
2019-03-12,Jiangsu,0.8999588792828715,Power
2019-03-13,Jiangsu,0.9387303460848833,Power
2019-03-14,Jiangsu,0.9401791705251097,Power
2019-03-15,Jiangsu,0.9299988668786264,Power
2019-03-16,Jiangsu,0.9100004656957162,Power
2019-03-17,Jiangsu,0.8838137345899251,Power
2019-03-18,Jiangsu,0.9154489703725245,Power
2019-03-19,Jiangsu,0.8867190899833575,Power
2019-03-20,Jiangsu,0.8970535238894393,Power
2019-03-21,Jiangsu,0.8966836112664028,Power
2019-03-22,Jiangsu,0.9356015018150332,Power
2019-03-23,Jiangsu,0.9073802512825413,Power
2019-03-24,Jiangsu,0.8750128967668487,Power
2019-03-25,Jiangsu,0.9115263552657419,Power
2019-03-26,Jiangsu,0.907596033645979,Power
2019-03-27,Jiangsu,0.9102162480591541,Power
2019-03-28,Jiangsu,0.9286194010552195,Power
2019-03-29,Jiangsu,0.9121814088690355,Power
2019-03-30,Jiangsu,0.8719534111138177,Power
2019-03-31,Jiangsu,0.8625745848172468,Power
2019-03-01,Jiangxi,0.20138536878486682,Power
2019-03-02,Jiangxi,0.1988212554684373,Power
2019-03-03,Jiangxi,0.19410595886640647,Power
2019-03-04,Jiangxi,0.18861945470679944,Power
2019-03-05,Jiangxi,0.19062489798152024,Power
2019-03-06,Jiangxi,0.18591111950460273,Power
2019-03-07,Jiangxi,0.18602497888810318,Power
2019-03-08,Jiangxi,0.1913839605381897,Power
2019-03-09,Jiangxi,0.19202916371135878,Power
2019-03-10,Jiangxi,0.18184102607574099,Power
2019-03-11,Jiangxi,0.17870306146646936,Power
2019-03-12,Jiangxi,0.17728513261061074,Power
2019-03-13,Jiangxi,0.18492282005581906,Power
2019-03-14,Jiangxi,0.18520822757712682,Power
2019-03-15,Jiangxi,0.18320278430240605,Power
2019-03-16,Jiangxi,0.17926324963329143,Power
2019-03-17,Jiangxi,0.17410466049816564,Power
2019-03-18,Jiangxi,0.18033656408842205,Power
2019-03-19,Jiangxi,0.17467699366589443,Power
2019-03-20,Jiangxi,0.17671279944288198,Power
2019-03-21,Jiangxi,0.17663992943744172,Power
2019-03-22,Jiangxi,0.1843064612598035,Power
2019-03-23,Jiangxi,0.1787470870947562,Power
2019-03-24,Jiangxi,0.17237096161873253,Power
2019-03-25,Jiangxi,0.17956383840573256,Power
2019-03-26,Jiangxi,0.17878959459792965,Power
2019-03-27,Jiangxi,0.1793057571364649,Power
2019-03-28,Jiangxi,0.18293103990711837,Power
2019-03-29,Jiangxi,0.17969287904036635,Power
2019-03-30,Jiangxi,0.17176826594873698,Power
2019-03-31,Jiangxi,0.16992070768580345,Power
2019-03-01,Hebei,0.8119682134774916,Power
2019-03-02,Hebei,0.8016299325921546,Power
2019-03-03,Hebei,0.782618268631316,Power
2019-03-04,Hebei,0.7604971631726969,Power
2019-03-05,Hebei,0.7685829352564921,Power
2019-03-06,Hebei,0.7495773922434836,Power
2019-03-07,Hebei,0.7500364633307546,Power
2019-03-08,Hebei,0.7716434091716302,Power
2019-03-09,Hebei,0.7742448119994978,Power
2019-03-10,Hebei,0.7331671311105126,Power
2019-03-11,Hebei,0.7205151319453312,Power
2019-03-12,Hebei,0.7147981666718529,Power
2019-03-13,Hebei,0.7455926552059736,Power
2019-03-14,Hebei,0.7467433933980657,Power
2019-03-15,Hebei,0.7386576213142706,Power
2019-03-16,Hebei,0.7227737616947032,Power
2019-03-17,Hebei,0.7019747809674238,Power
2019-03-18,Hebei,0.7271012718107085,Power
2019-03-19,Hebei,0.7042823782994381,Power
2019-03-20,Hebei,0.7124905693398388,Power
2019-03-21,Hebei,0.7121967638439856,Power
2019-03-22,Hebei,0.7431075503868816,Power
2019-03-23,Hebei,0.7206926394324092,Power
2019-03-24,Hebei,0.6949846585452482,Power
2019-03-25,Hebei,0.723985709365098,Power
2019-03-26,Hebei,0.7208640259716568,Power
2019-03-27,Hebei,0.7229451482339508,Power
2019-03-28,Hebei,0.737561971652651,Power
2019-03-29,Hebei,0.7245059899306713,Power
2019-03-30,Hebei,0.6925546422566284,Power
2019-03-31,Hebei,0.6851054487471819,Power
2019-03-01,Henan,0.5687236403348288,Power
2019-03-02,Henan,0.5614824397036716,Power
2019-03-03,Henan,0.5481661761392108,Power
2019-03-04,Henan,0.5326719789331705,Power
2019-03-05,Henan,0.5383354638554669,Power
2019-03-06,Henan,0.5250234875619542,Power
2019-03-07,Henan,0.5253450328830536,Power
2019-03-08,Henan,0.5404790993294625,Power
2019-03-09,Henan,0.5423011894823588,Power
2019-03-10,Henan,0.5135293141503897,Power
2019-03-11,Henan,0.5046675251008919,Power
2019-03-12,Henan,0.5006632140354679,Power
2019-03-13,Henan,0.5222324741748118,Power
2019-03-14,Henan,0.5230384811130342,Power
2019-03-15,Henan,0.5173749961907379,Power
2019-03-16,Henan,0.5062495280807006,Power
2019-03-17,Henan,0.49168138139942635,Power
2019-03-18,Henan,0.5092806286409303,Power
2019-03-19,Henan,0.49329768254681905,Power
2019-03-20,Henan,0.4990469128880753,Power
2019-03-21,Henan,0.49884112388257174,Power
2019-03-22,Henan,0.5204918421699275,Power
2019-03-23,Henan,0.5047918559583836,Power
2019-03-24,Henan,0.48678531797682034,Power
2019-03-25,Henan,0.5070984077284029,Power
2019-03-26,Henan,0.5049118995449272,Power
2019-03-27,Henan,0.5063695716672443,Power
2019-03-28,Henan,0.5166075746910473,Power
2019-03-29,Henan,0.507462825758982,Power
2019-03-30,Henan,0.4850832714104679,Power
2019-03-31,Henan,0.4798656626667625,Power
2019-03-01,Zhejiang,0.5509949524056833,Power
2019-03-02,Zhejiang,0.5439794800142499,Power
2019-03-03,Zhejiang,0.5310783211937692,Power
2019-03-04,Zhejiang,0.5160671209435382,Power
2019-03-05,Zhejiang,0.5215540593858612,Power
2019-03-06,Zhejiang,0.5086570541902421,Power
2019-03-07,Zhejiang,0.5089685760548707,Power
2019-03-08,Zhejiang,0.5236308718167176,Power
2019-03-09,Zhejiang,0.5253961623829457,Power
2019-03-10,Zhejiang,0.4975211859359895,Power
2019-03-11,Zhejiang,0.48893564334682865,Power
2019-03-12,Zhejiang,0.48505615772598853,Power
2019-03-13,Zhejiang,0.5059530444052669,Power
2019-03-14,Zhejiang,0.506733925879269,Power
2019-03-15,Zhejiang,0.5012469874369462,Power
2019-03-16,Zhejiang,0.49046833092080067,Power
2019-03-17,Zhejiang,0.47635431364069974,Power
2019-03-18,Zhejiang,0.4934049436980318,Power
2019-03-19,Zhejiang,0.47792023021356556,Power
2019-03-20,Zhejiang,0.4834902411531228,Power
2019-03-21,Zhejiang,0.4832908671597606,Power
2019-03-22,Zhejiang,0.5042666727114115,Power
2019-03-23,Zhejiang,0.48905609846781833,Power
2019-03-24,Zhejiang,0.47161087404862345,Power
2019-03-25,Zhejiang,0.4912907486434199,Power
2019-03-26,Zhejiang,0.4891723999639461,Power
2019-03-27,Zhejiang,0.4905846324169286,Power
2019-03-28,Zhejiang,0.5005034885866995,Power
2019-03-29,Zhejiang,0.4916438067566654,Power
2019-03-30,Zhejiang,0.4699618849785234,Power
2019-03-31,Zhejiang,0.46490692352181856,Power
2019-03-01,Hainan,0.04766319673283338,Power
2019-03-02,Hainan,0.04705633120837308,Power
2019-03-03,Hainan,0.04594033101951952,Power
2019-03-04,Hainan,0.044641804077305496,Power
2019-03-05,Hainan,0.04511644549696923,Power
2019-03-06,Hainan,0.04400080461274826,Power
2019-03-07,Hainan,0.04402775246019322,Power
2019-03-08,Hainan,0.0452960978132689,Power
2019-03-09,Hainan,0.045448802282123626,Power
2019-03-10,Hainan,0.043037508892749425,Power
2019-03-11,Hainan,0.042294826217166584,Power
2019-03-12,Hainan,0.041959235690318786,Power
2019-03-13,Hainan,0.04376689729692609,Power
2019-03-14,Hainan,0.04383444656785477,Power
2019-03-15,Hainan,0.04335980514819104,Power
2019-03-16,Hainan,0.04242740962659573,Power
2019-03-17,Hainan,0.04120649248502317,Power
2019-03-18,Hainan,0.04268143800184347,Power
2019-03-19,Hainan,0.04134195033151312,Power
2019-03-20,Hainan,0.04182377784382884,Power
2019-03-21,Hainan,0.04180653122146408,Power
2019-03-22,Hainan,0.04362101961609076,Power
2019-03-23,Hainan,0.042305246051511966,Power
2019-03-24,Hainan,0.040796166594594716,Power
2019-03-25,Hainan,0.04249855194385041,Power
2019-03-26,Hainan,0.04231530658122473,Power
2019-03-27,Hainan,0.04243747015630851,Power
2019-03-28,Hainan,0.043295489618955754,Power
2019-03-29,Hainan,0.042529092837621345,Power
2019-03-30,Hainan,0.04065352265545278,Power
2019-03-31,Hainan,0.04021624891757938,Power
2019-03-01,Hubei,0.28499702104966096,Power
2019-03-02,Hubei,0.28136833312051535,Power
2019-03-03,Hubei,0.2746953285569119,Power
2019-03-04,Hubei,0.2669309246635241,Power
2019-03-05,Hubei,0.2697689926057392,Power
2019-03-06,Hubei,0.26309813646601327,Power
2019-03-07,Hubei,0.26325926825682794,Power
2019-03-08,Hubei,0.2708432045445034,Power
2019-03-09,Hubei,0.27175628469245305,Power
2019-03-10,Hubei,0.2573382120503595,Power
2019-03-11,Hubei,0.2528974198955082,Power
2019-03-12,Hubei,0.2508907919938965,Power
2019-03-13,Hubei,0.26169951252174223,Power
2019-03-14,Hubei,0.26210341621071764,Power
2019-03-15,Hubei,0.25926534826850256,Power
2019-03-16,Hubei,0.2536901883063162,Power
2019-03-17,Hubei,0.24638984397047445,Power
2019-03-18,Hubei,0.25520912398772877,Power
2019-03-19,Hubei,0.24719979977230266,Power
2019-03-20,Hubei,0.25008083619206833,Power
2019-03-21,Hubei,0.249977711845947,Power
2019-03-22,Hubei,0.26082725242746574,Power
2019-03-23,Hubei,0.25295972418795654,Power
2019-03-24,Hubei,0.24393634390233693,Power
2019-03-25,Hubei,0.2541155762340668,Power
2019-03-26,Hubei,0.25301988005652726,Power
2019-03-27,Hubei,0.2537503441748869,Power
2019-03-28,Hubei,0.2588807803944249,Power
2019-03-29,Hubei,0.2542981922636567,Power
2019-03-30,Hubei,0.24308341962295815,Power
2019-03-31,Hubei,0.240468787764006,Power
2019-03-01,Hunan,0.16083926877188315,Power
2019-03-02,Hunan,0.15879140346095613,Power
2019-03-03,Hunan,0.1550254652396777,Power
2019-03-04,Hunan,0.15064359121144194,Power
2019-03-05,Hunan,0.15224526680394318,Power
2019-03-06,Hunan,0.1484805410547257,Power
2019-03-07,Hunan,0.14857147645929616,Power
2019-03-08,Hunan,0.15285150283441298,Power
2019-03-09,Hunan,0.15336680346031234,Power
2019-03-10,Hunan,0.1452299034593466,Power
2019-03-11,Hunan,0.14272372370938444,Power
2019-03-12,Hunan,0.14159127480446682,Power
2019-03-13,Hunan,0.147691221743054,Power
2019-03-14,Hunan,0.14791916649051065,Power
2019-03-15,Hunan,0.14631749089800944,Power
2019-03-16,Hunan,0.14317112589987113,Power
2019-03-17,Hunan,0.13905114583679834,Power
2019-03-18,Hunan,0.1440283436469554,Power
2019-03-19,Hunan,0.13950824780377258,Power
2019-03-20,Hunan,0.14113417283749258,Power
2019-03-21,Hunan,0.1410759741785675,Power
2019-03-22,Hunan,0.14719895808631253,Power
2019-03-23,Hunan,0.14275888539915169,Power
2019-03-24,Hunan,0.1376665027432053,Power
2019-03-25,Hunan,0.14341119536793717,Power
2019-03-26,Hunan,0.14279283461685796,Power
2019-03-27,Hunan,0.14320507511757744,Power
2019-03-28,Hunan,0.14610045839910124,Power
2019-03-29,Hunan,0.14351425549311703,Power
2019-03-30,Hunan,0.13718515133501227,Power
2019-03-31,Hunan,0.13570957283684876,Power
2019-03-01,Gansu,0.2751113737057898,Power
2019-03-02,Gansu,0.2716085535104766,Power
2019-03-03,Gansu,0.2651670144183257,Power
2019-03-04,Gansu,0.25767193319519843,Power
2019-03-05,Gansu,0.26041155751610356,Power
2019-03-06,Gansu,0.25397209232578527,Power
2019-03-07,Gansu,0.25412763496323265,Power
2019-03-08,Gansu,0.26144850843241885,Power
2019-03-09,Gansu,0.2623299167112869,Power
2019-03-10,Gansu,0.24841196151250247,Power
2019-03-11,Gansu,0.24412520642445487,Power
2019-03-12,Gansu,0.24218818211277776,Power
2019-03-13,Gansu,0.2526219822327427,Power
2019-03-14,Gansu,0.2530118757772773,Power
2019-03-15,Gansu,0.2502722514563722,Power
2019-03-16,Gansu,0.24489047620069557,Power
2019-03-17,Gansu,0.23784335777341653,Power
2019-03-18,Gansu,0.24635672479636542,Power
2019-03-19,Gansu,0.2386252187643183,Power
2019-03-20,Gansu,0.24140632112187604,Power
2019-03-21,Gansu,0.24130677383390978,Power
2019-03-22,Gansu,0.2517799780886947,Power
2019-03-23,Gansu,0.24418534957760116,Power
2019-03-24,Gansu,0.23547496188055228,Power
2019-03-25,Gansu,0.24530110876355646,Power
2019-03-26,Gansu,0.24424341882891476,Power
2019-03-27,Gansu,0.2449485454520092,Power
2019-03-28,Gansu,0.24990102302833128,Power
2019-03-29,Gansu,0.24547739041933,Power
2019-03-30,Gansu,0.23465162285299793,Power
2019-03-31,Gansu,0.23212768432268638,Power
2019-03-01,Fujian,0.21880802155505888,Power
2019-03-02,Fujian,0.21602207655222072,Power
2019-03-03,Fujian,0.2108988408039582,Power
2019-03-04,Fujian,0.2049376772514081,Power
2019-03-05,Fujian,0.20711661943539225,Power
2019-03-06,Fujian,0.2019950331513114,Power
2019-03-07,Fujian,0.2021187429649366,Power
2019-03-08,Fujian,0.2079413515262265,Power
2019-03-09,Fujian,0.20864237380343567,Power
2019-03-10,Fujian,0.19757281968025805,Power
2019-03-11,Fujian,0.1941633772167492,Power
2019-03-12,Fujian,0.19262277767107075,Power
2019-03-13,Fujian,0.20092123196904518,Power
2019-03-14,Fujian,0.20123133123519887,Power
2019-03-15,Fujian,0.19905238905121478,Power
2019-03-16,Fujian,0.19477202949978487,Power
2019-03-17,Fujian,0.18916715021047517,Power
2019-03-18,Fujian,0.1959382006762245,Power
2019-03-19,Fujian,0.1897889982069642,Power
2019-03-20,Fujian,0.19200092967458174,Power
2019-03-21,Fujian,0.19192175539386164,Power
2019-03-22,Fujian,0.2002515495112878,Power
2019-03-23,Fujian,0.1942112116780176,Power
2019-03-24,Fujian,0.18728346211500968,Power
2019-03-25,Fujian,0.19509862340775525,Power
2019-03-26,Fujian,0.19425739667510425,Power
2019-03-27,Fujian,0.19481821449687156,Power
2019-03-28,Fujian,0.19875713496269606,Power
2019-03-29,Fujian,0.19523882786319705,Power
2019-03-30,Fujian,0.1866286248348873,Power
2019-03-31,Fujian,0.18462122692579666,Power
2019-03-01,Tibet,0.0007401780588643679,Power
2019-03-02,Tibet,0.0007307538368927581,Power
2019-03-03,Tibet,0.000713423088850236,Power
2019-03-04,Tibet,0.0006932578205225879,Power
2019-03-05,Tibet,0.0007006286892167836,Power
2019-03-06,Tibet,0.0006833035209386023,Power
2019-03-07,Tibet,0.0006837220032641623,Power
2019-03-08,Tibet,0.0007034185713871832,Power
2019-03-09,Tibet,0.0007057899712320228,Power
2019-03-10,Tibet,0.0006683441727409198,Power
2019-03-11,Tibet,0.0006568107998484881,Power
2019-03-12,Tibet,0.0006515992999541816,Power
2019-03-13,Tibet,0.000679671094352742,Power
2019-03-14,Tibet,0.0006807200900488123,Power
2019-03-15,Tibet,0.0006733492213546168,Power
2019-03-16,Tibet,0.0006588697328902429,Power
2019-03-17,Tibet,0.0006399096936602075,Power
2019-03-18,Tibet,0.0006628146262791879,Power
2019-03-19,Tibet,0.0006420132648166887,Power
2019-03-20,Tibet,0.0006494957287977004,Power
2019-03-21,Tibet,0.000649227900109342,Power
2019-03-22,Tibet,0.0006774057100303777,Power
2019-03-23,Tibet,0.0006569726130143713,Power
2019-03-24,Tibet,0.0006335376027830149,Power
2019-03-25,Tibet,0.0006599745262297212,Power
2019-03-26,Tibet,0.0006571288464159135,Power
2019-03-27,Tibet,0.0006590259662917852,Power
2019-03-28,Tibet,0.0006723504435376136,Power
2019-03-29,Tibet,0.000660448806198689,Power
2019-03-30,Tibet,0.0006313224363397176,Power
2019-03-31,Tibet,0.000624531863136965,Power
2019-03-01,Guizhou,0.2971032025701254,Power
2019-03-02,Guizhou,0.2933203742412326,Power
2019-03-03,Guizhou,0.2863639119620491,Power
2019-03-04,Guizhou,0.27826968959341764,Power
2019-03-05,Guizhou,0.2812283137630254,Power
2019-03-06,Guizhou,0.27427409116905727,Power
2019-03-07,Guizhou,0.27444206756021594,Power
2019-03-08,Guizhou,0.2823481563707496,Power
2019-03-09,Guizhou,0.28330002258731535,Power
2019-03-10,Guizhou,0.26826949510643944,Power
2019-03-11,Guizhou,0.2636400657661071,Power
2019-03-12,Guizhou,0.26154819977487803,Power
2019-03-13,Guizhou,0.27281605609380016,Power
2019-03-14,Guizhou,0.2732371169143045,Power
2019-03-15,Guizhou,0.2702784927446969,Power
2019-03-16,Guizhou,0.26446650961060764,Power
2019-03-17,Guizhou,0.2568560592485131,Power
2019-03-18,Guizhou,0.26604996705792977,Power
2019-03-19,Guizhou,0.25770042057473724,Power
2019-03-20,Guizhou,0.2607038384486539,Power
2019-03-21,Guizhou,0.26059633355831235,Power
2019-03-22,Guizhou,0.2719067438963281,Power
2019-03-23,Guizhou,0.2637050166373551,Power
2019-03-24,Guizhou,0.25429833873247076,Power
2019-03-25,Guizhou,0.2649099672832665,Power
2019-03-26,Guizhou,0.2637677278233876,Power
2019-03-27,Guizhou,0.26452922079664015,Power
2019-03-28,Guizhou,0.2698775890911316,Power
2019-03-29,Guizhou,0.26510034052657955,Power
2019-03-30,Guizhou,0.25340918370193766,Power
2019-03-31,Guizhou,0.2506834867947366,Power
2019-03-01,Liaoning,0.41076323718612484,Power
2019-03-02,Liaoning,0.4055332470794762,Power
2019-03-03,Liaoning,0.39591551512491696,Power
2019-03-04,Liaoning,0.38472476068712647,Power
2019-03-05,Liaoning,0.3888152384437179,Power
2019-03-06,Liaoning,0.3792006029901098,Power
2019-03-07,Liaoning,0.3794328405614531,Power
2019-03-08,Liaoning,0.3903634889193391,Power
2019-03-09,Liaoning,0.3916795018236172,Power
2019-03-10,Liaoning,0.37089888393982867,Power
2019-03-11,Liaoning,0.3644984164736104,Power
2019-03-12,Liaoning,0.3616062845851498,Power
2019-03-13,Liaoning,0.3771847808708509,Power
2019-03-14,Liaoning,0.37776692304968457,Power
2019-03-15,Liaoning,0.37367644529309324,Power
2019-03-16,Liaoning,0.36564102532461884,Power
2019-03-17,Liaoning,0.3551191150922968,Power
2019-03-18,Liaoning,0.36783025149714726,Power
2019-03-19,Liaoning,0.3562864959509152,Power
2019-03-20,Liaoning,0.3604389037265314,Power
2019-03-21,Liaoning,0.36029027168087185,Power
2019-03-22,Liaoning,0.37592760148464655,Power
2019-03-23,Liaoning,0.3645882150011965,Power
2019-03-24,Liaoning,0.3515829110059778,Power
2019-03-25,Liaoning,0.3662541325129649,Power
2019-03-26,Liaoning,0.3646749170278311,Power
2019-03-27,Liaoning,0.36572772735125364,Power
2019-03-28,Liaoning,0.3731221716228208,Power
2019-03-29,Liaoning,0.36651733509382045,Power
2019-03-30,Liaoning,0.3503536001283346,Power
2019-03-31,Liaoning,0.3465851584706724,Power
2019-03-01,Chongqing,0.09514846604767051,Power
2019-03-02,Chongqing,0.09393700043672386,Power
2019-03-03,Chongqing,0.09170916610421927,Power
2019-03-04,Chongqing,0.08911695964006228,Power
2019-03-05,Chongqing,0.09006447063595364,Power
2019-03-06,Chongqing,0.08783735357142473,Power
2019-03-07,Chongqing,0.08789114866960178,Power
2019-03-08,Chongqing,0.09042310462380047,Power
2019-03-09,Chongqing,0.0907279435134703,Power
2019-03-10,Chongqing,0.08591435812858997,Power
2019-03-11,Chongqing,0.08443176522283112,Power
2019-03-12,Chongqing,0.08376183693353319,Power
2019-03-13,Chongqing,0.08737041211924813,Power
2019-03-14,Chongqing,0.08750525849867856,Power
2019-03-15,Chongqing,0.0865577475027872,Power
2019-03-16,Chongqing,0.08469643710586208,Power
2019-03-17,Chongqing,0.08225916052445494,Power
2019-03-18,Chongqing,0.0852035455646775,Power
2019-03-19,Chongqing,0.08252957055129145,Power
2019-03-20,Chongqing,0.08349142690669668,Power
2019-03-21,Chongqing,0.08345699804386339,Power
2019-03-22,Chongqing,0.08707920132111652,Power
2019-03-23,Chongqing,0.08445256599412623,Power
2019-03-24,Chongqing,0.08144004049621273,Power
2019-03-25,Chongqing,0.08483845616504943,Power
2019-03-26,Chongqing,0.08447264949744564,Power
2019-03-27,Chongqing,0.08471652060918149,Power
2019-03-28,Chongqing,0.08642935653513803,Power
2019-03-29,Chongqing,0.08489942394298339,Power
2019-03-30,Chongqing,0.08115528510986235,Power
2019-03-31,Chongqing,0.08028236998344312,Power
2019-03-01,Shaanxi,0.4806887124586482,Power
2019-03-02,Shaanxi,0.4745684052282393,Power
2019-03-03,Shaanxi,0.463313417509086,Power
2019-03-04,Shaanxi,0.4502176269047653,Power
2019-03-05,Shaanxi,0.4550044391317459,Power
2019-03-06,Shaanxi,0.44375307504031924,Power
2019-03-07,Shaanxi,0.4440248471198224,Power
2019-03-08,Shaanxi,0.45681625299509954,Power
2019-03-09,Shaanxi,0.45835629477895024,Power
2019-03-10,Shaanxi,0.43403812910501666,Power
2019-03-11,Shaanxi,0.4265480905939124,Power
2019-03-12,Shaanxi,0.4231636222971676,Power
2019-03-13,Shaanxi,0.44139409339023267,Power
2019-03-14,Shaanxi,0.4420753354028537,Power
2019-03-15,Shaanxi,0.43728852317587324,Power
2019-03-16,Shaanxi,0.4278852092250674,Power
2019-03-17,Shaanxi,0.41557212220971557,Power
2019-03-18,Shaanxi,0.4304471140278495,Power
2019-03-19,Shaanxi,0.41693822986268425,Power
2019-03-20,Shaanxi,0.4217975146441989,Power
2019-03-21,Shaanxi,0.421623580513317,Power
2019-03-22,Shaanxi,0.4399229005331895,Power
2019-03-23,Shaanxi,0.42665317579798695,Power
2019-03-24,Shaanxi,0.4114339393458156,Power
2019-03-25,Shaanxi,0.4286026875149555,Power
2019-03-26,Shaanxi,0.4267546373743346,Power
2019-03-27,Shaanxi,0.42798667080141517,Power
2019-03-28,Shaanxi,0.43663989381279256,Power
2019-03-29,Shaanxi,0.42891069587172553,Power
2019-03-30,Shaanxi,0.4099953591383128,Power
2019-03-31,Shaanxi,0.40558540419490985,Power
2019-03-01,Qinghai,0.1020057887372457,Power
2019-03-02,Qinghai,0.10070701314678322,Power
2019-03-03,Qinghai,0.09831861943217314,Power
2019-03-04,Qinghai,0.09553959339076915,Power
2019-03-05,Qinghai,0.096555391232688,Power
2019-03-06,Qinghai,0.09416776647935111,Power
2019-03-07,Qinghai,0.09422543857484236,Power
2019-03-08,Qinghai,0.09693987186929617,Power
2019-03-09,Qinghai,0.09726668041041314,Power
2019-03-10,Qinghai,0.09210618130585801,Power
2019-03-11,Qinghai,0.09051673835411976,Power
2019-03-12,Qinghai,0.08979852852493564,Power
2019-03-13,Qinghai,0.09366717269048724,Power
2019-03-14,Qinghai,0.09381173740985194,Power
2019-03-15,Qinghai,0.09279593956793311,Power
2019-03-16,Qinghai,0.09080048506393659,Power
2019-03-17,Qinghai,0.08818755465754734,Power
2019-03-18,Qinghai,0.09134414068410057,Power
2019-03-19,Qinghai,0.08847745305754992,Power
2019-03-20,Qinghai,0.08950863012493308,Power
2019-03-21,Qinghai,0.0894717199838187,Power
2019-03-22,Qinghai,0.09335497441356141,Power
2019-03-23,Qinghai,0.09053903823104303,Power
2019-03-24,Qinghai,0.08730940088353423,Power
2019-03-25,Qinghai,0.09095273939603345,Power
2019-03-26,Qinghai,0.09056056914669307,Power
2019-03-27,Qinghai,0.09082201597958664,Power
2019-03-28,Qinghai,0.09265829550002737,Power
2019-03-29,Qinghai,0.09101810110425682,Power
2019-03-30,Qinghai,0.08700412325806733,Power
2019-03-31,Qinghai,0.08606829738856299,Power
2019-03-01,Heilongjiang,0.1953927733467534,Power
2019-03-02,Heilongjiang,0.19290495998128634,Power
2019-03-03,Heilongjiang,0.1883299757816767,Power
2019-03-04,Heilongjiang,0.1830067327367993,Power
2019-03-05,Heilongjiang,0.18495250032459207,Power
2019-03-06,Heilongjiang,0.18037898907546523,Power
2019-03-07,Heilongjiang,0.18048946036167607,Power
2019-03-08,Heilongjiang,0.18568897556599734,Power
2019-03-09,Heilongjiang,0.18631497952119186,Power
2019-03-10,Heilongjiang,0.17643000883105012,Power
2019-03-11,Heilongjiang,0.17338542018308067,Power
2019-03-12,Heilongjiang,0.17200968443213557,Power
2019-03-13,Heilongjiang,0.17942009831115555,Power
2019-03-14,Heilongjiang,0.17969701300192395,Power
2019-03-15,Heilongjiang,0.1777512454141312,Power
2019-03-16,Heilongjiang,0.17392893891123776,Power
2019-03-17,Heilongjiang,0.16892385317064745,Power
2019-03-18,Heilongjiang,0.1749703149025848,Power
2019-03-19,Heilongjiang,0.16947915550266704,Power
2019-03-20,Heilongjiang,0.17145438210011602,Power
2019-03-21,Heilongjiang,0.1713836804769411,Power
2019-03-22,Heilongjiang,0.17882208041513448,Power
2019-03-23,Heilongjiang,0.17342813574708218,Power
2019-03-24,Heilongjiang,0.16724174371927777,Power
2019-03-25,Heilongjiang,0.17422058310683425,Power
2019-03-26,Heilongjiang,0.17346937836060083,Power
2019-03-27,Heilongjiang,0.17397018152475643,Power
2019-03-28,Heilongjiang,0.17748758727770808,Power
2019-03-29,Heilongjiang,0.17434578389787314,Power
2019-03-30,Heilongjiang,0.166656982377602,Power
2019-03-31,Heilongjiang,0.1648644016400215,Power
2019-04-01,Shanghai,0.10762612876687569,Power
2019-04-02,Shanghai,0.11079162991918397,Power
2019-04-03,Shanghai,0.11127687930491312,Power
2019-04-04,Shanghai,0.10370680680521703,Power
2019-04-05,Shanghai,0.09354206122985845,Power
2019-04-06,Shanghai,0.09963271487062414,Power
2019-04-07,Shanghai,0.10419114577934072,Power
2019-04-08,Shanghai,0.10621590118996298,Power
2019-04-09,Shanghai,0.11156183813743324,Power
2019-04-10,Shanghai,0.11478833686730974,Power
2019-04-11,Shanghai,0.11262610930425764,Power
2019-04-12,Shanghai,0.10774721351040661,Power
2019-04-13,Shanghai,0.10651815784298752,Power
2019-04-14,Shanghai,0.10105932985643577,Power
2019-04-15,Shanghai,0.10421754771590008,Power
2019-04-16,Shanghai,0.102988492048481,Power
2019-04-17,Shanghai,0.09803221126816283,Power
2019-04-18,Shanghai,0.10321336371503842,Power
2019-04-19,Shanghai,0.10401816757429655,Power
2019-04-20,Shanghai,0.10484846295850855,Power
2019-04-21,Shanghai,0.10241766397183524,Power
2019-04-22,Shanghai,0.10327436129260661,Power
2019-04-23,Shanghai,0.10725377042022796,Power
2019-04-24,Shanghai,0.10753053554829864,Power
2019-04-25,Shanghai,0.10650996413853805,Power
2019-04-26,Shanghai,0.10483116513800413,Power
2019-04-27,Shanghai,0.10362942181874991,Power
2019-04-28,Shanghai,0.10553218207423576,Power
2019-04-29,Shanghai,0.10357752835723667,Power
2019-04-30,Shanghai,0.0996409085750736,Power
2019-04-01,Yunnan,0.059817706622112485,Power
2019-04-02,Yunnan,0.06157706581685677,Power
2019-04-03,Yunnan,0.061846763386830504,Power
2019-04-04,Yunnan,0.057639380095401475,Power
2019-04-05,Yunnan,0.05198989910336239,Power
2019-04-06,Yunnan,0.05537503370584707,Power
2019-04-07,Yunnan,0.05790857166618203,Power
2019-04-08,Yunnan,0.059033913871851085,Power
2019-04-09,Yunnan,0.062005141134301014,Power
2019-04-10,Yunnan,0.06379840227498948,Power
2019-04-11,Yunnan,0.06259665419114775,Power
2019-04-12,Yunnan,0.059885004514807626,Power
2019-04-13,Yunnan,0.05920190560399232,Power
2019-04-14,Yunnan,0.056167934441586014,Power
2019-04-15,Yunnan,0.057923245642784726,Power
2019-04-16,Yunnan,0.05724014673196943,Power
2019-04-17,Yunnan,0.054485487124207595,Power
2019-04-18,Yunnan,0.05736512853268897,Power
2019-04-19,Yunnan,0.057812431819474694,Power
2019-04-20,Yunnan,0.05827390308366992,Power
2019-04-21,Yunnan,0.056922885237835216,Power
2019-04-22,Yunnan,0.05739903047863314,Power
2019-04-23,Yunnan,0.0596107529520951,Power
2019-04-24,Yunnan,0.05976457670682684,Power
2019-04-25,Yunnan,0.05919735161125356,Power
2019-04-26,Yunnan,0.058264289098999174,Power
2019-04-27,Yunnan,0.05759637016397978,Power
2019-04-28,Yunnan,0.058653908477760495,Power
2019-04-29,Yunnan,0.05756752820996758,Power
2019-04-30,Yunnan,0.05537958769858584,Power
2019-04-01,InnerMongolia,1.0228203131113653,Power
2019-04-02,InnerMongolia,1.052903517969281,Power
2019-04-03,InnerMongolia,1.0575150647594072,Power
2019-04-04,InnerMongolia,0.9855732044218838,Power
2019-04-05,InnerMongolia,0.8889729794467246,Power
2019-04-06,InnerMongolia,0.9468552459119118,Power
2019-04-07,InnerMongolia,0.9901760991542427,Power
2019-04-08,InnerMongolia,1.0094182756293661,Power
2019-04-09,InnerMongolia,1.0602231588406634,Power
2019-04-10,InnerMongolia,1.0908860515690078,Power
2019-04-11,InnerMongolia,1.0703374143709778,Power
2019-04-12,InnerMongolia,1.0239710367944552,Power
2019-04-13,InnerMongolia,1.0122907588082064,Power
2019-04-14,InnerMongolia,0.9604130204337277,Power
2019-04-15,InnerMongolia,0.9904270088295026,Power
2019-04-16,InnerMongolia,0.9787467308432541,Power
2019-04-17,InnerMongolia,0.9316449283564858,Power
2019-04-18,InnerMongolia,0.9808837891118493,Power
2019-04-19,InnerMongolia,0.9885322081784002,Power
2019-04-20,InnerMongolia,0.9964228848624437,Power
2019-04-21,InnerMongolia,0.9733218906229743,Power
2019-04-22,InnerMongolia,0.9814634769822779,Power
2019-04-23,InnerMongolia,1.0192816214844203,Power
2019-04-24,InnerMongolia,1.021911847045768,Power
2019-04-25,InnerMongolia,1.012212890288298,Power
2019-04-26,InnerMongolia,0.9962584957648594,Power
2019-04-27,InnerMongolia,0.9848377795116386,Power
2019-04-28,InnerMongolia,1.0029205802459047,Power
2019-04-29,InnerMongolia,0.9843446122188859,Power
2019-04-30,InnerMongolia,0.9469331144318202,Power
2019-04-01,Beijing,0.04872669887142805,Power
2019-04-02,Beijing,0.05015984919647398,Power
2019-04-03,Beijing,0.05037954120776229,Power
2019-04-04,Beijing,0.046952263395637774,Power
2019-04-05,Beijing,0.042350272202328065,Power
2019-04-06,Beijing,0.04510775729711015,Power
2019-04-07,Beijing,0.04717154322679235,Power
2019-04-08,Beijing,0.04808823184425055,Power
2019-04-09,Beijing,0.05050855358962579,Power
2019-04-10,Beijing,0.051969319983632925,Power
2019-04-11,Beijing,0.0509903921659786,Power
2019-04-12,Beijing,0.04878151882921669,Power
2019-04-13,Beijing,0.048225075648655275,Power
2019-04-14,Beijing,0.04575364356669513,Power
2019-04-15,Beijing,0.04718349645067107,Power
2019-04-16,Beijing,0.046627053270109665,Power
2019-04-17,Beijing,0.04438314462197907,Power
2019-04-18,Beijing,0.04672886176314572,Power
2019-04-19,Beijing,0.04709322900138,Power
2019-04-20,Beijing,0.04746913728335927,Power
2019-04-21,Beijing,0.046368616326248925,Power
2019-04-22,Beijing,0.04675647783210691,Power
2019-04-23,Beijing,0.048558117196724614,Power
2019-04-24,Beijing,0.04868341995738437,Power
2019-04-25,Beijing,0.048221366027451536,Power
2019-04-26,Beijing,0.04746130586081802,Power
2019-04-27,Beijing,0.0469172280842691,Power
2019-04-28,Beijing,0.0477786845638049,Power
2019-04-29,Beijing,0.0468937338166454,Power
2019-04-30,Beijing,0.04511146691831389,Power
2019-04-01,Jilin,0.13124871221862586,Power
2019-04-02,Jilin,0.13510900111433596,Power
2019-04-03,Jilin,0.13570075664537234,Power
2019-04-04,Jilin,0.12646914831410125,Power
2019-04-05,Jilin,0.11407336875683828,Power
2019-04-06,Jilin,0.12150084437153504,Power
2019-04-07,Jilin,0.12705979360961975,Power
2019-04-08,Jilin,0.12952895740141132,Power
2019-04-09,Jilin,0.1360482603624725,Power
2019-04-10,Jilin,0.1399829350378814,Power
2019-04-11,Jilin,0.13734612568288815,Power
2019-04-12,Jilin,0.1313963735425055,Power
2019-04-13,Jilin,0.12989755559335142,Power
2019-04-14,Jilin,0.12324058342807163,Power
2019-04-15,Jilin,0.1270919904396386,Power
2019-04-16,Jilin,0.12559317249048454,Power
2019-04-17,Jilin,0.11954905033108108,Power
2019-04-18,Jilin,0.12586740066340385,Power
2019-04-19,Jilin,0.12684884886122028,Power
2019-04-20,Jilin,0.1278613836535377,Power
2019-04-21,Jilin,0.12489705482076634,Power
2019-04-22,Jilin,0.1259417864431026,Power
2019-04-23,Jilin,0.13079462589180804,Power
2019-04-24,Jilin,0.13113213748924718,Power
2019-04-25,Jilin,0.1298875634736904,Power
2019-04-26,Jilin,0.12784028917869775,Power
2019-04-27,Jilin,0.12637477829508045,Power
2019-04-28,Jilin,0.1286951705274745,Power
2019-04-29,Jilin,0.12631149487056062,Power
2019-04-30,Jilin,0.12151083649119607,Power
2019-04-01,Sichuan,0.100580317748897,Power
2019-04-02,Sichuan,0.10353858741242183,Power
2019-04-03,Sichuan,0.10399206964729635,Power
2019-04-04,Sichuan,0.09691757662106426,Power
2019-04-05,Sichuan,0.08741827239522167,Power
2019-04-06,Sichuan,0.09311019763220214,Power
2019-04-07,Sichuan,0.09737020804499157,Power
2019-04-08,Sichuan,0.099262411591635,Power
2019-04-09,Sichuan,0.10425837347377989,Power
2019-04-10,Sichuan,0.10727364747076926,Power
2019-04-11,Sichuan,0.10525297147109383,Power
2019-04-12,Sichuan,0.10069347560487883,Power
2019-04-13,Sichuan,0.09954488082611594,Power
2019-04-14,Sichuan,0.09444341838651431,Power
2019-04-15,Sichuan,0.09739488156246127,Power
2019-04-16,Sichuan,0.0962462867836984,Power
2019-04-17,Sichuan,0.09161447198696869,Power
2019-04-18,Sichuan,0.09645643708766466,Power
2019-04-19,Sichuan,0.09720855396501753,Power
2019-04-20,Sichuan,0.0979844935488929,Power
2019-04-21,Sichuan,0.09571282831978409,Power
2019-04-22,Sichuan,0.09651344142112918,Power
2019-04-23,Sichuan,0.10023233607147919,Power
2019-04-24,Sichuan,0.10049098259943764,Power
2019-04-25,Sichuan,0.09953722352759085,Power
2019-04-26,Sichuan,0.09796832814089548,Power
2019-04-27,Sichuan,0.09684525769054957,Power
2019-04-28,Sichuan,0.09862345257026395,Power
2019-04-29,Sichuan,0.09679676146655736,Power
2019-04-30,Sichuan,0.09311785493072722,Power
2019-04-01,Tianjin,0.12968183854747656,Power
2019-04-02,Tianjin,0.13349604253361708,Power
2019-04-03,Tianjin,0.13408073356744304,Power
2019-04-04,Tianjin,0.12495933404349753,Power
2019-04-05,Tianjin,0.11271153780960075,Power
2019-04-06,Tianjin,0.1200503427182232,Power
2019-04-07,Tianjin,0.12554292809602177,Power
2019-04-08,Tianjin,0.1279826145110855,Power
2019-04-09,Tianjin,0.1344240887148868,Power
2019-04-10,Tianjin,0.13831179044824377,Power
2019-04-11,Tianjin,0.13570645985661772,Power
2019-04-12,Tianjin,0.12982773706060763,Power
2019-04-13,Tianjin,0.12834681230326228,Power
2019-04-14,Tianjin,0.1217693124180455,Power
2019-04-15,Tianjin,0.12557474055377216,Power
2019-04-16,Tianjin,0.12409381579642681,Power
2019-04-17,Tianjin,0.11812184958976903,Power
2019-04-18,Tianjin,0.12436477017795593,Power
2019-04-19,Tianjin,0.1253345016486917,Power
2019-04-20,Tianjin,0.1263349485958761,Power
2019-04-21,Tianjin,0.12340600852023755,Power
2019-04-22,Tianjin,0.12443826792517232,Power
2019-04-23,Tianjin,0.12923317319506597,Power
2019-04-24,Tianjin,0.1295666555107941,Power
2019-04-25,Tianjin,0.12833693947154665,Power
2019-04-26,Tianjin,0.12631410595114306,Power
2019-04-27,Tianjin,0.12486609063284987,Power
2019-04-28,Tianjin,0.1271587815534808,Power
2019-04-29,Tianjin,0.12480356269865085,Power
2019-04-30,Tianjin,0.12006021554993881,Power
2019-04-01,Ningxia,0.2280705813576418,Power
2019-04-02,Ningxia,0.23477859637562162,Power
2019-04-03,Ningxia,0.23580688858286442,Power
2019-04-04,Ningxia,0.21976514429914215,Power
2019-04-05,Ningxia,0.1982250270498627,Power
2019-04-06,Ningxia,0.21113173411638125,Power
2019-04-07,Ningxia,0.22079150725271288,Power
2019-04-08,Ningxia,0.22508216741951964,Power
2019-04-09,Ningxia,0.23641074498223963,Power
2019-04-10,Ningxia,0.2432480199962519,Power
2019-04-11,Ningxia,0.2386660425249542,Power
2019-04-12,Ningxia,0.22832717209603448,Power
2019-04-13,Ningxia,0.22572267963866524,Power
2019-04-14,Ningxia,0.21415487462060168,Power
2019-04-15,Ningxia,0.2208474556092045,Power
2019-04-16,Ningxia,0.21824296315183528,Power
2019-04-17,Ningxia,0.2077401061607849,Power
2019-04-18,Ningxia,0.21871948880885025,Power
2019-04-19,Ningxia,0.22042494905500903,Power
2019-04-20,Ningxia,0.2221844284039874,Power
2019-04-21,Ningxia,0.2170333210994127,Power
2019-04-22,Ningxia,0.21884874880488264,Power
2019-04-23,Ningxia,0.22728151660574247,Power
2019-04-24,Ningxia,0.2278680097220686,Power
2019-04-25,Ningxia,0.2257053163556161,Power
2019-04-26,Ningxia,0.22214777258421697,Power
2019-04-27,Ningxia,0.21960115773701153,Power
2019-04-28,Ningxia,0.2236332979117535,Power
2019-04-29,Ningxia,0.2194911902777004,Power
2019-04-30,Ningxia,0.21114909739943039,Power
2019-04-01,Anhui,0.5375298382436982,Power
2019-04-02,Anhui,0.5533396731030952,Power
2019-04-03,Anhui,0.5557632112049239,Power
2019-04-04,Anhui,0.517955107421235,Power
2019-04-05,Anhui,0.46718812260525344,Power
2019-04-06,Anhui,0.49760739071263516,Power
2019-04-07,Anhui,0.520374098547263,Power
2019-04-08,Anhui,0.5304865727282521,Power
2019-04-09,Anhui,0.5571864146305757,Power
2019-04-10,Anhui,0.5733008968686266,Power
2019-04-11,Anhui,0.5625018293417161,Power
2019-04-12,Anhui,0.5381345860252051,Power
2019-04-13,Anhui,0.5319961686941191,Power
2019-04-14,Anhui,0.5047325017924957,Power
2019-04-15,Anhui,0.5205059608454863,Power
2019-04-16,Anhui,0.5143675435144003,Power
2019-04-17,Anhui,0.4896138072548209,Power
2019-04-18,Anhui,0.515490646537199,Power
2019-04-19,Anhui,0.5195101731451102,Power
2019-04-20,Anhui,0.5236570150754438,Power
2019-04-21,Anhui,0.511516589687296,Power
2019-04-22,Anhui,0.5157952939158529,Power
2019-04-23,Anhui,0.535670125141169,Power
2019-04-24,Anhui,0.5370524057846136,Power
2019-04-25,Anhui,0.5319552459119119,Power
2019-04-26,Anhui,0.5235706225352285,Power
2019-04-27,Anhui,0.5175686144781666,Power
2019-04-28,Anhui,0.5270717939018479,Power
2019-04-29,Anhui,0.5173094368575208,Power
2019-04-30,Anhui,0.4976483134948424,Power
2019-04-01,Shandong,1.2879803986891323,Power
2019-04-02,Shandong,1.3258624955638805,Power
2019-04-03,Shandong,1.3316695584440186,Power
2019-04-04,Shandong,1.2410771985033997,Power
2019-04-05,Shandong,1.1194339394851185,Power
2019-04-06,Shandong,1.1923218394253157,Power
2019-04-07,Shandong,1.2468733663312301,Power
2019-04-08,Shandong,1.271103962664115,Power
2019-04-09,Shandong,1.3350797098164076,Power
2019-04-10,Shandong,1.3736917751957887,Power
2019-04-11,Shandong,1.3478160259644032,Power
2019-04-12,Shandong,1.28942944064609,Power
2019-04-13,Shandong,1.2747211200303548,Power
2019-04-14,Shandong,1.2093943863918761,Power
2019-04-15,Shandong,1.2471893228481608,Power
2019-04-16,Shandong,1.232481002232426,Power
2019-04-17,Shandong,1.1731683374679365,Power
2019-04-18,Shandong,1.23517208015249,Power
2019-04-19,Shandong,1.2448033063927193,Power
2019-04-20,Shandong,1.2547395940975714,Power
2019-04-21,Shandong,1.22564980443534,Power
2019-04-22,Shandong,1.2359020486571226,Power
2019-04-23,Shandong,1.2835243222951798,Power
2019-04-24,Shandong,1.286836418196797,Power
2019-04-25,Shandong,1.2746230645595833,Power
2019-04-26,Shandong,1.2545325881037201,Power
2019-04-27,Shandong,1.240151119057224,Power
2019-04-28,Shandong,1.262921778380843,Power
2019-04-29,Shandong,1.2395301010756707,Power
2019-04-30,Shandong,1.1924198948960874,Power
2019-04-01,Shanxi,0.6174642911492157,Power
2019-04-02,Shanxi,0.6356251592166327,Power
2019-04-03,Shanxi,0.6384090944136223,Power
2019-04-04,Shanxi,0.5949786607119911,Power
2019-04-05,Shanxi,0.5366622695780511,Power
2019-04-06,Shanxi,0.5716050959717868,Power
2019-04-07,Shanxi,0.5977573727660221,Power
2019-04-08,Shanxi,0.6093736427061819,Power
2019-04-09,Shanxi,0.6400439381596968,Power
2019-04-10,Shanxi,0.6585547568053471,Power
2019-04-11,Shanxi,0.646149792278423,Power
2019-04-12,Shanxi,0.6181589691627235,Power
2019-04-13,Shanxi,0.6111077261684719,Power
2019-04-14,Shanxi,0.5797897609880773,Power
2019-04-15,Shanxi,0.5979088439118245,Power
2019-04-16,Shanxi,0.590857600917573,Power
2019-04-17,Shanxi,0.5624228106503836,Power
2019-04-18,Shanxi,0.5921477172283731,Power
2019-04-19,Shanxi,0.5967649756038682,Power
2019-04-20,Shanxi,0.6015284819822071,Power
2019-04-21,Shanxi,0.587582690282465,Power
2019-04-22,Shanxi,0.5924976678066063,Power
2019-04-23,Shanxi,0.6153280256791053,Power
2019-04-24,Shanxi,0.6169158611385516,Power
2019-04-25,Shanxi,0.6110607178818435,Power
2019-04-26,Shanxi,0.6014292422659917,Power
2019-04-27,Shanxi,0.5945346935605013,Power
2019-04-28,Shanxi,0.6054510623441944,Power
2019-04-29,Shanxi,0.5942369744118551,Power
2019-04-30,Shanxi,0.5716521042584151,Power
2019-04-01,Guangdong,0.5257902335485292,Power
2019-04-02,Guangdong,0.5412547829961403,Power
2019-04-03,Guangdong,0.543625391237606,Power
2019-04-04,Guangdong,0.5066430131366897,Power
2019-04-05,Guangdong,0.4569847748328136,Power
2019-04-06,Guangdong,0.4867396887829194,Power
2019-04-07,Guangdong,0.509009173707909,Power
2019-04-08,Guangdong,0.5189007923364644,Power
2019-04-09,Guangdong,0.5450175120248083,Power
2019-04-10,Guangdong,0.5607800553789452,Power
2019-04-11,Guangdong,0.5502168385431452,Power
2019-04-12,Guangdong,0.526381773691334,Power
2019-04-13,Guangdong,0.520377418858353,Power
2019-04-14,Guangdong,0.493709188059424,Power
2019-04-15,Guangdong,0.5091381561450619,Power
2019-04-16,Guangdong,0.5031338013120809,Power
2019-04-17,Guangdong,0.4789206844893041,Power
2019-04-18,Guangdong,0.5042323758630041,Power
2019-04-19,Guangdong,0.508164116361045,Power
2019-04-20,Guangdong,0.5122203916259921,Power
2019-04-21,Guangdong,0.5003451120674297,Power
2019-04-22,Guangdong,0.5045303697695297,Power
2019-04-23,Guangdong,0.5239711364176481,Power
2019-04-24,Guangdong,0.5253232281726306,Power
2019-04-25,Guangdong,0.5203373898261331,Power
2019-04-26,Guangdong,0.5121358858913057,Power
2019-04-27,Guangdong,0.5062649611657243,Power
2019-04-28,Guangdong,0.5155605919812282,Power
2019-04-29,Guangdong,0.5060114439616651,Power
2019-04-30,Guangdong,0.4867797178151393,Power
2019-04-01,Guangxi,0.15455723820252038,Power
2019-04-02,Guangxi,0.1591030777791478,Power
2019-04-03,Guangxi,0.159799923477837,Power
2019-04-04,Guangxi,0.14892886909772282,Power
2019-04-05,Guangxi,0.13433171670397964,Power
2019-04-06,Guangxi,0.14307824151491935,Power
2019-04-07,Guangxi,0.14962440739360028,Power
2019-04-08,Guangxi,0.1525320712470427,Power
2019-04-09,Guangxi,0.1602091405579303,Power
2019-04-10,Guangxi,0.1648425761229483,Power
2019-04-11,Guangxi,0.1617374944449241,Power
2019-04-12,Guangxi,0.15473112277648976,Power
2019-04-13,Guangxi,0.1529661289805602,Power
2019-04-14,Guangxi,0.14512694172100943,Power
2019-04-15,Guangxi,0.14966232207514243,Power
2019-04-16,Guangxi,0.1478973282792129,Power
2019-04-17,Guangxi,0.14077982737177555,Power
2019-04-18,Guangxi,0.14822025677372744,Power
2019-04-19,Guangxi,0.14937600085935832,Power
2019-04-20,Guangxi,0.15056835222371961,Power
2019-04-21,Guangxi,0.14707758671621451,Power
2019-04-22,Guangxi,0.148307852762118,Power
2019-04-23,Guangxi,0.1540225104524943,Power
2019-04-24,Guangxi,0.15441996090728138,Power
2019-04-25,Guangxi,0.152954362355254,Power
2019-04-26,Guangxi,0.1505435115702954,Power
2019-04-27,Guangxi,0.14881773985871988,Power
2019-04-28,Guangxi,0.15155021173538116,Power
2019-04-29,Guangxi,0.1487432178984473,Power
2019-04-30,Guangxi,0.14309000814022554,Power
2019-04-01,Xinjiang,0.5258755752517508,Power
2019-04-02,Xinjiang,0.5413426347706891,Power
2019-04-03,Xinjiang,0.5437136277886915,Power
2019-04-04,Xinjiang,0.5067252470294241,Power
2019-04-05,Xinjiang,0.4570589486316827,Power
2019-04-06,Xinjiang,0.4868186921409429,Power
2019-04-07,Xinjiang,0.5090917916552726,Power
2019-04-08,Xinjiang,0.5189850158054363,Power
2019-04-09,Xinjiang,0.5451059745328467,Power
2019-04-10,Xinjiang,0.5608710763260931,Power
2019-04-11,Xinjiang,0.5503061449606981,Power
2019-04-12,Xinjiang,0.526467211408213,Power
2019-04-13,Xinjiang,0.5204618820005147,Power
2019-04-14,Xinjiang,0.4937893226460267,Power
2019-04-15,Xinjiang,0.5092207950277343,Power
2019-04-16,Xinjiang,0.503215465620036,Power
2019-04-17,Xinjiang,0.4789984187344736,Power
2019-04-18,Xinjiang,0.5043142184820372,Power
2019-04-19,Xinjiang,0.508246597146041,Power
2019-04-20,Xinjiang,0.5123035307903527,Power
2019-04-21,Xinjiang,0.5004263237395717,Power
2019-04-22,Xinjiang,0.5046122607563451,Power
2019-04-23,Xinjiang,0.5240561828608258,Power
2019-04-24,Xinjiang,0.5254084940755964,Power
2019-04-25,Xinjiang,0.52042184647113,Power
2019-04-26,Xinjiang,0.5122190113394296,Power
2019-04-27,Xinjiang,0.5063471336963469,Power
2019-04-28,Xinjiang,0.5156442732978945,Power
2019-04-29,Xinjiang,0.5060935753435774,Power
2019-04-30,Xinjiang,0.48685872767032756,Power
2019-04-01,Jiangsu,0.914521691723103,Power
2019-04-02,Jiangsu,0.9414196160666511,Power
2019-04-03,Jiangsu,0.9455428814319404,Power
2019-04-04,Jiangsu,0.8812183945419195,Power
2019-04-05,Jiangsu,0.7948464286817772,Power
2019-04-06,Jiangsu,0.8465999845800622,Power
2019-04-07,Jiangsu,0.8853339239496757,Power
2019-04-08,Jiangsu,0.9025386935039037,Power
2019-04-09,Jiangsu,0.9479642361398871,Power
2019-04-10,Jiangsu,0.9753804696381716,Power
2019-04-11,Jiangsu,0.9570075704964037,Power
2019-04-12,Jiangsu,0.9155505740750421,Power
2019-04-13,Jiangsu,0.9051070314049845,Power
2019-04-14,Jiangsu,0.8587222300348624,Power
2019-04-15,Jiangsu,0.8855582667181434,Power
2019-04-16,Jiangsu,0.875114724048086,Power
2019-04-17,Jiangsu,0.8330001712363873,Power
2019-04-18,Jiangsu,0.8770255055588299,Power
2019-04-19,Jiangsu,0.8838640920183342,Power
2019-04-20,Jiangsu,0.8909192852887731,Power
2019-04-21,Jiangsu,0.8702642786746593,Power
2019-04-22,Jiangsu,0.877543814713566,Power
2019-04-23,Jiangsu,0.9113576850919521,Power
2019-04-24,Jiangsu,0.9137094161820984,Power
2019-04-25,Jiangsu,0.9050374077871841,Power
2019-04-26,Jiangsu,0.8907723020956388,Power
2019-04-27,Jiangsu,0.8805608381515827,Power
2019-04-28,Jiangsu,0.8967289893963383,Power
2019-04-29,Jiangsu,0.8801198885721803,Power
2019-04-30,Jiangsu,0.8466696081978626,Power
2019-04-01,Jiangxi,0.1941694431698772,Power
2019-04-02,Jiangxi,0.1998803574537929,Power
2019-04-03,Jiangxi,0.20075580102967067,Power
2019-04-04,Jiangxi,0.1870985527493258,Power
2019-04-05,Jiangxi,0.16876022718708283,Power
2019-04-06,Jiangxi,0.17974844017511737,Power
2019-04-07,Jiangxi,0.1879723538419468,Power
2019-04-08,Jiangxi,0.19162523660508415,Power
2019-04-09,Jiangxi,0.20126989828905106,Power
2019-04-10,Jiangxi,0.20709085895117282,Power
2019-04-11,Jiangxi,0.2031899612162577,Power
2019-04-12,Jiangxi,0.19438789344303245,Power
2019-04-13,Jiangxi,0.19217054104634385,Power
2019-04-14,Jiangxi,0.18232221143853292,Power
2019-04-15,Jiangxi,0.18801998585639418,Power
2019-04-16,Jiangxi,0.1858026334597056,Power
2019-04-17,Jiangxi,0.17686095460965176,Power
2019-04-18,Jiangxi,0.18620832682413677,Power
2019-04-19,Jiangxi,0.18766028202315357,Power
2019-04-20,Jiangxi,0.189158226753361,Power
2019-04-21,Jiangxi,0.18477279645768802,Power
2019-04-22,Jiangxi,0.1863183732023428,Power
2019-04-23,Jiangxi,0.19349766751784336,Power
2019-04-24,Jiangxi,0.1939969824279125,Power
2019-04-25,Jiangxi,0.19215575869703258,Power
2019-04-26,Jiangxi,0.18912701957148165,Power
2019-04-27,Jiangxi,0.18695894167249727,Power
2019-04-28,Jiangxi,0.19039173167922255,Power
2019-04-29,Jiangxi,0.18686532012685933,Power
2019-04-30,Jiangxi,0.1797632225244286,Power
2019-04-01,Hebei,0.7218064711761227,Power
2019-04-02,Hebei,0.7430362528511727,Power
2019-04-03,Hebei,0.7462906312327664,Power
2019-04-04,Hebei,0.6955211073247882,Power
2019-04-05,Hebei,0.6273501230274248,Power
2019-04-06,Hebei,0.6681977616256659,Power
2019-04-07,Hebei,0.6987693799308069,Power
2019-04-08,Hebei,0.7123486248101025,Power
2019-04-09,Hebei,0.7482017389878112,Power
2019-04-10,Hebei,0.7698406076264012,Power
2019-04-11,Hebei,0.7553393906352468,Power
2019-04-12,Hebei,0.7226185393276274,Power
2019-04-13,Hebei,0.7143757423010765,Power
2019-04-14,Hebei,0.67776551195204,Power
2019-04-15,Hebei,0.6989464474224882,Power
2019-04-16,Hebei,0.6907036503959374,Power
2019-04-17,Hebei,0.657463808164424,Power
2019-04-18,Hebei,0.6922117769630175,Power
2019-04-19,Hebei,0.6976092825715144,Power
2019-04-20,Hebei,0.7031777498961178,Power
2019-04-21,Hebei,0.6868753291102726,Power
2019-04-22,Hebei,0.6926208639265573,Power
2019-04-23,Hebei,0.7193092089658565,Power
2019-04-24,Hebei,0.7211653647407242,Power
2019-04-25,Hebei,0.7143207903208995,Power
2019-04-26,Hebei,0.7030617401601884,Power
2019-04-27,Hebei,0.6950021164008944,Power
2019-04-28,Hebei,0.7077631873531101,Power
2019-04-29,Hebei,0.6946540871931066,Power
2019-04-30,Hebei,0.6682527136058428,Power
2019-04-01,Henan,0.5072574292769176,Power
2019-04-02,Henan,0.5221768916350881,Power
2019-04-03,Henan,0.5244639418038844,Power
2019-04-04,Henan,0.48878510099048555,Power
2019-04-05,Henan,0.4408771926703896,Power
2019-04-06,Henan,0.4695833195545313,Power
2019-04-07,Henan,0.49106786025840243,Power
2019-04-08,Henan,0.5006108238145057,Power
2019-04-09,Henan,0.5258069937791813,Power
2019-04-10,Henan,0.5410139464962812,Power
2019-04-11,Henan,0.530823056907367,Power
2019-04-12,Henan,0.5078281190938969,Power
2019-04-13,Henan,0.5020354029065139,Power
2019-04-14,Henan,0.47630716123277494,Power
2019-04-15,Henan,0.4911922963839091,Power
2019-04-16,Henan,0.4853995801965263,Power
2019-04-17,Henan,0.46203991580829495,Power
2019-04-18,Henan,0.4864594327137734,Power
2019-04-19,Henan,0.49025258909128927,Power
2019-04-20,Henan,0.49416589069343236,Power
2019-04-21,Henan,0.4827091853450529,Power
2019-04-22,Henan,0.48674692307270273,Power
2019-04-23,Henan,0.5055024508171845,Power
2019-04-24,Henan,0.5068068846845655,Power
2019-04-25,Henan,0.501996784798598,Power
2019-04-26,Henan,0.494084363576721,Power
2019-04-27,Henan,0.48842037441572445,Power
2019-04-28,Henan,0.497388357253969,Power
2019-04-29,Henan,0.48817579306559056,Power
2019-04-30,Henan,0.4696219376624472,Power
2019-04-01,Zhejiang,0.4969993565496764,Power
2019-04-02,Zhejiang,0.5116171083343032,Power
2019-04-03,Zhejiang,0.5138579083634104,Power
2019-04-04,Zhejiang,0.47890058708380967,Power
2019-04-05,Zhejiang,0.43196150204631817,Power
2019-04-06,Zhejiang,0.460087115920104,Power
2019-04-07,Zhejiang,0.4811371829852827,Power
2019-04-08,Zhejiang,0.4904871628440719,Power
2019-04-09,Zhejiang,0.5151738003129612,Power
2019-04-10,Zhejiang,0.5300732286490893,Power
2019-04-11,Zhejiang,0.5200884255175137,Power
2019-04-12,Zhejiang,0.49755850552504466,Power
2019-04-13,Zhejiang,0.49188293321867527,Power
2019-04-14,Zhejiang,0.46667498392312673,Power
2019-04-15,Zhejiang,0.4812591026866787,Power
2019-04-16,Zhejiang,0.4755835303803094,Power
2019-04-17,Zhejiang,0.4526962595389208,Power
2019-04-18,Zhejiang,0.4766219499059933,Power
2019-04-19,Zhejiang,0.48033839873475664,Power
2019-04-20,Zhejiang,0.48417256313728174,Power
2019-04-21,Zhejiang,0.47294754235357345,Power
2019-04-22,Zhejiang,0.47690362645749457,Power
2019-04-23,Zhejiang,0.4952798683472281,Power
2019-04-24,Zhejiang,0.4965579231480698,Power
2019-04-25,Zhejiang,0.4918450960699661,Power
2019-04-26,Zhejiang,0.48409268471222905,Power
2019-04-27,Zhejiang,0.4785432362348902,Power
2019-04-28,Zhejiang,0.48732986299067677,Power
2019-04-29,Zhejiang,0.4783036009597324,Power
2019-04-30,Zhejiang,0.4601249530688131,Power
2019-04-01,Hainan,0.0497644539826032,Power
2019-04-02,Hainan,0.05122812677498933,Power
2019-04-03,Hainan,0.05145249766896166,Power
2019-04-04,Hainan,0.04795222753128818,Power
2019-04-05,Hainan,0.04325222559657689,Power
2019-04-06,Hainan,0.04606843813067618,Power
2019-04-07,Hainan,0.04817617746673524,Power
2019-04-08,Hainan,0.049112389226950014,Power
2019-04-09,Hainan,0.05158425768737318,Power
2019-04-10,Hainan,0.053076134700952834,Power
2019-04-11,Hainan,0.052076358203421325,Power
2019-04-12,Hainan,0.049820441466464964,Power
2019-04-13,Hainan,0.049252147457341786,Power
2019-04-14,Hainan,0.046728080139784335,Power
2019-04-15,Hainan,0.04818838526396826,Power
2019-04-16,Hainan,0.04762009125484508,Power
2019-04-17,Hainan,0.04532839304324022,Power
2019-04-18,Hainan,0.04772406801058836,Power
2019-04-19,Hainan,0.04809619534693272,Power
2019-04-20,Hainan,0.048480109521984824,Power
2019-04-21,Hainan,0.047356150259496764,Power
2019-04-22,Hainan,0.04775227223178188,Power
2019-04-23,Hainan,0.04959228194576513,Power
2019-04-24,Hainan,0.049720253337449165,Power
2019-04-25,Hainan,0.0492483588306143,Power
2019-04-26,Hainan,0.04847211131000456,Power
2019-04-27,Hainan,0.04791644605663969,Power
2019-04-28,Hainan,0.048796249374467415,Power
2019-04-29,Hainan,0.04789245142069893,Power
2019-04-30,Hainan,0.04607222675740366,Power
2019-04-01,Hubei,0.23170613791488368,Power
2019-04-02,Hubei,0.23852108197140728,Power
2019-04-03,Hubei,0.2395657656591056,Power
2019-04-04,Hubei,0.22326830812962795,Power
2019-04-05,Hubei,0.20138483088168835,Power
2019-04-06,Hubei,0.2144972771681833,Power
2019-04-07,Hubei,0.22431103181040754,Power
2019-04-08,Hubei,0.22867008719772663,Power
2019-04-09,Hubei,0.24017924782467703,Power
2019-04-10,Hubei,0.2471255123447575,Power
2019-04-11,Hubei,0.24247049591270584,Power
2019-04-12,Hubei,0.2319668188350786,Power
2019-04-13,Hubei,0.22932080949475447,Power
2019-04-14,Hubei,0.21756860800987798,Power
2019-04-15,Hubei,0.22436787201105152,Power
2019-04-16,Hubei,0.22172186267072744,Power
2019-04-17,Hubei,0.21105158500500568,Power
2019-04-18,Hubei,0.22220598437966083,Power
2019-04-19,Hubei,0.2239386304958434,Power
2019-04-20,Hubei,0.22572615680575125,Power
2019-04-21,Hubei,0.2204929383326658,Power
2019-04-22,Hubei,0.22233730484321762,Power
2019-04-23,Hubei,0.23090449508511138,Power
2019-04-24,Hubei,0.23150033718841398,Power
2019-04-25,Hubei,0.22930316943248566,Power
2019-04-26,Hubei,0.2256889166742948,Power
2019-04-27,Hubei,0.2231017075415335,Power
2019-04-28,Hubei,0.22719812200173892,Power
2019-04-29,Hubei,0.22298998714716425,Power
2019-04-30,Hubei,0.2145149172304521,Power
2019-04-01,Hunan,0.13272341685029582,Power
2019-04-02,Hunan,0.136627079778542,Power
2019-04-03,Hunan,0.13722548424812933,Power
2019-04-04,Hunan,0.12789014998055181,Power
2019-04-05,Hunan,0.11535509200129714,Power
2019-04-06,Hunan,0.12286602239818151,Power
2019-04-07,Hunan,0.1284874317400649,Power
2019-04-08,Hunan,0.1309843389452474,Power
2019-04-09,Hunan,0.1375768925013767,Power
2019-04-10,Hunan,0.14155577700459915,Power
2019-04-11,Hunan,0.1388893405782015,Power
2019-04-12,Hunan,0.1328727372901741,Power
2019-04-13,Hunan,0.13135707868990593,Power
2019-04-14,Hunan,0.12462530908456682,Power
2019-04-15,Hunan,0.1285199903322188,Power
2019-04-16,Hunan,0.12700433173195066,Power
2019-04-17,Hunan,0.12089229808761008,Power
2019-04-18,Hunan,0.12728164112029605,Power
2019-04-19,Hunan,0.1282741168259531,Power
2019-04-20,Hunan,0.12929802841368981,Power
2019-04-21,Hunan,0.1263003925153817,Power
2019-04-22,Hunan,0.1273568626952723,Power
2019-04-23,Hunan,0.13226422842991825,Power
2019-04-24,Hunan,0.13260553229249716,Power
2019-04-25,Hunan,0.13134697429923747,Power
2019-04-26,Hunan,0.1292766969222786,Power
2019-04-27,Hunan,0.12779471962423866,Power
2019-04-28,Hunan,0.13014118367946859,Power
2019-04-29,Hunan,0.12773072515000514,Power
2019-04-30,Hunan,0.12287612678884996,Power
2019-04-01,Gansu,0.17450671474761117,Power
2019-04-02,Gansu,0.17963930859771263,Power
2019-04-03,Gansu,0.18042609965957745,Power
2019-04-04,Gansu,0.16815186386331812,Power
2019-04-05,Gansu,0.1516705839276314,Power
2019-04-06,Gansu,0.16154606648649789,Power
2019-04-07,Gansu,0.1689371787693446,Power
2019-04-08,Gansu,0.1722201493539364,Power
2019-04-09,Gansu,0.18088813643699528,Power
2019-04-10,Gansu,0.18611963272826926,Power
2019-04-11,Gansu,0.18261376261207973,Power
2019-04-12,Gansu,0.1747030434741178,Power
2019-04-13,Gansu,0.17271023309228373,Power
2019-04-14,Gansu,0.16385920268526377,Power
2019-04-15,Gansu,0.16897998728865807,Power
2019-04-16,Gansu,0.16698717690682402,Power
2019-04-17,Gansu,0.15895098452259843,Power
2019-04-18,Gansu,0.16735178739890774,Power
2019-04-19,Gansu,0.16865670916004943,Power
2019-04-20,Gansu,0.17000296328466621,Power
2019-04-21,Gansu,0.16606162719615,Power
2019-04-22,Gansu,0.16745068984008024,Power
2019-04-23,Gansu,0.17390296700970734,Power
2019-04-24,Gansu,0.1743517183845796,Power
2019-04-25,Gansu,0.17269694768973817,Power
2019-04-26,Gansu,0.16997491632373668,Power
2019-04-27,Gansu,0.16802639061705452,Power
2019-04-28,Gansu,0.1711115563193013,Power
2019-04-29,Gansu,0.167942249734266,Power
2019-04-30,Gansu,0.16155935188904344,Power
2019-04-01,Fujian,0.21828700850031293,Power
2019-04-02,Fujian,0.22470726894132892,Power
2019-04-03,Fujian,0.22569145036642568,Power
2019-04-04,Fujian,0.21033785083606962,Power
2019-04-05,Fujian,0.18972174274750375,Power
2019-04-06,Fujian,0.20207478915256472,Power
2019-04-07,Fujian,0.21132018576693548,Power
2019-04-08,Fujian,0.2154267889365701,Power
2019-04-09,Fujian,0.2262694030607133,Power
2019-04-10,Fujian,0.23281337861520301,Power
2019-04-11,Fujian,0.2284279548166948,Power
2019-04-12,Fujian,0.2185325922330294,Power
2019-04-13,Fujian,0.21603982502124577,Power
2019-04-14,Fujian,0.20496824561246466,Power
2019-04-15,Fujian,0.21137373409963303,Power
2019-04-16,Fujian,0.20888096688784943,Power
2019-04-17,Fujian,0.19882865229455315,Power
2019-04-18,Fujian,0.2093370509628943,Power
2019-04-19,Fujian,0.21096935186305482,Power
2019-04-20,Fujian,0.21265335460168197,Power
2019-04-21,Fujian,0.2077232150050433,Power
2019-04-22,Fujian,0.209460766076368,Power
2019-04-23,Fujian,0.217531792359854,Power
2019-04-24,Fujian,0.21809312660606306,Power
2019-04-25,Fujian,0.2160232065731672,Power
2019-04-26,Fujian,0.2126182712112939,Power
2019-04-27,Fujian,0.21018089882643884,Power
2019-04-28,Fujian,0.214040071769126,Power
2019-04-29,Fujian,0.21007564865527464,Power
2019-04-30,Fujian,0.20209140760064329,Power
2019-04-01,Tibet,0.0007100429708040518,Power
2019-04-02,Tibet,0.000730926764247344,Power
2019-04-03,Tibet,0.0007341281050311446,Power
2019-04-04,Tibet,0.0006841859875502773,Power
2019-04-05,Tibet,0.0006171260065913016,Power
2019-04-06,Tibet,0.0006573079387557036,Power
2019-04-07,Tibet,0.000687381322066191,Power
2019-04-08,Tibet,0.0007007392618470027,Power
2019-04-09,Tibet,0.0007360080668797931,Power
2019-04-10,Tibet,0.0007572942802715182,Power
2019-04-11,Tibet,0.0007430293940397611,Power
2019-04-12,Tibet,0.0007108418044330302,Power
2019-04-13,Tibet,0.000702733342785505,Power
2019-04-14,Tibet,0.0006667197605347196,Power
2019-04-15,Tibet,0.0006875555038349155,Power
2019-04-16,Tibet,0.0006794470421873904,Power
2019-04-17,Tibet,0.0006467489198102597,Power
2019-04-18,Tibet,0.0006809305903554933,Power
2019-04-19,Tibet,0.0006862401311676504,Power
2019-04-20,Tibet,0.0006917178474806451,Power
2019-04-21,Tibet,0.0006756811122222066,Power
2019-04-22,Tibet,0.0006813330103039259,Power
2019-04-23,Tibet,0.0007075864072382459,Power
2019-04-24,Tibet,0.0007094123126759107,Power
2019-04-25,Tibet,0.0007026792863745215,Power
2019-04-26,Tibet,0.000691603728390791,Power
2019-04-27,Tibet,0.0006836754547798776,Power
2019-04-28,Tibet,0.0006962285546638238,Power
2019-04-29,Tibet,0.0006833330975103155,Power
2019-04-30,Tibet,0.000657361995166687,Power
2019-04-01,Guizhou,0.2663070780690658,Power
2019-04-02,Guizhou,0.27413970544453753,Power
2019-04-03,Guizhou,0.2753403929312003,Power
2019-04-04,Guizhou,0.2566092175998665,Power
2019-04-05,Guizhou,0.23145785589519527,Power
2019-04-06,Guizhou,0.24652839864524012,Power
2019-04-07,Guizhou,0.2578076523895562,Power
2019-04-08,Guizhou,0.26281765045773253,Power
2019-04-09,Guizhou,0.27604548708378085,Power
2019-04-10,Guizhou,0.28402904515645033,Power
2019-04-11,Guizhou,0.2786788898453358,Power
2019-04-12,Guizhou,0.26660668676648824,Power
2019-04-13,Guizhou,0.263565545852802,Power
2019-04-14,Guizhou,0.25005837480208915,Power
2019-04-15,Guizhou,0.2578729806017761,Power
2019-04-16,Guizhou,0.2548318396880899,Power
2019-04-17,Guizhou,0.24256815736652876,Power
2019-04-18,Guizhou,0.25538825584044583,Power
2019-04-19,Guizhou,0.257379639964667,Power
2019-04-20,Guizhou,0.25943409960413505,Power
2019-04-21,Guizhou,0.2534193986859557,Power
2019-04-22,Guizhou,0.25553918653764357,Power
2019-04-23,Guizhou,0.2653857250070675,Power
2019-04-24,Guizhou,0.26607054488689014,Power
2019-04-25,Guizhou,0.2635452715800441,Power
2019-04-26,Guizhou,0.2593912983616461,Power
2019-04-27,Guizhou,0.2564177383571529,Power
2019-04-28,Guizhou,0.26112587503093376,Power
2019-04-29,Guizhou,0.2562893346296862,Power
2019-04-30,Guizhou,0.246548672917998,Power
2019-04-01,Liaoning,0.3337748149679661,Power
2019-04-02,Liaoning,0.34359180433196296,Power
2019-04-03,Liaoning,0.34509668075733263,Power
2019-04-04,Liaoning,0.3216200438399803,Power
2019-04-05,Liaoning,0.29009669432918794,Power
2019-04-06,Liaoning,0.3089852933643157,Power
2019-04-07,Liaoning,0.3231220968574225,Power
2019-04-08,Liaoning,0.32940135608823323,Power
2019-04-09,Liaoning,0.3459804074386473,Power
2019-04-10,Liaoning,0.3559865651337882,Power
2019-04-11,Liaoning,0.3492809713059215,Power
2019-04-12,Liaoning,0.3341503282223267,Power
2019-04-13,Liaoning,0.3303387275201708,Power
2019-04-14,Liaoning,0.31340957358674393,Power
2019-04-15,Liaoning,0.3232039756873206,Power
2019-04-16,Liaoning,0.3193923749851648,Power
2019-04-17,Liaoning,0.3040217422277305,Power
2019-04-18,Liaoning,0.32008975674326295,Power
2019-04-19,Liaoning,0.3225856493511931,Power
2019-04-20,Liaoning,0.325160597381094,Power
2019-04-21,Liaoning,0.317622098214608,Power
2019-04-22,Liaoning,0.320278925074407,Power
2019-04-23,Liaoning,0.3326200411256092,Power
2019-04-24,Liaoning,0.33347835713557616,Power
2019-04-25,Liaoning,0.3303133168488231,Power
2019-04-26,Liaoning,0.325106952630471,Power
2019-04-27,Liaoning,0.3213800541661409,Power
2019-04-28,Liaoning,0.3272809767346636,Power
2019-04-29,Liaoning,0.3212191199142721,Power
2019-04-30,Liaoning,0.3090107040356634,Power
2019-04-01,Chongqing,0.09107666567813509,Power
2019-04-02,Chongqing,0.0937554137986497,Power
2019-04-03,Chongqing,0.09416604731841798,Power
2019-04-04,Chongqing,0.08776001032616056,Power
2019-04-05,Chongqing,0.07915827815315349,Power
2019-04-06,Chongqing,0.08431238368270273,Power
2019-04-07,Chongqing,0.08816987342656718,Power
2019-04-08,Chongqing,0.0898832860869136,Power
2019-04-09,Chongqing,0.0944071885786196,Power
2019-04-10,Chongqing,0.09713755479636588,Power
2019-04-11,Chongqing,0.09530780881240782,Power
2019-04-12,Chongqing,0.09117913145323675,Power
2019-04-13,Chongqing,0.09013906531498689,Power
2019-04-14,Chongqing,0.08551963082243423,Power
2019-04-15,Chongqing,0.0881922155880555,Power
2019-04-16,Chongqing,0.08715214944980565,Power
2019-04-17,Chongqing,0.08295798644489293,Power
2019-04-18,Chongqing,0.0873424430321373,Power
2019-04-19,Chongqing,0.08802349374785053,Power
2019-04-20,Chongqing,0.08872611620569043,Power
2019-04-21,Chongqing,0.08666909651004073,Power
2019-04-22,Chongqing,0.08739406112936896,Power
2019-04-23,Chongqing,0.09076156415921345,Power
2019-04-24,Chongqing,0.0909957716451601,Power
2019-04-25,Chongqing,0.0901321315407319,Power
2019-04-26,Chongqing,0.08871147823781876,Power
2019-04-27,Chongqing,0.08769452468041891,Power
2019-04-28,Chongqing,0.08930470114630201,Power
2019-04-29,Chongqing,0.08765061077680393,Power
2019-04-30,Chongqing,0.08431931745695774,Power
2019-04-01,Shaanxi,0.4028401485511756,Power
2019-04-02,Shaanxi,0.41468848843894507,Power
2019-04-03,Shaanxi,0.41650475681978516,Power
2019-04-04,Shaanxi,0.3881702885520823,Power
2019-04-05,Shaanxi,0.3501240662780111,Power
2019-04-06,Shaanxi,0.37292113094559165,Power
2019-04-07,Shaanxi,0.38998314929993777,Power
2019-04-08,Shaanxi,0.3975617250578898,Power
2019-04-09,Shaanxi,0.4175713459439933,Power
2019-04-10,Shaanxi,0.4296479972417371,Power
2019-04-11,Shaanxi,0.42155486890309674,Power
2019-04-12,Shaanxi,0.4032933637381395,Power
2019-04-13,Shaanxi,0.3986930592088071,Power
2019-04-14,Shaanxi,0.37826089183260186,Power
2019-04-15,Shaanxi,0.39008197065649375,Power
2019-04-16,Shaanxi,0.3854816661271614,Power
2019-04-17,Shaanxi,0.3669305121585054,Power
2019-04-18,Shaanxi,0.38632335147438,Power
2019-04-19,Shaanxi,0.38933569903284654,Power
2019-04-20,Shaanxi,0.3924434603148844,Power
2019-04-21,Shaanxi,0.38334508024576036,Power
2019-04-22,Shaanxi,0.3865516628843542,Power
2019-04-23,Shaanxi,0.40144642666043706,Power
2019-04-24,Shaanxi,0.402482347087783,Power
2019-04-25,Shaanxi,0.39866239051194485,Power
2019-04-26,Shaanxi,0.39237871528817525,Power
2019-04-27,Shaanxi,0.38788063974838366,Power
2019-04-28,Shaanxi,0.3950025926863871,Power
2019-04-29,Shaanxi,0.38768640466825627,Power
2019-04-30,Shaanxi,0.37295179964245384,Power
2019-04-01,Qinghai,0.0399399171077279,Power
2019-04-02,Qinghai,0.0411146304889131,Power
2019-04-03,Qinghai,0.041294705908001876,Power
2019-04-04,Qinghai,0.038485461799703094,Power
2019-04-05,Qinghai,0.03471333787076071,Power
2019-04-06,Qinghai,0.03697357155500832,Power
2019-04-07,Qinghai,0.03866519936622324,Power
2019-04-08,Qinghai,0.03941658347889389,Power
2019-04-09,Qinghai,0.04140045376198835,Power
2019-04-10,Qinghai,0.04259780326527289,Power
2019-04-11,Qinghai,0.04179540341473655,Power
2019-04-12,Qinghai,0.03998485149935794,Power
2019-04-13,Qinghai,0.03952875053168465,Power
2019-04-14,Qinghai,0.03750298653007798,Power
2019-04-15,Qinghai,0.03867499709071399,Power
2019-04-16,Qinghai,0.038218896123040705,Power
2019-04-17,Qinghai,0.036379626739327105,Power
2019-04-18,Qinghai,0.03830234570749649,Power
2019-04-19,Qinghai,0.03860100737818033,Power
2019-04-20,Qinghai,0.03890912892078628,Power
2019-04-21,Qinghai,0.03800706256249912,Power
2019-04-22,Qinghai,0.038324981829595824,Power
2019-04-23,Qinghai,0.039801735407151324,Power
2019-04-24,Qinghai,0.03990444258801997,Power
2019-04-25,Qinghai,0.03952570985856683,Power
2019-04-26,Qinghai,0.03890270972198199,Power
2019-04-27,Qinghai,0.03845674433136811,Power
2019-04-28,Qinghai,0.039162856199840085,Power
2019-04-29,Qinghai,0.03843748673495524,Power
2019-04-30,Qinghai,0.03697661222812614,Power
2019-04-01,Heilongjiang,0.18339590655517726,Power
2019-04-02,Heilongjiang,0.18878994943473223,Power
2019-04-03,Heilongjiang,0.18961681882064044,Power
2019-04-04,Heilongjiang,0.17671734613053408,Power
2019-04-05,Heilongjiang,0.15939652681784172,Power
2019-04-06,Heilongjiang,0.16977505625822795,Power
2019-04-07,Heilongjiang,0.17754266416675019,Power
2019-04-08,Heilongjiang,0.18099286588205943,Power
2019-04-09,Heilongjiang,0.19010239127427883,Power
2019-04-10,Heilongjiang,0.1956003745832069,Power
2019-04-11,Heilongjiang,0.19191591906438518,Power
2019-04-12,Heilongjiang,0.1836022360642313,Power
2019-04-13,Heilongjiang,0.1815079139798484,Power
2019-04-14,Heilongjiang,0.1722060212258042,Power
2019-04-15,Heilongjiang,0.17758765330782209,Power
2019-04-16,Heilongjiang,0.17549333122343924,Power
2019-04-17,Heilongjiang,0.1670477834994538,Power
2019-04-18,Heilongjiang,0.1758765145973967,Power
2019-04-19,Heilongjiang,0.17724790772524443,Power
2019-04-20,Heilongjiang,0.178662738644472,Power
2019-04-21,Heilongjiang,0.1745206349664703,Power
2019-04-22,Heilongjiang,0.17598045502676976,Power
2019-04-23,Heilongjiang,0.18276140453109382,Power
2019-04-24,Heilongjiang,0.183233014837503,Power
2019-04-25,Heilongjiang,0.18149395183261918,Power
2019-04-26,Heilongjiang,0.1786332630003214,Power
2019-04-27,Heilongjiang,0.1765854814067026,Power
2019-04-28,Heilongjiang,0.1798278022632657,Power
2019-04-29,Heilongjiang,0.17649705447425088,Power
2019-04-30,Heilongjiang,0.16978901840545715,Power
2019-05-01,Shanghai,0.07372009707603244,Power
2019-05-02,Shanghai,0.07647300092174031,Power
2019-05-03,Shanghai,0.08270608762398818,Power
2019-05-04,Shanghai,0.0839968550785071,Power
2019-05-05,Shanghai,0.08276638862880788,Power
2019-05-06,Shanghai,0.08620925005263516,Power
2019-05-07,Shanghai,0.08919496466965365,Power
2019-05-08,Shanghai,0.08770210736114441,Power
2019-05-09,Shanghai,0.09042461624090936,Power
2019-05-10,Shanghai,0.0882195551727729,Power
2019-05-11,Shanghai,0.08575943715181797,Power
2019-05-12,Shanghai,0.08232390963398226,Power
2019-05-13,Shanghai,0.0879791660319376,Power
2019-05-14,Shanghai,0.0895624748476764,Power
2019-05-15,Shanghai,0.09001962165448518,Power
2019-05-16,Shanghai,0.08998947115207534,Power
2019-05-17,Shanghai,0.09198510846022989,Power
2019-05-18,Shanghai,0.09040261452293462,Power
2019-05-19,Shanghai,0.08503908460775564,Power
2019-05-20,Shanghai,0.08490381478613307,Power
2019-05-21,Shanghai,0.08539926087978679,Power
2019-05-22,Shanghai,0.0879791660319376,Power
2019-05-23,Shanghai,0.09114496878497169,Power
2019-05-24,Shanghai,0.0892324490780551,Power
2019-05-25,Shanghai,0.09021519248092744,Power
2019-05-26,Shanghai,0.08853491313041104,Power
2019-05-27,Shanghai,0.08705672363388495,Power
2019-05-28,Shanghai,0.0875896541359401,Power
2019-05-29,Shanghai,0.08778441008393886,Power
2019-05-30,Shanghai,0.08698908872307368,Power
2019-05-31,Shanghai,0.0866965473618538,Power
2019-05-01,Yunnan,0.04838155626928155,Power
2019-05-02,Yunnan,0.050188251832604926,Power
2019-05-03,Yunnan,0.054278946866621096,Power
2019-05-04,Yunnan,0.0551260610282717,Power
2019-05-05,Yunnan,0.05431852164437498,Power
2019-05-06,Yunnan,0.05657802753640388,Power
2019-05-07,Yunnan,0.05853751382951487,Power
2019-05-08,Yunnan,0.057557770682959385,Power
2019-05-09,Yunnan,0.05934451841911762,Power
2019-05-10,Yunnan,0.05789736505963119,Power
2019-05-11,Yunnan,0.05628282108613171,Power
2019-05-12,Yunnan,0.05402812834274854,Power
2019-05-13,Yunnan,0.05773960074290963,Power
2019-05-14,Yunnan,0.058778706056095954,Power
2019-05-15,Yunnan,0.05907872565501387,Power
2019-05-16,Yunnan,0.05905893826613694,Power
2019-05-17,Yunnan,0.06036864949207273,Power
2019-05-18,Yunnan,0.0593300789731804,Power
2019-05-19,Yunnan,0.05581006293026105,Power
2019-05-20,Yunnan,0.0557212870774618,Power
2019-05-21,Yunnan,0.056046442008196376,Power
2019-05-22,Yunnan,0.05773960074290963,Power
2019-05-23,Yunnan,0.05981727657498829,Power
2019-05-24,Yunnan,0.058562114367037565,Power
2019-05-25,Yunnan,0.05920707628556699,Power
2019-05-26,Yunnan,0.05810433045139809,Power
2019-05-27,Yunnan,0.05713421360213408,Power
2019-05-28,Yunnan,0.057483969070391334,Power
2019-05-29,Yunnan,0.05761178490665049,Power
2019-05-30,Yunnan,0.057089825675734465,Power
2019-05-31,Yunnan,0.056897834524198755,Power
2019-05-01,InnerMongolia,0.812882000478074,Power
2019-05-02,InnerMongolia,0.8432371692038396,Power
2019-05-03,InnerMongolia,0.9119669211797607,Power
2019-05-04,InnerMongolia,0.926199697209602,Power
2019-05-05,InnerMongolia,0.9126318362215589,Power
2019-05-06,InnerMongolia,0.9505948909728716,Power
2019-05-07,InnerMongolia,0.9835171708802822,Power
2019-05-08,InnerMongolia,0.967056030926577,Power
2019-05-09,InnerMongolia,0.9970760465299227,Power
2019-05-10,InnerMongolia,0.9727617208122773,Power
2019-05-11,InnerMongolia,0.9456349841745937,Power
2019-05-12,InnerMongolia,0.907752797468905,Power
2019-05-13,InnerMongolia,0.9701110459834873,Power
2019-05-14,InnerMongolia,0.9875695584998899,Power
2019-05-15,InnerMongolia,0.992610333343792,Power
2019-05-16,InnerMongolia,0.9922778758228931,Power
2019-05-17,InnerMongolia,1.0142829695710502,Power
2019-05-18,InnerMongolia,0.9968334423930505,Power
2019-05-19,InnerMongolia,0.9376919450266267,Power
2019-05-20,InnerMongolia,0.9362003788517822,Power
2019-05-21,InnerMongolia,0.9416634646006101,Power
2019-05-22,InnerMongolia,0.9701110459834873,Power
2019-05-23,InnerMongolia,1.0050190856778898,Power
2019-05-24,InnerMongolia,0.9839304964468055,Power
2019-05-25,InnerMongolia,0.9947668145604346,Power
2019-05-26,InnerMongolia,0.9762390467741134,Power
2019-05-27,InnerMongolia,0.9599396429116563,Power
2019-05-28,InnerMongolia,0.9658160542270074,Power
2019-05-29,InnerMongolia,0.9679635501052475,Power
2019-05-30,InnerMongolia,0.9591938598242342,Power
2019-05-31,InnerMongolia,0.9559681233376729,Power
2019-05-01,Beijing,0.03797627173407073,Power
2019-05-02,Beijing,0.039394406390005125,Power
2019-05-03,Beijing,0.0426053272071936,Power
2019-05-04,Beijing,0.04327025492083659,Power
2019-05-05,Beijing,0.04263639074937137,Power
2019-05-06,Beijing,0.04440995109668299,Power
2019-05-07,Beijing,0.04594801621207938,Power
2019-05-08,Beijing,0.045178983654381194,Power
2019-05-09,Beijing,0.04658146060594761,Power
2019-05-10,Beijing,0.045445542428474185,Power
2019-05-11,Beijing,0.044178233863140744,Power
2019-05-12,Beijing,0.04240845151420209,Power
2019-05-13,Beijing,0.04532170803736011,Power
2019-05-14,Beijing,0.046137335908324965,Power
2019-05-15,Beijing,0.046372831140240184,Power
2019-05-16,Beijing,0.046357299369151304,Power
2019-05-17,Beijing,0.04738533470419654,Power
2019-05-18,Beijing,0.0465701266108287,Power
2019-05-19,Beijing,0.04380715046739554,Power
2019-05-20,Beijing,0.04373746738629406,Power
2019-05-21,Beijing,0.04399269216526814,Power
2019-05-22,Beijing,0.04532170803736011,Power
2019-05-23,Beijing,0.04695254400169281,Power
2019-05-24,Beijing,0.04596732598154125,Power
2019-05-25,Beijing,0.04647357776351942,Power
2019-05-26,Beijing,0.045607996358511954,Power
2019-05-27,Beijing,0.0448465197975597,Power
2019-05-28,Beijing,0.04512105434599562,Power
2019-05-29,Beijing,0.04522138119167787,Power
2019-05-30,Beijing,0.04481167825700896,Power
2019-05-31,Beijing,0.0446609780996871,Power
2019-05-01,Jilin,0.09774495014098943,Power
2019-05-02,Jilin,0.10139500568641457,Power
2019-05-03,Jilin,0.10965941082287715,Power
2019-05-04,Jilin,0.11137083017105626,Power
2019-05-05,Jilin,0.10973936349444613,Power
2019-05-06,Jilin,0.11430422886443141,Power
2019-05-07,Jilin,0.11826296654860326,Power
2019-05-08,Jilin,0.11628359770651735,Power
2019-05-09,Jilin,0.11989335278370569,Power
2019-05-10,Jilin,0.11696967806389975,Power
2019-05-11,Jilin,0.11370782515218719,Power
2019-05-12,Jilin,0.1091526837557711,Power
2019-05-13,Jilin,0.11665094781913153,Power
2019-05-14,Jilin,0.11875024566857093,Power
2019-05-15,Jilin,0.11935637335438436,Power
2019-05-16,Jilin,0.11931639701859988,Power
2019-05-17,Jilin,0.12196239827092979,Power
2019-05-18,Jilin,0.1198641808629981,Power
2019-05-19,Jilin,0.11275271485939027,Power
2019-05-20,Jilin,0.11257336156911392,Power
2019-05-21,Jilin,0.11323027000578871,Power
2019-05-22,Jilin,0.11665094781913153,Power
2019-05-23,Jilin,0.12084846307650261,Power
2019-05-24,Jilin,0.11831266685795697,Power
2019-05-25,Jilin,0.11961567931622967,Power
2019-05-26,Jilin,0.11738780892737531,Power
2019-05-27,Jilin,0.11542788803242779,Power
2019-05-28,Jilin,0.11613449677845628,Power
2019-05-29,Jilin,0.11639272229879391,Power
2019-05-30,Jilin,0.11533821138728963,Power
2019-05-31,Jilin,0.11495033288602934,Power
2019-05-01,Sichuan,0.04883407918660094,Power
2019-05-02,Sichuan,0.050657673155227206,Power
2019-05-03,Sichuan,0.05478662932413441,Power
2019-05-04,Sichuan,0.055641666723508065,Power
2019-05-05,Sichuan,0.054826574253145556,Power
2019-05-06,Sichuan,0.05710721378114662,Power
2019-05-07,Sichuan,0.059085027563536174,Power
2019-05-08,Sichuan,0.0580961206723414,Power
2019-05-09,Sichuan,0.059899580237560694,Power
2019-05-10,Sichuan,0.05843889134696405,Power
2019-05-11,Sichuan,0.05680924620257701,Power
2019-05-12,Sichuan,0.05453346484161784,Power
2019-05-13,Sichuan,0.05827965142725745,Power
2019-05-14,Sichuan,0.059328475711968955,Power
2019-05-15,Sichuan,0.05963130145758046,Power
2019-05-16,Sichuan,0.05961132899307489,Power
2019-05-17,Sichuan,0.06093329022480851,Power
2019-05-18,Sichuan,0.059885005736435015,Power
2019-05-19,Sichuan,0.05633206623979525,Power
2019-05-20,Sichuan,0.05624246004768917,Power
2019-05-21,Sichuan,0.05657065622118613,Power
2019-05-22,Sichuan,0.05827965142725745,Power
2019-05-23,Sichuan,0.06037676020034246,Power
2019-05-24,Sichuan,0.05910985819508365,Power
2019-05-25,Sichuan,0.059760852578697676,Power
2019-05-26,Sichuan,0.05864779252976556,Power
2019-05-27,Sichuan,0.05766860197265457,Power
2019-05-28,Sichuan,0.05802162877769899,Power
2019-05-29,Sichuan,0.05815064010247823,Power
2019-05-30,Sichuan,0.05762379887660154,Power
2019-05-31,Sichuan,0.05743001199126369,Power
2019-05-01,Tianjin,0.11396172595983539,Power
2019-05-02,Tianjin,0.11821735890256971,Power
2019-05-03,Tianjin,0.12785290398212723,Power
2019-05-04,Tianjin,0.12984826335852695,Power
2019-05-05,Tianjin,0.12794612152875195,Power
2019-05-06,Tianjin,0.13326833956239387,Power
2019-05-07,Tianjin,0.13788386781689424,Power
2019-05-08,Tianjin,0.13557610368964407,Power
2019-05-09,Tianjin,0.1397847499500932,Power
2019-05-10,Tianjin,0.1363760110154104,Power
2019-05-11,Tianjin,0.13257298705243642,Power
2019-05-12,Tianjin,0.12726210628797857,Power
2019-05-13,Tianjin,0.13600440052548743,Power
2019-05-14,Tianjin,0.13845199097267472,Power
2019-05-15,Tianjin,0.13915868075181628,Power
2019-05-16,Tianjin,0.13911207197850392,Power
2019-05-17,Tianjin,0.1421970688931522,Power
2019-05-18,Tianjin,0.13975073814254096,Power
2019-05-19,Tianjin,0.13145941527924362,Power
2019-05-20,Tianjin,0.131250305647626,Power
2019-05-21,Tianjin,0.13201620116584,Power
2019-05-22,Tianjin,0.13600440052548743,Power
2019-05-23,Tianjin,0.14089832172328598,Power
2019-05-24,Tianjin,0.13794181385939072,Power
2019-05-25,Tianjin,0.13946100793005867,Power
2019-05-26,Tianjin,0.1368635135903262,Power
2019-05-27,Tianjin,0.1345784240014442,Power
2019-05-28,Tianjin,0.13540226556215468,Power
2019-05-29,Tianjin,0.13570333304382107,Power
2019-05-30,Tianjin,0.1344738691856354,Power
2019-05-31,Tianjin,0.13402163811484782,Power
2019-05-01,Ningxia,0.2056264136299333,Power
2019-05-02,Ningxia,0.21330504899956845,Power
2019-05-03,Ningxia,0.2306909086940527,Power
2019-05-04,Ningxia,0.23429122791540724,Power
2019-05-05,Ningxia,0.23085910542535334,Power
2019-05-06,Ningxia,0.24046222961110017,Power
2019-05-07,Ningxia,0.24879024073928388,Power
2019-05-08,Ningxia,0.24462623517519205,Power
2019-05-09,Ningxia,0.25222009030053644,Power
2019-05-10,Ningxia,0.24606954496405578,Power
2019-05-11,Ningxia,0.23920757291274936,Power
2019-05-12,Ningxia,0.22962490508621478,Power
2019-05-13,Ningxia,0.24539903096765447,Power
2019-05-14,Ningxia,0.24981533162869737,Power
2019-05-15,Ningxia,0.2510904446862604,Power
2019-05-16,Ningxia,0.2510063463206101,Power
2019-05-17,Ningxia,0.2565727489551412,Power
2019-05-18,Ningxia,0.25215872122289973,Power
2019-05-19,Ningxia,0.23719830385234694,Power
2019-05-20,Ningxia,0.23682099767132114,Power
2019-05-21,Ningxia,0.2382029383825481,Power
2019-05-22,Ningxia,0.24539903096765447,Power
2019-05-23,Ningxia,0.2542293593609388,Power
2019-05-24,Ningxia,0.2488947954641465,Power
2019-05-25,Ningxia,0.2516359475985869,Power
2019-05-26,Ningxia,0.24694916841018216,Power
2019-05-27,Ningxia,0.24282607556451477,Power
2019-05-28,Ningxia,0.2443125710006043,Power
2019-05-29,Ningxia,0.24485580098412943,Power
2019-05-30,Ningxia,0.24263742247400188,Power
2019-05-31,Ningxia,0.24182144103431358,Power
2019-05-01,Anhui,0.4456281135973292,Power
2019-05-02,Anhui,0.4622690486521538,Power
2019-05-03,Anhui,0.4999472229788446,Power
2019-05-04,Anhui,0.5077497393707702,Power
2019-05-05,Anhui,0.5003117344769522,Power
2019-05-06,Anhui,0.5211233706864761,Power
2019-05-07,Anhui,0.5391716156738595,Power
2019-05-08,Anhui,0.5301474931801679,Power
2019-05-09,Anhui,0.546604694736622,Power
2019-05-10,Anhui,0.5332753959004158,Power
2019-05-11,Anhui,0.5184043119438353,Power
2019-05-12,Anhui,0.49763700821381107,Power
2019-05-13,Anhui,0.5318222757390407,Power
2019-05-14,Anhui,0.5413931654798939,Power
2019-05-15,Anhui,0.5441565567020342,Power
2019-05-16,Anhui,0.5439743009529804,Power
2019-05-17,Anhui,0.5560376612079209,Power
2019-05-18,Anhui,0.5464716972981233,Power
2019-05-19,Anhui,0.5140498772907657,Power
2019-05-20,Anhui,0.5132321893355513,Power
2019-05-21,Anhui,0.5162270946173004,Power
2019-05-22,Anhui,0.5318222757390407,Power
2019-05-23,Anhui,0.5509591293896916,Power
2019-05-24,Anhui,0.539398203902413,Power
2019-05-25,Anhui,0.5453387561553562,Power
2019-05-26,Anhui,0.5351816925188976,Power
2019-05-27,Anhui,0.526246234984205,Power
2019-05-28,Anhui,0.5294677284945075,Power
2019-05-29,Anhui,0.5306450021167741,Power
2019-05-30,Anhui,0.5258373910065978,Power
2019-05-31,Anhui,0.5240690176576702,Power
2019-05-01,Shandong,1.044974148363354,Power
2019-05-02,Shandong,1.08399625313253,Power
2019-05-03,Shandong,1.1723495614798956,Power
2019-05-04,Shandong,1.1906460460888335,Power
2019-05-05,Shandong,1.173204321493192,Power
2019-05-06,Shandong,1.2220064979280167,Power
2019-05-07,Shandong,1.2643286693971763,Power
2019-05-08,Shandong,1.2431675836625966,Power
2019-05-09,Shandong,1.2817588431818272,Power
2019-05-10,Shandong,1.2505023486415585,Power
2019-05-11,Shandong,1.2156304502612658,Power
2019-05-12,Shandong,1.1669322311253552,Power
2019-05-13,Shandong,1.2470948593993636,Power
2019-05-14,Shandong,1.2695380851538878,Power
2019-05-15,Shandong,1.2760180901195532,Power
2019-05-16,Shandong,1.2755907101129051,Power
2019-05-17,Shandong,1.3038786462286178,Power
2019-05-18,Shandong,1.2814469712850842,Power
2019-05-19,Shandong,1.2054195333456716,Power
2019-05-20,Shandong,1.2035020987212501,Power
2019-05-21,Shandong,1.2105249918034686,Power
2019-05-22,Shandong,1.2470948593993636,Power
2019-05-23,Shandong,1.2919697600974214,Power
2019-05-24,Shandong,1.2648600067027391,Power
2019-05-25,Shandong,1.2787902847572712,Power
2019-05-26,Shandong,1.2549725124948785,Power
2019-05-27,Shandong,1.2340193413581275,Power
2019-05-28,Shandong,1.2415735717459087,Power
2019-05-29,Shandong,1.2443342155726362,Power
2019-05-30,Shandong,1.233060624045917,Power
2019-05-31,Shandong,1.2289138829003305,Power
2019-05-01,Shanxi,0.5112137684141534,Power
2019-05-02,Shanxi,0.5303038456775443,Power
2019-05-03,Shanxi,0.5735273338211084,Power
2019-05-04,Shanxi,0.5824781914670283,Power
2019-05-05,Shanxi,0.5739454925747688,Power
2019-05-06,Shanxi,0.5978200970911901,Power
2019-05-07,Shanxi,0.6185246061913481,Power
2019-05-08,Shanxi,0.6081723516412691,Power
2019-05-09,Shanxi,0.6270516542896392,Power
2019-05-10,Shanxi,0.6117606058111928,Power
2019-05-11,Shanxi,0.5947008588206423,Power
2019-05-12,Shanxi,0.5708771114499364,Power
2019-05-13,Shanxi,0.6100936215905196,Power
2019-05-14,Shanxi,0.6210731142710892,Power
2019-05-15,Shanxi,0.6242432096873525,Power
2019-05-16,Shanxi,0.6240341303105224,Power
2019-05-17,Shanxi,0.6378729247390941,Power
2019-05-18,Shanxi,0.6268990828524929,Power
2019-05-19,Shanxi,0.5897055569525911,Power
2019-05-20,Shanxi,0.5887675251538393,Power
2019-05-21,Shanxi,0.5922032078866166,Power
2019-05-22,Shanxi,0.6100936215905196,Power
2019-05-23,Shanxi,0.6320469561576905,Power
2019-05-24,Shanxi,0.6187845427138938,Power
2019-05-25,Shanxi,0.6255994002397646,Power
2019-05-26,Shanxi,0.6139474630769574,Power
2019-05-27,Shanxi,0.6036969228183092,Power
2019-05-28,Shanxi,0.6073925420736321,Power
2019-05-29,Shanxi,0.6087430818320759,Power
2019-05-30,Shanxi,0.6032279069189334,Power
2019-05-31,Shanxi,0.6011992718842837,Power
2019-05-01,Guangdong,0.4210849160998062,Power
2019-05-02,Guangdong,0.4368093430997484,Power
2019-05-03,Guangdong,0.4724123726013493,Power
2019-05-04,Guangdong,0.4797851613909501,Power
2019-05-05,Guangdong,0.4727568084412675,Power
2019-05-06,Guangdong,0.492422233085247,Power
2019-05-07,Guangdong,0.5094764616995762,Power
2019-05-08,Guangdong,0.5009493473924116,Power
2019-05-09,Guangdong,0.5165001601108815,Power
2019-05-10,Guangdong,0.5039049792619802,Power
2019-05-11,Guangdong,0.4898529279009922,Power
2019-05-12,Guangdong,0.4702293941024081,Power
2019-05-13,Guangdong,0.5025318904406845,Power
2019-05-14,Guangdong,0.5115756585077265,Power
2019-05-15,Guangdong,0.5141868545373768,Power
2019-05-16,Guangdong,0.5140146366174176,Power
2019-05-17,Guangdong,0.5254136011033598,Power
2019-05-18,Guangdong,0.5163744875746952,Power
2019-05-19,Guangdong,0.4857383159754826,Power
2019-05-20,Guangdong,0.48496566260485524,Power
2019-05-21,Guangdong,0.4877956219382374,Power
2019-05-22,Guangdong,0.5025318904406845,Power
2019-05-23,Guangdong,0.5206147720363911,Power
2019-05-24,Guangdong,0.5096905704649308,Power
2019-05-25,Guangdong,0.5153039437479223,Power
2019-05-26,Guangdong,0.5057062856139849,Power
2019-05-27,Guangdong,0.4972629529976112,Power
2019-05-28,Guangdong,0.5003070210963478,Power
2019-05-29,Guangdong,0.5014194557685162,Power
2019-05-30,Guangdong,0.49687662631229756,Power
2019-05-31,Guangdong,0.4952056470348565,Power
2019-05-01,Guangxi,0.16779549774203187,Power
2019-05-02,Guangxi,0.17406142642834505,Power
2019-05-03,Guangxi,0.18824865524593914,Power
2019-05-04,Guangxi,0.1911865917936466,Power
2019-05-05,Guangxi,0.18838590733213254,Power
2019-05-06,Guangxi,0.19622225955060726,Power
2019-05-07,Guangxi,0.20301809257510228,Power
2019-05-08,Guangxi,0.1996201760628548,Power
2019-05-09,Guangxi,0.20581692227869477,Power
2019-05-10,Guangxi,0.20079794734302794,Power
2019-05-11,Guangxi,0.19519843317792138,Power
2019-05-12,Guangxi,0.18737877378074042,Power
2019-05-13,Guangxi,0.20025079375617583,Power
2019-05-14,Guangxi,0.20385458839771345,Power
2019-05-15,Guangxi,0.20489510759169316,Power
2019-05-16,Guangxi,0.20482648154859648,Power
2019-05-17,Guangxi,0.20936878369842948,Power
2019-05-18,Guangxi,0.20576684381481344,Power
2019-05-19,Guangxi,0.19355882717528664,Power
2019-05-20,Guangxi,0.19325093736031224,Power
2019-05-21,Guangxi,0.19437863017660398,Power
2019-05-22,Guangxi,0.20025079375617583,Power
2019-05-23,Guangxi,0.20745652828132952,Power
2019-05-24,Guangxi,0.20310341143949281,Power
2019-05-25,Guangxi,0.20534024949286095,Power
2019-05-26,Guangxi,0.201515738658661,Power
2019-05-27,Guangxi,0.19815120778900105,Power
2019-05-28,Guangxi,0.19936421946968327,Power
2019-05-29,Guangxi,0.19980750661292956,Power
2019-05-30,Guangxi,0.19799726288151387,Power
2019-05-31,Guangxi,0.1973314047876837,Power
2019-05-01,Xinjiang,0.40747631782260113,Power
2019-05-02,Xinjiang,0.4226925636885254,Power
2019-05-03,Xinjiang,0.4571449765154033,Power
2019-05-04,Xinjiang,0.46427949193784185,Power
2019-05-05,Xinjiang,0.4574782808975122,Power
2019-05-06,Xinjiang,0.47650815947062,Power
2019-05-07,Xinjiang,0.49301123049828083,Power
2019-05-08,Xinjiang,0.48475969498445043,Power
2019-05-09,Xinjiang,0.49980793742533874,Power
2019-05-10,Xinjiang,0.48761980691200635,Power
2019-05-11,Xinjiang,0.4740218889446187,Power
2019-05-12,Xinjiang,0.45503254739095655,Power
2019-05-13,Xinjiang,0.4862910934968425,Power
2019-05-14,Xinjiang,0.4950425855838363,Power
2019-05-15,Xinjiang,0.4975693931292833,Power
2019-05-16,Xinjiang,0.49740274093822884,Power
2019-05-17,Xinjiang,0.5084333143407237,Power
2019-05-18,Xinjiang,0.4996863263670018,Power
2019-05-19,Xinjiang,0.47004025281239925,Power
2019-05-20,Xinjiang,0.46929257000929014,Power
2019-05-21,Xinjiang,0.47203107087850893,Power
2019-05-22,Xinjiang,0.4862910934968425,Power
2019-05-23,Xinjiang,0.5037895735575583,Power
2019-05-24,Xinjiang,0.493218419708781,Power
2019-05-25,Xinjiang,0.4986503803145012,Power
2019-05-26,Xinjiang,0.48936289874817024,Power
2019-05-27,Xinjiang,0.48119243727323113,Power
2019-05-28,Xinjiang,0.48413812735295003,Power
2019-05-29,Xinjiang,0.48521461042489633,Power
2019-05-30,Xinjiang,0.48081859587167664,Power
2019-05-31,Xinjiang,0.47920161920712145,Power
2019-05-01,Jiangsu,0.69658909585326,Power
2019-05-02,Jiangsu,0.722601579245337,Power
2019-05-03,Jiangsu,0.7814986833255952,Power
2019-05-04,Jiangsu,0.7936952832998575,Power
2019-05-05,Jiangsu,0.7820684739809586,Power
2019-05-06,Jiangsu,0.8146004404527122,Power
2019-05-07,Jiangsu,0.8428127777669147,Power
2019-05-08,Jiangsu,0.8287066091098135,Power
2019-05-09,Jiangsu,0.8544318872120925,Power
2019-05-10,Jiangsu,0.833596028922728,Power
2019-05-11,Jiangsu,0.8103501101586512,Power
2019-05-12,Jiangsu,0.7778874425503876,Power
2019-05-13,Jiangsu,0.831324566174996,Power
2019-05-14,Jiangsu,0.8462854208151422,Power
2019-05-15,Jiangsu,0.8506050499726934,Power
2019-05-16,Jiangsu,0.8503201546450118,Power
2019-05-17,Jiangsu,0.8691771453880471,Power
2019-05-18,Jiangsu,0.8542239906216221,Power
2019-05-19,Jiangsu,0.8035434217891766,Power
2019-05-20,Jiangsu,0.8022652427514697,Power
2019-05-21,Jiangsu,0.8069467659739138,Power
2019-05-22,Jiangsu,0.831324566174996,Power
2019-05-23,Jiangsu,0.8612385755815671,Power
2019-05-24,Jiangsu,0.8431669719580865,Power
2019-05-25,Jiangsu,0.8524530196657634,Power
2019-05-26,Jiangsu,0.8365758800528034,Power
2019-05-27,Jiangsu,0.8226083091226823,Power
2019-05-28,Jiangsu,0.8276440265362981,Power
2019-05-29,Jiangsu,0.8294842963556471,Power
2019-05-30,Jiangsu,0.8219692196038291,Power
2019-05-31,Jiangsu,0.8192049649379451,Power
2019-05-01,Jiangxi,0.1512578420363594,Power
2019-05-02,Jiangxi,0.15690621081978498,Power
2019-05-03,Jiangxi,0.16969516907136142,Power
2019-05-04,Jiangxi,0.17234354729500828,Power
2019-05-05,Jiangxi,0.16981889381160756,Power
2019-05-06,Jiangxi,0.17688290769728174,Power
2019-05-07,Jiangxi,0.18300895429541433,Power
2019-05-08,Jiangxi,0.17994593099634806,Power
2019-05-09,Jiangxi,0.18553193582286578,Power
2019-05-10,Jiangxi,0.18100762302413578,Power
2019-05-11,Jiangxi,0.1759599880132836,Power
2019-05-12,Jiangxi,0.16891102173115286,Power
2019-05-13,Jiangxi,0.18051439601910052,Power
2019-05-14,Jiangxi,0.18376300642853602,Power
2019-05-15,Jiangxi,0.1847009737160776,Power
2019-05-16,Jiangxi,0.18463911134595457,Power
2019-05-17,Jiangxi,0.18873373146572164,Power
2019-05-18,Jiangxi,0.18548679301223545,Power
2019-05-19,Jiangxi,0.17448197895412718,Power
2019-05-20,Jiangxi,0.174204434266548,Power
2019-05-21,Jiangxi,0.17522098348370538,Power
2019-05-22,Jiangxi,0.18051439601910052,Power
2019-05-23,Jiangxi,0.18700994488202222,Power
2019-05-24,Jiangxi,0.18308586426908088,Power
2019-05-25,Jiangxi,0.1851022431439029,Power
2019-05-26,Jiangxi,0.18165466997650404,Power
2019-05-27,Jiangxi,0.17862174188452462,Power
2019-05-28,Jiangxi,0.1797152010753485,Power
2019-05-29,Jiangxi,0.1801147985472245,Power
2019-05-30,Jiangxi,0.17848296954073506,Power
2019-05-31,Jiangxi,0.17788273735494642,Power
2019-05-01,Hebei,0.622984186428909,Power
2019-05-02,Hebei,0.646248067387537,Power
2019-05-03,Hebei,0.6989218239635197,Power
2019-05-04,Hebei,0.7098296733074106,Power
2019-05-05,Hebei,0.6994314078343833,Power
2019-05-06,Hebei,0.7285258923532844,Power
2019-05-07,Hebei,0.7537571802295574,Power
2019-05-08,Hebei,0.741141536291421,Power
2019-05-09,Hebei,0.7641485594340596,Power
2019-05-10,Hebei,0.7455143168049126,Power
2019-05-11,Hebei,0.724724672127383,Power
2019-05-12,Hebei,0.6956921640252085,Power
2019-05-13,Hebei,0.7434828675899834,Power
2019-05-14,Hebei,0.7568628873344153,Power
2019-05-15,Hebei,0.7607260839770433,Power
2019-05-16,Hebei,0.7604712920416117,Power
2019-05-17,Hebei,0.7773357636597864,Power
2019-05-18,Hebei,0.7639626301838798,Power
2019-05-19,Hebei,0.7186372107511206,Power
2019-05-20,Hebei,0.7174940901759401,Power
2019-05-21,Hebei,0.7216809414392518,Power
2019-05-22,Hebei,0.7434828675899834,Power
2019-05-23,Hebei,0.770236020810322,Power
2019-05-24,Hebei,0.754073948581716,Power
2019-05-25,Hebei,0.7623787884230874,Power
2019-05-26,Hebei,0.7481793027241587,Power
2019-05-27,Hebei,0.7356876116194754,Power
2019-05-28,Hebei,0.7401912312349456,Power
2019-05-29,Hebei,0.7418370494124645,Power
2019-05-30,Hebei,0.7351160513318853,Power
2019-05-31,Hebei,0.7326438809313444,Power
2019-05-01,Henan,0.4225659001928515,Power
2019-05-02,Henan,0.4383456310646941,Power
2019-05-03,Henan,0.4740738788259384,Power
2019-05-04,Henan,0.4814725982117238,Power
2019-05-05,Henan,0.4744195260699713,Power
2019-05-06,Henan,0.49415411534076875,Power
2019-05-07,Henan,0.5112683248291006,Power
2019-05-08,Henan,0.5027112200849347,Power
2019-05-09,Henan,0.5183167260621498,Power
2019-05-10,Henan,0.5056772471114332,Power
2019-05-11,Henan,0.49157577373663147,Power
2019-05-12,Henan,0.47188322264416227,Power
2019-05-13,Henan,0.5042993290440048,Power
2019-05-14,Henan,0.5133749046542201,Power
2019-05-15,Henan,0.5159952844366857,Power
2019-05-16,Henan,0.5158224608146693,Power
2019-05-17,Henan,0.527261516228677,Power
2019-05-18,Henan,0.518190611527165,Power
2019-05-19,Henan,0.4874466904430492,Power
2019-05-20,Henan,0.4866713195983267,Power
2019-05-21,Henan,0.4895112320898403,Power
2019-05-22,Henan,0.5042993290440048,Power
2019-05-23,Henan,0.5224458093557321,Power
2019-05-24,Henan,0.5114831866294454,Power
2019-05-25,Henan,0.517116302525441,Power
2019-05-26,Henan,0.5074848887795512,Power
2019-05-27,Henan,0.499011860392042,Power
2019-05-28,Henan,0.5020666346839003,Power
2019-05-29,Henan,0.5031829818639526,Power
2019-05-30,Henan,0.4986241749696808,Power
2019-05-31,Henan,0.4969473187452509,Power
2019-05-01,Zhejiang,0.35702961151246204,Power
2019-05-02,Zhejiang,0.3703620436381352,Power
2019-05-03,Zhejiang,0.4005491515244942,Power
2019-05-04,Zhejiang,0.40680039400949153,Power
2019-05-05,Zhejiang,0.4008411918931115,Power
2019-05-06,Zhejiang,0.41751511834457206,Power
2019-05-07,Zhejiang,0.43197506308259603,Power
2019-05-08,Zhejiang,0.4247450907135841,Power
2019-05-09,Zhejiang,0.4379303187075082,Power
2019-05-10,Zhejiang,0.42725111279563793,Power
2019-05-11,Zhejiang,0.41533665505434575,Power
2019-05-12,Zhejiang,0.3986982470260954,Power
2019-05-13,Zhejiang,0.4260868978126365,Power
2019-05-14,Zhejiang,0.4337549307345745,Power
2019-05-15,Zhejiang,0.435968912448011,Power
2019-05-16,Zhejiang,0.43582289226370236,Power
2019-05-17,Zhejiang,0.4454878498683477,Power
2019-05-18,Zhejiang,0.43782376343787766,Power
2019-05-19,Zhejiang,0.4118479565968094,Power
2019-05-20,Zhejiang,0.41119283901315434,Power
2019-05-21,Zhejiang,0.41359230582557754,Power
2019-05-22,Zhejiang,0.4260868978126365,Power
2019-05-23,Zhejiang,0.44141901716504456,Power
2019-05-24,Zhejiang,0.432156601690115,Power
2019-05-25,Zhejiang,0.4369160704002833,Power
2019-05-26,Zhejiang,0.428778404993677,Power
2019-05-27,Zhejiang,0.4216194694710854,Power
2019-05-28,Zhejiang,0.42420047489102747,Power
2019-05-29,Zhejiang,0.42514368635183203,Power
2019-05-30,Zhejiang,0.4212919106792579,Power
2019-05-31,Zhejiang,0.41987512024231727,Power
2019-05-01,Hainan,0.04038698472997223,Power
2019-05-02,Hainan,0.04189514179961114,Power
2019-05-03,Hainan,0.04530989011721911,Power
2019-05-04,Hainan,0.0460170270790958,Power
2019-05-05,Hainan,0.045342925556094656,Power
2019-05-06,Hainan,0.04722907054594885,Power
2019-05-07,Hainan,0.048864771195138365,Power
2019-05-08,Hainan,0.04804692087054361,Power
2019-05-09,Hainan,0.04953842629328984,Power
2019-05-10,Hainan,0.04833040065008383,Power
2019-05-11,Hainan,0.046982644028931216,Power
2019-05-12,Hainan,0.04510051686272405,Power
2019-05-13,Hainan,0.04819870531943128,Power
2019-05-14,Hainan,0.04906610880233938,Power
2019-05-15,Hainan,0.04931655314300404,Power
2019-05-16,Hainan,0.049300035423566264,Power
2019-05-17,Hainan,0.05039332988040718,Power
2019-05-18,Hainan,0.049526372822348765,Power
2019-05-19,Hainan,0.04658800446182326,Power
2019-05-20,Hainan,0.0465138979367781,Power
2019-05-21,Hainan,0.04678532424537723,Power
2019-05-22,Hainan,0.04819870531943128,Power
2019-05-23,Hainan,0.04993306586039779,Power
2019-05-24,Hainan,0.04888530673822318,Power
2019-05-25,Hainan,0.049423695106924743,Power
2019-05-26,Hainan,0.04850316706690597,Power
2019-05-27,Hainan,0.04769335238960526,Power
2019-05-28,Hainan,0.0479853142412892,Power
2019-05-29,Hainan,0.04809200978036024,Power
2019-05-30,Hainan,0.047656299127082684,Power
2019-05-31,Hainan,0.047496032606051286,Power
2019-05-01,Hubei,0.19024337700420915,Power
2019-05-02,Hubei,0.19734756900812347,Power
2019-05-03,Hubei,0.2134327820019787,Power
2019-05-04,Hubei,0.21676375916037208,Power
2019-05-05,Hubei,0.21358839583387335,Power
2019-05-06,Hubei,0.22247310447920918,Power
2019-05-07,Hubei,0.230178092047614,Power
2019-05-08,Hubei,0.22632559826341161,Power
2019-05-09,Hubei,0.2333513524844925,Power
2019-05-10,Hubei,0.22766093317223723,Power
2019-05-11,Hubei,0.22131230940886,Power
2019-05-12,Hubei,0.21244652677010592,Power
2019-05-13,Hubei,0.22704058073427885,Power
2019-05-14,Hubei,0.23112649526632326,Power
2019-05-15,Hubei,0.2323062163432542,Power
2019-05-16,Hubei,0.2322284094273069,Power
2019-05-17,Hubei,0.23737838610717138,Power
2019-05-18,Hubei,0.23329457446474722,Power
2019-05-19,Hubei,0.2194533549846051,Power
2019-05-20,Hubei,0.21910427530765225,Power
2019-05-21,Hubei,0.22038283219673252,Power
2019-05-22,Hubei,0.22704058073427885,Power
2019-05-23,Hubei,0.23521030690874742,Power
2019-05-24,Hubei,0.23027482497014315,Power
2019-05-25,Hubei,0.23281090985210168,Power
2019-05-26,Hubei,0.22847475145525378,Power
2019-05-27,Hubei,0.2246601096842149,Power
2019-05-28,Hubei,0.22603539949582427,Power
2019-05-29,Hubei,0.22653799011505157,Power
2019-05-30,Hubei,0.2244855698457385,Power
2019-05-31,Hubei,0.2237306324720875,Power
2019-05-01,Hunan,0.0910805217222856,Power
2019-05-02,Hunan,0.09448170984415905,Power
2019-05-03,Hunan,0.10218263281222645,Power
2019-05-04,Hunan,0.10377736447757516,Power
2019-05-05,Hunan,0.10225713416527936,Power
2019-05-06,Hunan,0.10651075871458382,Power
2019-05-07,Hunan,0.11019958246574395,Power
2019-05-08,Hunan,0.10835517059016389,Power
2019-05-09,Hunan,0.11171880600299848,Power
2019-05-10,Hunan,0.10899447274136113,Power
2019-05-11,Hunan,0.10595501889181079,Power
2019-05-12,Hunan,0.10171045531787762,Power
2019-05-13,Hunan,0.10869747410419076,Power
2019-05-14,Hunan,0.11065363800935019,Power
2019-05-15,Hunan,0.11121843880749452,Power
2019-05-16,Hunan,0.11118118813096807,Power
2019-05-17,Hunan,0.11364678020700276,Power
2019-05-18,Hunan,0.1116916230768846,Power
2019-05-19,Hunan,0.10506502975534093,Power
2019-05-20,Hunan,0.10489790509849252,Power
2019-05-21,Hunan,0.10551002432357585,Power
2019-05-22,Hunan,0.10869747410419076,Power
2019-05-23,Hunan,0.11260879513946835,Power
2019-05-24,Hunan,0.11024589411764171,Power
2019-05-25,Hunan,0.11146006481739583,Power
2019-05-26,Hunan,0.109384094682327,Power
2019-05-27,Hunan,0.10755780475748954,Power
2019-05-28,Hunan,0.10821623563447062,Power
2019-05-29,Hunan,0.1084568548693307,Power
2019-05-30,Hunan,0.10747424242906534,Power
2019-05-31,Hunan,0.10711281018925461,Power
2019-05-01,Gansu,0.09922593423403474,Power
2019-05-02,Gansu,0.10293129365136026,Power
2019-05-03,Gansu,0.11132091704746623,Power
2019-05-04,Gansu,0.11305826699182986,Power
2019-05-05,Gansu,0.11140208112314988,Power
2019-05-06,Gansu,0.11603611111995313,Power
2019-05-07,Gansu,0.12005482967812757,Power
2019-05-08,Gansu,0.11804547039904036,Power
2019-05-09,Gansu,0.12170991873497398,Power
2019-05-10,Gansu,0.1187419459133528,Power
2019-05-11,Gansu,0.11543067098782642,Power
2019-05-12,Gansu,0.11080651229752524,Power
2019-05-13,Gansu,0.11841838642245173,Power
2019-05-14,Gansu,0.12054949181506446,Power
2019-05-15,Gansu,0.12116480325369323,Power
2019-05-16,Gansu,0.12112422121585141,Power
2019-05-17,Gansu,0.12381031339624693,Power
2019-05-18,Gansu,0.1216803048154678,Power
2019-05-19,Gansu,0.11446108932695681,Power
2019-05-20,Gansu,0.11427901856258536,Power
2019-05-21,Gansu,0.1149458801573916,Power
2019-05-22,Gansu,0.11841838642245173,Power
2019-05-23,Gansu,0.12267950039584359,Power
2019-05-24,Gansu,0.12010528302247149,Power
2019-05-25,Gansu,0.12142803809374832,Power
2019-05-26,Gansu,0.11916641209294163,Power
2019-05-27,Gansu,0.11717679542685853,Power
2019-05-28,Gansu,0.11789411036600866,Power
2019-05-29,Gansu,0.11815624839423021,Power
2019-05-30,Gansu,0.11708576004467283,Power
2019-05-31,Gansu,0.11669200459642375,Power
2019-05-01,Fujian,0.1836667106058339,Power
2019-05-02,Fujian,0.19052531245267948,Power
2019-05-03,Fujian,0.20605446361945173,Power
2019-05-04,Fujian,0.20927028972293676,Power
2019-05-05,Fujian,0.2062046979197408,Power
2019-05-06,Fujian,0.21478226438894799,Power
2019-05-07,Fujian,0.22222089244650423,Power
2019-05-08,Fujian,0.21850157841772613,Power
2019-05-09,Fujian,0.225284454056453,Power
2019-05-10,Fujian,0.21979075112966615,Power
2019-05-11,Fujian,0.2136615977165214,Power
2019-05-12,Fujian,0.20510230298653856,Power
2019-05-13,Fujian,0.219191844121757,Power
2019-05-14,Fujian,0.22313650960096873,Power
2019-05-15,Fujian,0.22427544801261967,Power
2019-05-16,Fujian,0.22420033086247515,Power
2019-05-17,Fujian,0.22917227412474456,Power
2019-05-18,Fujian,0.22522963883878,Power
2019-05-19,Fujian,0.21186690688604112,Power
2019-05-20,Fujian,0.21152989480701428,Power
2019-05-21,Fujian,0.21276425230128126,Power
2019-05-22,Fujian,0.219191844121757,Power
2019-05-23,Fujian,0.2270791448869333,Power
2019-05-24,Fujian,0.22231428133587314,Power
2019-05-25,Fujian,0.22476269439193555,Power
2019-05-26,Fujian,0.22057643591631304,Power
2019-05-27,Fujian,0.21689366536598362,Power
2019-05-28,Fujian,0.21822141174961945,Power
2019-05-29,Fujian,0.21870662793568824,Power
2019-05-30,Fujian,0.2167251593264702,Power
2019-05-31,Fujian,0.2159963199507435,Power
2019-05-01,Tibet,0.0008556796982039479,Power
2019-05-02,Tibet,0.000887633046413057,Power
2019-05-03,Tibet,0.0009599813742070055,Power
2019-05-04,Tibet,0.0009749634964469572,Power
2019-05-05,Tibet,0.000960681296584377,Power
2019-05-06,Tibet,0.0010006430809680865,Power
2019-05-07,Tibet,0.0010352986970584798,Power
2019-05-08,Tibet,0.0010179708890132831,Power
2019-05-09,Tibet,0.001049571438510555,Power
2019-05-10,Tibet,0.001023976979683971,Power
2019-05-11,Tibet,0.0009954220383693155,Power
2019-05-12,Tibet,0.0009555453796801511,Power
2019-05-13,Tibet,0.0010211867485849899,Power
2019-05-14,Tibet,0.0010395644401962438,Power
2019-05-15,Tibet,0.00104487060848956,Power
2019-05-16,Tibet,0.0010445206473008743,Power
2019-05-17,Tibet,0.0010676842946276681,Power
2019-05-18,Tibet,0.0010493160614269195,Power
2019-05-19,Tibet,0.0009870608034828778,Power
2019-05-20,Tibet,0.0009854907073390444,Power
2019-05-21,Tibet,0.0009912414209260966,Power
2019-05-22,Tibet,0.0010211867485849899,Power
2019-05-23,Tibet,0.0010579326733969926,Power
2019-05-24,Tibet,0.0010357337839417109,Power
2019-05-25,Tibet,0.0010471406270107647,Power
2019-05-26,Tibet,0.0010276373845494137,Power
2019-05-27,Tibet,0.0010104798278933072,Power
2019-05-28,Tibet,0.0010166656283635903,Power
2019-05-29,Tibet,0.0010189261884742903,Power
2019-05-30,Tibet,0.0010096947798213906,Power
2019-05-31,Tibet,0.0010062992104500886,Power
2019-05-01,Guizhou,0.18915457943950734,Power
2019-05-02,Guizhou,0.1962181128561171,Power
2019-05-03,Guizhou,0.21221126724056785,Power
2019-05-04,Guizhou,0.21552318060880332,Power
2019-05-05,Guizhou,0.2123659904661041,Power
2019-05-06,Guizhou,0.2211998503024645,Power
2019-05-07,Guizhou,0.22886074082090815,Power
2019-05-08,Guizhou,0.22503029556168636,Power
2019-05-09,Guizhou,0.23201584010920823,Power
2019-05-10,Guizhou,0.22635798810513935,Power
2019-05-11,Guizhou,0.22004569867414003,Power
2019-05-12,Guizhou,0.21123065652737186,Power
2019-05-13,Guizhou,0.22574118605739343,Power
2019-05-14,Guizhou,0.22980371615491968,Power
2019-05-15,Guizhou,0.2309766854728364,Power
2019-05-16,Guizhou,0.23089932386006828,Power
2019-05-17,Guizhou,0.23601982628355858,Power
2019-05-18,Guizhou,0.2319593870404315,Power
2019-05-19,Guizhou,0.21819738338530154,Power
2019-05-20,Guizhou,0.21785030155504453,Power
2019-05-21,Guizhou,0.21912154102972076,Power
2019-05-22,Guizhou,0.22574118605739343,Power
2019-05-23,Guizhou,0.23386415539804672,Power
2019-05-24,Guizhou,0.22895692012326857,Power
2019-05-25,Guizhou,0.23147849052862962,Power
2019-05-26,Guizhou,0.22716714875760594,Power
2019-05-27,Guizhou,0.2233743388775686,Power
2019-05-28,Guizhou,0.2247417576546052,Power
2019-05-29,Guizhou,0.22524147185599933,Power
2019-05-30,Guizhou,0.2232007979624401,Power
2019-05-31,Guizhou,0.22245018123314939,Power
2019-05-01,Liaoning,0.27188125385176337,Power
2019-05-02,Liaoning,0.2820340205868974,Power
2019-05-03,Liaoning,0.30502177420076054,Power
2019-05-04,Liaoning,0.30978215146401494,Power
2019-05-05,Liaoning,0.3052441655628065,Power
2019-05-06,Liaoning,0.3179415102201612,Power
2019-05-07,Liaoning,0.32895288793011324,Power
2019-05-08,Liaoning,0.32344719907513725,Power
2019-05-09,Liaoning,0.3334878685426454,Power
2019-05-10,Liaoning,0.3253555573845858,Power
2019-05-11,Liaoning,0.31628259087084526,Power
2019-05-12,Liaoning,0.3036122938115773,Power
2019-05-13,Liaoning,0.32446899722507816,Power
2019-05-14,Liaoning,0.3303082731231232,Power
2019-05-15,Liaoning,0.3319942400705258,Power
2019-05-16,Liaoning,0.33188304438950283,Power
2019-05-17,Liaoning,0.33924299635775407,Power
2019-05-18,Liaoning,0.33340672574838537,Power
2019-05-19,Liaoning,0.3136259156809988,Power
2019-05-20,Liaoning,0.3131270377607335,Power
2019-05-21,Liaoning,0.31495425327592197,Power
2019-05-22,Liaoning,0.32446899722507816,Power
2019-05-23,Liaoning,0.3361445437324919,Power
2019-05-24,Liaoning,0.32909113120922295,Power
2019-05-25,Liaoning,0.33271550935283706,Power
2019-05-26,Liaoning,0.3265186041023127,Power
2019-05-27,Liaoning,0.32106701044351005,Power
2019-05-28,Liaoning,0.3230324692378082,Power
2019-05-29,Liaoning,0.3237507332314432,Power
2019-05-30,Liaoning,0.3208175714833774,Power
2019-05-31,Liaoning,0.3197386728485868,Power
2019-05-01,Chongqing,0.05551496298411639,Power
2019-05-02,Chongqing,0.057588038863759926,Power
2019-05-03,Chongqing,0.06228186851505835,Power
2019-05-04,Chongqing,0.06325388171499778,Power
2019-05-05,Chongqing,0.062327278222631274,Power
2019-05-06,Chongqing,0.06491992706716668,Power
2019-05-07,Chongqing,0.06716832123672355,Power
2019-05-08,Chongqing,0.06604412415194512,Power
2019-05-09,Chongqing,0.06809431108439311,Power
2019-05-10,Chongqing,0.0664337885344966,Power
2019-05-11,Chongqing,0.06458119519446053,Power
2019-05-12,Chongqing,0.06199406915219749,Power
2019-05-13,Chongqing,0.0662527633489018,Power
2019-05-14,Chongqing,0.06744507499503964,Power
2019-05-15,Chongqing,0.06778932967001819,Power
2019-05-16,Chongqing,0.06776662481623172,Power
2019-05-17,Chongqing,0.06926944067901686,Power
2019-05-18,Chongqing,0.06807774267757596,Power
2019-05-19,Chongqing,0.06403873328237311,Power
2019-05-20,Chongqing,0.0639368682626825,Power
2019-05-21,Chongqing,0.06430996423841681,Power
2019-05-22,Chongqing,0.0662527633489018,Power
2019-05-23,Chongqing,0.06863677299648052,Power
2019-05-24,Chongqing,0.0671965488927824,Power
2019-05-25,Chongqing,0.06793660439728173,Power
2019-05-26,Chongqing,0.06667126903220906,Power
2019-05-27,Chongqing,0.0655581175519754,Power
2019-05-28,Chongqing,0.06595944118376856,Power
2019-05-29,Chongqing,0.06610610226633519,Power
2019-05-30,Chongqing,0.0655071850421301,Power
2019-05-31,Chongqing,0.0652868865959317,Power
2019-05-01,Shaanxi,0.3113357671157441,Power
2019-05-02,Shaanxi,0.32296186996413534,Power
2019-05-03,Shaanxi,0.3492855307691643,Power
2019-05-04,Shaanxi,0.35473671832262366,Power
2019-05-05,Shaanxi,0.34954019483416177,Power
2019-05-06,Shaanxi,0.36408013638300374,Power
2019-05-07,Shaanxi,0.37668944900666224,Power
2019-05-08,Shaanxi,0.37038479269483304,Power
2019-05-09,Shaanxi,0.38188253108884035,Power
2019-05-10,Shaanxi,0.37257008568501404,Power
2019-05-11,Shaanxi,0.36218048011437404,Power
2019-05-12,Shaanxi,0.3476715112220857,Power
2019-05-13,Shaanxi,0.37155487083130784,Power
2019-05-14,Shaanxi,0.3782415232406333,Power
2019-05-15,Shaanxi,0.38017215216581685,Power
2019-05-16,Shaanxi,0.38004482013331814,Power
2019-05-17,Shaanxi,0.3884728241222208,Power
2019-05-18,Shaanxi,0.38178961311917914,Power
2019-05-19,Shaanxi,0.35913827695953937,Power
2019-05-20,Shaanxi,0.35856700351643694,Power
2019-05-21,Shaanxi,0.3606593785369567,Power
2019-05-22,Shaanxi,0.37155487083130784,Power
2019-05-23,Shaanxi,0.384924734243675,Power
2019-05-24,Shaanxi,0.37684775369571477,Power
2019-05-25,Shaanxi,0.38099808967391674,Power
2019-05-26,Shaanxi,0.3739019099168251,Power
2019-05-27,Shaanxi,0.36765919891810334,Power
2019-05-28,Shaanxi,0.36990987862767555,Power
2019-05-29,Shaanxi,0.3707323747294917,Power
2019-05-30,Shaanxi,0.36737356219655215,Power
2019-05-31,Shaanxi,0.36613809734068603,Power
2019-05-01,Qinghai,0.023531191700608568,Power
2019-05-02,Qinghai,0.02440990877635907,Power
2019-05-03,Qinghai,0.026399487790692653,Power
2019-05-04,Qinghai,0.026811496152291326,Power
2019-05-05,Qinghai,0.026418735656070367,Power
2019-05-06,Qinghai,0.02751768472662238,Power
2019-05-07,Qinghai,0.028470714169108194,Power
2019-05-08,Qinghai,0.02799419944786529,Power
2019-05-09,Qinghai,0.02886321455904026,Power
2019-05-10,Qinghai,0.028159366941309202,Power
2019-05-11,Qinghai,0.027374106055156177,Power
2019-05-12,Qinghai,0.026277497941204157,Power
2019-05-13,Qinghai,0.028082635586087222,Power
2019-05-14,Qinghai,0.02858802210539671,Power
2019-05-15,Qinghai,0.028733941733462904,Power
2019-05-16,Qinghai,0.028724317800774047,Power
2019-05-17,Qinghai,0.029361318102260878,Power
2019-05-18,Qinghai,0.028856191689240286,Power
2019-05-19,Qinghai,0.027144172095779143,Power
2019-05-20,Qinghai,0.027100994451823724,Power
2019-05-21,Qinghai,0.027259139075467658,Power
2019-05-22,Qinghai,0.028082635586087222,Power
2019-05-23,Qinghai,0.029093148518417298,Power
2019-05-24,Qinghai,0.028482679058397048,Power
2019-05-25,Qinghai,0.028796367242796033,Power
2019-05-26,Qinghai,0.028260028075108874,Power
2019-05-27,Qinghai,0.02778819526706595,Power
2019-05-28,Qinghai,0.027958304779998736,Power
2019-05-29,Qinghai,0.028020470183042982,Power
2019-05-30,Qinghai,0.027766606445088247,Power
2019-05-31,Qinghai,0.027673228287377435,Power
2019-05-01,Heilongjiang,0.14815326056723482,Power
2019-05-02,Heilongjiang,0.1536856960488248,Power
2019-05-03,Heilongjiang,0.16621215972648215,Power
2019-05-04,Heilongjiang,0.16880617973738662,Power
2019-05-05,Heilongjiang,0.16633334500476937,Power
2019-05-06,Heilongjiang,0.17325236933941035,Power
2019-05-07,Heilongjiang,0.17925267825352267,Power
2019-05-08,Heilongjiang,0.17625252379646653,Power
2019-05-09,Heilongjiang,0.18172387534724416,Power
2019-05-10,Heilongjiang,0.1772924244952824,Power
2019-05-11,Heilongjiang,0.17234839266894367,Power
2019-05-12,Heilongjiang,0.1654441070843646,Power
2019-05-13,Heilongjiang,0.17680932102102934,Power
2019-05-14,Heilongjiang,0.17999125339551633,Power
2019-05-15,Heilongjiang,0.18090996881604499,Power
2019-05-16,Heilongjiang,0.1808493761769014,Power
2019-05-17,Heilongjiang,0.18485995383264947,Power
2019-05-18,Heilongjiang,0.1816796590970583,Power
2019-05-19,Heilongjiang,0.17090071988508032,Power
2019-05-20,Heilongjiang,0.170628871828382,Power
2019-05-21,Heilongjiang,0.17162455627701198,Power
2019-05-22,Heilongjiang,0.17680932102102934,Power
2019-05-23,Heilongjiang,0.1831715481311075,Power
2019-05-24,Heilongjiang,0.17932800964272827,Power
2019-05-25,Heilongjiang,0.18130300215103048,Power
2019-05-26,Heilongjiang,0.17792619074794655,Power
2019-05-27,Heilongjiang,0.1749555137910143,Power
2019-05-28,Heilongjiang,0.17602652962884982,Power
2019-05-29,Heilongjiang,0.1764179253249396,Power
2019-05-30,Heilongjiang,0.17481958976266515,Power
2019-05-31,Heilongjiang,0.17423167739908263,Power
2019-06-01,Shanghai,0.08177287231827403,Power
2019-06-02,Shanghai,0.07843886018313116,Power
2019-06-03,Shanghai,0.08828376077071491,Power
2019-06-04,Shanghai,0.09116913875925726,Power
2019-06-05,Shanghai,0.09136119364773429,Power
2019-06-06,Shanghai,0.08834069403805,Power
2019-06-07,Shanghai,0.07967848719057385,Power
2019-06-08,Shanghai,0.0809325372924081,Power
2019-06-09,Shanghai,0.0909763247605491,Power
2019-06-10,Shanghai,0.09622709022930664,Power
2019-06-11,Shanghai,0.09397556928376162,Power
2019-06-12,Shanghai,0.09374100422234106,Power
2019-06-13,Shanghai,0.09133310656918232,Power
2019-06-14,Shanghai,0.09126858219953587,Power
2019-06-15,Shanghai,0.09143255000946096,Power
2019-06-16,Shanghai,0.08722252466758883,Power
2019-06-17,Shanghai,0.09072050461265677,Power
2019-06-18,Shanghai,0.09492293885221752,Power
2019-06-19,Shanghai,0.09744470304004643,Power
2019-06-20,Shanghai,0.09671823454885069,Power
2019-06-21,Shanghai,0.09772253738464168,Power
2019-06-22,Shanghai,0.09487359668719378,Power
2019-06-23,Shanghai,0.08773568318383579,Power
2019-06-24,Shanghai,0.08950896468376604,Power
2019-06-25,Shanghai,0.0881342160551814,Power
2019-06-26,Shanghai,0.09028553445021667,Power
2019-06-27,Shanghai,0.09381919257614792,Power
2019-06-28,Shanghai,0.094474304705617,Power
2019-06-29,Shanghai,0.09357703641241599,Power
2019-06-30,Shanghai,0.0899082566653428,Power
2019-06-01,Yunnan,0.06092922007013663,Power
2019-06-02,Yunnan,0.05844503731686395,Power
2019-06-03,Yunnan,0.06578050319281874,Power
2019-06-04,Yunnan,0.0679304072559311,Power
2019-06-05,Yunnan,0.06807350794731952,Power
2019-06-06,Yunnan,0.06582292434639239,Power
2019-06-07,Yunnan,0.05936868723400746,Power
2019-06-08,Yunnan,0.06030308384338962,Power
2019-06-09,Yunnan,0.06778674094916169,Power
2019-06-10,Yunnan,0.07169910253941376,Power
2019-06-11,Yunnan,0.07002148731942133,Power
2019-06-12,Yunnan,0.06984671216669792,Power
2019-06-13,Yunnan,0.0680525801782232,Power
2019-06-14,Yunnan,0.06800450287083973,Power
2019-06-15,Yunnan,0.06812667579313185,Power
2019-06-16,Yunnan,0.06498977289020598,Power
2019-06-17,Yunnan,0.06759612856577077,Power
2019-06-18,Yunnan,0.07072737531488679,Power
2019-06-19,Yunnan,0.0726063496105088,Power
2019-06-20,Yunnan,0.07206505569090908,Power
2019-06-21,Yunnan,0.0728133648399482,Power
2019-06-22,Yunnan,0.07069061031512297,Power
2019-06-23,Yunnan,0.06537212888774979,Power
2019-06-24,Yunnan,0.0666934064177236,Power
2019-06-25,Yunnan,0.0656690769627653,Power
2019-06-26,Yunnan,0.06727203095246811,Power
2019-06-27,Yunnan,0.06990497055093906,Power
2019-06-28,Yunnan,0.07039309662472647,Power
2019-06-29,Yunnan,0.0697245392444058,Power
2019-06-30,Yunnan,0.06699092010812009,Power
2019-06-01,InnerMongolia,0.9829755603399004,Power
2019-06-02,InnerMongolia,0.9428980584274513,Power
2019-06-03,InnerMongolia,1.0612416655090888,Power
2019-06-04,InnerMongolia,1.0959262248827726,Power
2019-06-05,InnerMongolia,1.0982348787953067,Power
2019-06-06,InnerMongolia,1.0619260490799982,Power
2019-06-07,InnerMongolia,0.9577993700447167,Power
2019-06-08,InnerMongolia,0.972874058833279,Power
2019-06-09,InnerMongolia,1.0936084458559598,Power
2019-06-10,InnerMongolia,1.1567268613223556,Power
2019-06-11,InnerMongolia,1.1296617723714621,Power
2019-06-12,InnerMongolia,1.126842112059316,Power
2019-06-13,InnerMongolia,1.0978972495669914,Power
2019-06-14,InnerMongolia,1.097121614853294,Power
2019-06-15,InnerMongolia,1.0990926395375133,Power
2019-06-16,InnerMongolia,1.0484847557473393,Power
2019-06-17,InnerMongolia,1.0905332823440075,Power
2019-06-18,InnerMongolia,1.141049914991393,Power
2019-06-19,InnerMongolia,1.171363544625536,Power
2019-06-20,InnerMongolia,1.1626308102607332,Power
2019-06-21,InnerMongolia,1.1747033364515735,Power
2019-06-22,InnerMongolia,1.1404567825632717,Power
2019-06-23,InnerMongolia,1.054653332999802,Power
2019-06-24,InnerMongolia,1.0759695999550574,Power
2019-06-25,InnerMongolia,1.059444017996167,Power
2019-06-26,InnerMongolia,1.0853045918622601,Power
2019-06-27,InnerMongolia,1.1277819988300313,Power
2019-06-28,InnerMongolia,1.1356569724526275,Power
2019-06-29,InnerMongolia,1.124871087375097,Power
2019-06-30,InnerMongolia,1.080769410065701,Power
2019-06-01,Beijing,0.04683273302322358,Power
2019-06-02,Beijing,0.04492328682432272,Power
2019-06-03,Beijing,0.05056163103050332,Power
2019-06-04,Beijing,0.05221413672313131,Power
2019-06-05,Beijing,0.0523241298671026,Power
2019-06-06,Beijing,0.050594237693735916,Power
2019-06-07,Beijing,0.04563324257177379,Power
2019-06-08,Beijing,0.046351458673910446,Power
2019-06-09,Beijing,0.05210370882365025,Power
2019-06-10,Beijing,0.05511091268471519,Power
2019-06-11,Beijing,0.05382142784274344,Power
2019-06-12,Beijing,0.05368708839022515,Power
2019-06-13,Beijing,0.05230804391324119,Power
2019-06-14,Beijing,0.05227108969491091,Power
2019-06-15,Beijing,0.052364996885020804,Power
2019-06-16,Beijing,0.04995384282784772,Power
2019-06-17,Beijing,0.05195719621685846,Power
2019-06-18,Beijing,0.054364002718933845,Power
2019-06-19,Beijing,0.05580826052238299,Power
2019-06-20,Beijing,0.05539219949953506,Power
2019-06-21,Beijing,0.05596738103895806,Power
2019-06-22,Beijing,0.05433574361079893,Power
2019-06-23,Beijing,0.050247737552450863,Power
2019-06-24,Beijing,0.0512633264232688,Power
2019-06-25,Beijing,0.05047598419507903,Power
2019-06-26,Beijing,0.051708081309761414,Power
2019-06-27,Beijing,0.053731868207731244,Power
2019-06-28,Beijing,0.054107062212660983,Power
2019-06-29,Beijing,0.05359318120011526,Power
2019-06-30,Beijing,0.05149200782140674,Power
2019-06-01,Jilin,0.11749280446790593,Power
2019-06-02,Jilin,0.11270243298183026,Power
2019-06-03,Jilin,0.1268477717347709,Power
2019-06-04,Jilin,0.13099353722169568,Power
2019-06-05,Jilin,0.13126948530593455,Power
2019-06-06,Jilin,0.12692957452654133,Power
2019-06-07,Jilin,0.11448355243464484,Power
2019-06-08,Jilin,0.11628539526137456,Power
2019-06-09,Jilin,0.13071649843356653,Power
2019-06-10,Jilin,0.1382608972425796,Power
2019-06-11,Jilin,0.13502586950403214,Power
2019-06-12,Jilin,0.13468884200193804,Power
2019-06-13,Jilin,0.13122912926199448,Power
2019-06-14,Jilin,0.13113641943132134,Power
2019-06-15,Jilin,0.13137201147162017,Power
2019-06-16,Jilin,0.12532296769617032,Power
2019-06-17,Jilin,0.1303489312225448,Power
2019-06-18,Jilin,0.1363870679590919,Power
2019-06-19,Jilin,0.14001038628257625,Power
2019-06-20,Jilin,0.13896658265958572,Power
2019-06-21,Jilin,0.14040958390641592,Power
2019-06-22,Jilin,0.1363161722062242,Power
2019-06-23,Jilin,0.12606028352599438,Power
2019-06-24,Jilin,0.1286081678136703,Power
2019-06-25,Jilin,0.1266329030683873,Power
2019-06-26,Jilin,0.12972395789341878,Power
2019-06-27,Jilin,0.13480118450263606,Power
2019-06-28,Jilin,0.135742461959941,Power
2019-06-29,Jilin,0.1344532499616392,Power
2019-06-30,Jilin,0.1291818780599535,Power
2019-06-01,Sichuan,0.05902339429040661,Power
2019-06-02,Sichuan,0.056616915133656215,Power
2019-06-03,Sichuan,0.06372293247971629,Power
2019-06-04,Sichuan,0.0658055889630515,Power
2019-06-05,Sichuan,0.06594421355928506,Power
2019-06-06,Sichuan,0.06376402672761161,Power
2019-06-07,Sichuan,0.057511673891163816,Power
2019-06-08,Sichuan,0.05841684319147157,Power
2019-06-09,Sichuan,0.06566641644351266,Power
2019-06-10,Sichuan,0.06945640194607242,Power
2019-06-11,Sichuan,0.06783126142263853,Power
2019-06-12,Sichuan,0.06766195312130978,Power
2019-06-13,Sichuan,0.06592394039699004,Power
2019-06-14,Sichuan,0.065877366916042,Power
2019-06-15,Sichuan,0.06599571834998055,Power
2019-06-16,Sichuan,0.06295693569894738,Power
2019-06-17,Sichuan,0.06548176628963633,Power
2019-06-18,Sichuan,0.06851506970761677,Power
2019-06-19,Sichuan,0.07033527092772715,Power
2019-06-20,Sichuan,0.06981090832458278,Power
2019-06-21,Sichuan,0.07053581085745636,Power
2019-06-22,Sichuan,0.06847945469277415,Power
2019-06-23,Sichuan,0.0633273318533106,Power
2019-06-24,Sichuan,0.06460728069442374,Power
2019-06-25,Sichuan,0.06361499158857789,Power
2019-06-26,Sichuan,0.06516780623571601,Power
2019-06-27,Sichuan,0.06771838922175269,Power
2019-06-28,Sichuan,0.06819124703420158,Power
2019-06-29,Sichuan,0.06754360168737122,Power
2019-06-30,Sichuan,0.0648954883529963,Power
2019-06-01,Tianjin,0.14169046922571038,Power
2019-06-02,Tianjin,0.13591351984824507,Power
2019-06-03,Tianjin,0.15297209372719492,Power
2019-06-04,Tianjin,0.15797168038105322,Power
2019-06-05,Tianjin,0.15830446002415402,Power
2019-06-06,Tianjin,0.15307074381902322,Power
2019-06-07,Tianjin,0.1380614611809866,Power
2019-06-08,Tianjin,0.14023439387032466,Power
2019-06-09,Tianjin,0.15763758540339473,Power
2019-06-10,Tianjin,0.16673575453907952,Power
2019-06-11,Tianjin,0.16283447224090963,Power
2019-06-12,Tianjin,0.16242803386257706,Power
2019-06-13,Tianjin,0.15825579264551876,Power
2019-06-14,Tianjin,0.15814398920811332,Power
2019-06-15,Tianjin,0.15842810147257888,Power
2019-06-16,Tianjin,0.1511332560155154,Power
2019-06-17,Tianjin,0.15719431765744624,Power
2019-06-18,Tianjin,0.16447600976893256,Power
2019-06-19,Tianjin,0.16884555116964747,Power
2019-06-20,Tianjin,0.16758677599791835,Power
2019-06-21,Tianjin,0.16932696361776958,Power
2019-06-22,Tianjin,0.16439051302268137,Power
2019-06-23,Tianjin,0.15202242217652784,Power
2019-06-24,Tianjin,0.15509504370333999,Power
2019-06-25,Tianjin,0.15271297281932592,Power
2019-06-26,Tianjin,0.156440630955878,Power
2019-06-27,Tianjin,0.16256351332202124,Power
2019-06-28,Tianjin,0.16369864704532555,Power
2019-06-29,Tianjin,0.16214392159811153,Power
2019-06-30,Tianjin,0.15578690968069578,Power
2019-06-01,Ningxia,0.22402635800655865,Power
2019-06-02,Ningxia,0.2148924414030347,Power
2019-06-03,Ningxia,0.24186369924253878,Power
2019-06-04,Ningxia,0.24976853007359398,Power
2019-06-05,Ningxia,0.2502946869271212,Power
2019-06-06,Ningxia,0.24201967459437493,Power
2019-06-07,Ningxia,0.21828854473034678,Power
2019-06-08,Ningxia,0.22172416181345733,Power
2019-06-09,Ningxia,0.24924029354870897,Power
2019-06-10,Ningxia,0.26362538033071603,Power
2019-06-11,Ningxia,0.25745707508343646,Power
2019-06-12,Ningxia,0.2568144566338716,Power
2019-06-13,Ningxia,0.25021773908688205,Power
2019-06-14,Ningxia,0.2500409670214678,Power
2019-06-15,Ningxia,0.2504901760347559,Power
2019-06-16,Ningxia,0.23895631868431327,Power
2019-06-17,Ningxia,0.2485394443011253,Power
2019-06-18,Ningxia,0.2600525049379897,Power
2019-06-19,Ningxia,0.2669611731886515,Power
2019-06-20,Ningxia,0.2649709276992224,Power
2019-06-21,Ningxia,0.2677223329056118,Power
2019-06-22,Ningxia,0.25991732629973174,Power
2019-06-23,Ningxia,0.24036217652219632,Power
2019-06-24,Ningxia,0.2452202888140524,Power
2019-06-25,Ningxia,0.24145400398504924,Power
2019-06-26,Ningxia,0.24734779261309722,Power
2019-06-27,Ningxia,0.25702866278372655,Power
2019-06-28,Ningxia,0.25882341916552093,Power
2019-06-29,Ningxia,0.2563652476205835,Power
2019-06-30,Ningxia,0.24631419594826312,Power
2019-06-01,Anhui,0.5333512154847307,Power
2019-06-02,Anhui,0.5116056246266986,Power
2019-06-03,Anhui,0.5758175025496992,Power
2019-06-04,Anhui,0.5946369449111245,Power
2019-06-05,Anhui,0.5958895939291304,Power
2019-06-06,Anhui,0.5761888411914006,Power
2019-06-07,Anhui,0.5196909046520097,Power
2019-06-08,Anhui,0.5278702571332186,Power
2019-06-09,Anhui,0.5933793447112292,Power
2019-06-10,Anhui,0.6276266698398741,Power
2019-06-11,Anhui,0.6129414643560573,Power
2019-06-12,Anhui,0.6114115491522478,Power
2019-06-13,Anhui,0.5957064001992245,Power
2019-06-14,Anhui,0.5952855497386296,Power
2019-06-15,Anhui,0.5963550050267297,Power
2019-06-16,Anhui,0.5688957502683857,Power
2019-06-17,Anhui,0.5917107964145178,Power
2019-06-18,Anhui,0.6191205393539682,Power
2019-06-19,Anhui,0.6355683655903941,Power
2019-06-20,Anhui,0.6308300845222846,Power
2019-06-21,Anhui,0.6373804981618968,Power
2019-06-22,Anhui,0.6187987125311603,Power
2019-06-23,Anhui,0.5722427492255875,Power
2019-06-24,Anhui,0.5838087101191127,Power
2019-06-25,Anhui,0.574842119717497,Power
2019-06-26,Anhui,0.5888737691919194,Power
2019-06-27,Anhui,0.6119215208868509,Power
2019-06-28,Anhui,0.6161943908573613,Power
2019-06-29,Anhui,0.6103420938641477,Power
2019-06-30,Anhui,0.5864130317929116,Power
2019-06-01,Shandong,1.2325725002536425,Power
2019-06-02,Shandong,1.1823185277957045,Power
2019-06-03,Shandong,1.330711917779083,Power
2019-06-04,Shandong,1.3742035729049076,Power
2019-06-05,Shandong,1.37709843971544,Power
2019-06-06,Shandong,1.3315700798770669,Power
2019-06-07,Shandong,1.201003577209141,Power
2019-06-08,Shandong,1.2199060276873999,Power
2019-06-09,Shandong,1.371297263933069,Power
2019-06-10,Shandong,1.4504426936897985,Power
2019-06-11,Shandong,1.4165052432548615,Power
2019-06-12,Shandong,1.412969615411168,Power
2019-06-13,Shandong,1.3766750797471012,Power
2019-06-14,Shandong,1.3757024960360529,Power
2019-06-15,Shandong,1.3781740028782468,Power
2019-06-16,Shandong,1.3147157762726627,Power
2019-06-17,Shandong,1.3674412555727946,Power
2019-06-18,Shandong,1.4307850605653138,Power
2019-06-19,Shandong,1.4687959204253478,Power
2019-06-20,Shandong,1.4578457720550733,Power
2019-06-21,Shandong,1.4729837514635093,Power
2019-06-22,Shandong,1.4300413200803943,Power
2019-06-23,Shandong,1.3224506773158247,Power
2019-06-24,Shandong,1.3491795661276968,Power
2019-06-25,Shandong,1.3284578120017119,Power
2019-06-26,Shandong,1.3608848971441974,Power
2019-06-27,Shandong,1.4141481580257322,Power
2019-06-28,Shandong,1.4240227432332004,Power
2019-06-29,Shandong,1.4104981085689738,Power
2019-06-30,Shandong,1.3551981429748905,Power
2019-06-01,Shanxi,0.5990254299132474,Power
2019-06-02,Shanxi,0.5746021952148664,Power
2019-06-03,Shanxi,0.6467208042320116,Power
2019-06-04,Shanxi,0.6678575790700229,Power
2019-06-05,Shanxi,0.6692644730542419,Power
2019-06-06,Shanxi,0.6471378676660686,Power
2019-06-07,Shanxi,0.5836830563857354,Power
2019-06-08,Shanxi,0.5928695736265652,Power
2019-06-09,Shanxi,0.6664451242400163,Power
2019-06-10,Shanxi,0.7049094945516512,Power
2019-06-11,Shanxi,0.6884160259461417,Power
2019-06-12,Shanxi,0.6866977245978267,Power
2019-06-13,Shanxi,0.6690587217601072,Power
2019-06-14,Shanxi,0.6685860498681758,Power
2019-06-15,Shanxi,0.6697871925582602,Power
2019-06-16,Shanxi,0.6389467418211882,Power
2019-06-17,Shanxi,0.6645711192096534,Power
2019-06-18,Shanxi,0.695355961488851,Power
2019-06-19,Shanxi,0.7138290911946846,Power
2019-06-20,Shanxi,0.7085073617761167,Power
2019-06-21,Shanxi,0.7158643607528831,Power
2019-06-22,Shanxi,0.6949945065126683,Power
2019-06-23,Shanxi,0.6427058735734892,Power
2019-06-24,Shanxi,0.6556960093329194,Power
2019-06-25,Shanxi,0.6456253176118885,Power
2019-06-26,Shanxi,0.6613847545734575,Power
2019-06-27,Shanxi,0.6872704917139317,Power
2019-06-28,Shanxi,0.6920695016284815,Power
2019-06-29,Shanxi,0.6854965819077423,Power
2019-06-30,Shanxi,0.6586210142171061,Power
2019-06-01,Guangdong,0.5742978673083141,Power
2019-06-02,Guangdong,0.550882815292773,Power
2019-06-03,Guangdong,0.620024393068172,Power
2019-06-04,Guangdong,0.6402886491499279,Power
2019-06-05,Guangdong,0.6416374670369797,Power
2019-06-06,Guangdong,0.620424240267891,Power
2019-06-07,Guangdong,0.5595888216546535,Power
2019-06-08,Guangdong,0.5683961226404626,Power
2019-06-09,Guangdong,0.6389344999668798,Power
2019-06-10,Guangdong,0.6758110743729584,Power
2019-06-11,Guangdong,0.6599984504480735,Power
2019-06-12,Guangdong,0.6583510799852315,Power
2019-06-13,Guangdong,0.6414402090851185,Power
2019-06-14,Guangdong,0.6409870489254369,Power
2019-06-15,Guangdong,0.6421386088606276,Power
2019-06-16,Guangdong,0.612571241265411,Power
2019-06-17,Guangdong,0.6371378532161427,Power
2019-06-18,Guangdong,0.6666519078513966,Power
2019-06-19,Guangdong,0.6843624731509474,Power
2019-06-20,Guangdong,0.6792604228825339,Power
2019-06-21,Guangdong,0.686313727485576,Power
2019-06-22,Guangdong,0.6663053736116402,Power
2019-06-23,Guangdong,0.6161751973588778,Power
2019-06-24,Guangdong,0.6286291048061237,Power
2019-06-25,Guangdong,0.6189741277569103,Power
2019-06-26,Guangdong,0.63408302061029,Power
2019-06-27,Guangdong,0.6589002034728454,Power
2019-06-28,Guangdong,0.6635011119176113,Power
2019-06-29,Guangdong,0.6571995200500408,Power
2019-06-30,Guangdong,0.6314333665001524,Power
2019-06-01,Guangxi,0.15718094890455864,Power
2019-06-02,Guangxi,0.15077242764066806,Power
2019-06-03,Guangxi,0.16969595047113187,Power
2019-06-04,Guangxi,0.17524212290374755,Power
2019-06-05,Guangxi,0.17561128407855725,Power
2019-06-06,Guangxi,0.1698053856020043,Power
2019-06-07,Guangxi,0.15315519522353085,Power
2019-06-08,Guangxi,0.15556568637288132,Power
2019-06-09,Guangxi,0.17487150259385953,Power
2019-06-10,Guangxi,0.18496433993045588,Power
2019-06-11,Guangxi,0.18063654528822012,Power
2019-06-12,Guangxi,0.18018567254902565,Power
2019-06-13,Guangxi,0.1755572960806602,Power
2019-06-14,Guangxi,0.17543326959900477,Power
2019-06-15,Guangxi,0.17574844277591745,Power
2019-06-16,Guangxi,0.16765607963166942,Power
2019-06-17,Guangxi,0.17437977407247268,Power
2019-06-18,Guangxi,0.18245754586593765,Power
2019-06-19,Guangxi,0.187304792596048,Power
2019-06-20,Guangxi,0.18590840032611555,Power
2019-06-21,Guangxi,0.18783883603470553,Power
2019-06-22,Guangxi,0.1823627020858482,Power
2019-06-23,Guangxi,0.16864245494459978,Power
2019-06-24,Guangxi,0.17205099448750696,Power
2019-06-25,Guangxi,0.1694085008607069,Power
2019-06-26,Guangxi,0.17354368967260717,Power
2019-06-27,Guangxi,0.18033596346209047,Power
2019-06-28,Guangxi,0.18159519703466276,Power
2019-06-29,Guangxi,0.17987049937211297,Power
2019-06-30,Guangxi,0.17281849953869238,Power
2019-06-01,Xinjiang,0.44235932493970587,Power
2019-06-02,Xinjiang,0.42432362048624983,Power
2019-06-03,Xinjiang,0.47758069039901646,Power
2019-06-04,Xinjiang,0.49318945921221913,Power
2019-06-05,Xinjiang,0.49422840120373196,Power
2019-06-06,Xinjiang,0.4778886771553938,Power
2019-06-07,Xinjiang,0.4310295187951054,Power
2019-06-08,Xinjiang,0.43781344041557657,Power
2019-06-09,Xinjiang,0.4921464107306213,Power
2019-06-10,Xinjiang,0.5205510026487805,Power
2019-06-11,Xinjiang,0.5083711530565787,Power
2019-06-12,Xinjiang,0.5071022476203042,Power
2019-06-13,Xinjiang,0.49407646107058584,Power
2019-06-14,Xinjiang,0.4937274094133582,Power
2019-06-15,Xinjiang,0.494614411271725,Power
2019-06-16,Xinjiang,0.4718398172601431,Power
2019-06-17,Xinjiang,0.49076252357196587,Power
2019-06-18,Xinjiang,0.5134960526826973,Power
2019-06-19,Xinjiang,0.5271378127451701,Power
2019-06-20,Xinjiang,0.5232079017337955,Power
2019-06-21,Xinjiang,0.5286407881162916,Power
2019-06-22,Xinjiang,0.5132291308271703,Power
2019-06-23,Xinjiang,0.47461580455762414,Power
2019-06-24,Xinjiang,0.48420856539625645,Power
2019-06-25,Xinjiang,0.47677171185226536,Power
2019-06-26,Xinjiang,0.48840950475324313,Power
2019-06-27,Xinjiang,0.5075252160990623,Power
2019-06-28,Xinjiang,0.511069117042444,Power
2019-06-29,Xinjiang,0.5062152457619373,Power
2019-06-30,Xinjiang,0.4863685791809827,Power
2019-06-01,Jiangsu,0.7756981893991206,Power
2019-06-02,Jiangsu,0.7440717208240761,Power
2019-06-03,Jiangsu,0.8374605347925987,Power
2019-06-04,Jiangsu,0.8648312558886242,Power
2019-06-05,Jiangsu,0.866653090257815,Power
2019-06-06,Jiangsu,0.8380006042696316,Power
2019-06-07,Jiangsu,0.7558308335706717,Power
2019-06-08,Jiangsu,0.7677267639181156,Power
2019-06-09,Jiangsu,0.863002220593073,Power
2019-06-10,Jiangsu,0.9128110282282238,Power
2019-06-11,Jiangsu,0.8914530806431642,Power
2019-06-12,Jiangsu,0.8892279943977889,Power
2019-06-13,Jiangsu,0.8663866559824789,Power
2019-06-14,Jiangsu,0.8657745772418416,Power
2019-06-15,Jiangsu,0.8673299773356965,Power
2019-06-16,Jiangsu,0.8273936397407062,Power
2019-06-17,Jiangsu,0.8605755084096054,Power
2019-06-18,Jiangsu,0.900439836740991,Power
2019-06-19,Jiangsu,0.9243613141103666,Power
2019-06-20,Jiangsu,0.9174700275834273,Power
2019-06-21,Jiangsu,0.9269968531582871,Power
2019-06-22,Jiangsu,0.8999717765275626,Power
2019-06-23,Jiangsu,0.8322614659603625,Power
2019-06-24,Jiangsu,0.849082829938346,Power
2019-06-25,Jiangsu,0.8360419522995924,Power
2019-06-26,Jiangsu,0.8564493776050742,Power
2019-06-27,Jiangsu,0.8899696898129139,Power
2019-06-28,Jiangsu,0.896184089261972,Power
2019-06-29,Jiangsu,0.8876725943039341,Power
2019-06-30,Jiangsu,0.8528705172039365,Power
2019-06-01,Jiangxi,0.1660507162775202,Power
2019-06-02,Jiangxi,0.15928056026583393,Power
2019-06-03,Jiangxi,0.17927194307903047,Power
2019-06-04,Jiangxi,0.18513108766018244,Power
2019-06-05,Jiangxi,0.1855210807091252,Power
2019-06-06,Jiangxi,0.17938755366666173,Power
2019-06-07,Jiangxi,0.16179778812719178,Power
2019-06-08,Jiangxi,0.16434430400408287,Power
2019-06-09,Jiangxi,0.18473955313673796,Power
2019-06-10,Jiangxi,0.1954019322653431,Power
2019-06-11,Jiangxi,0.19082991889315243,Power
2019-06-12,Jiangxi,0.19035360327211168,Power
2019-06-13,Jiangxi,0.18546404615256046,Power
2019-06-14,Jiangxi,0.1853330208199117,Power
2019-06-15,Jiangxi,0.18566597931228976,Power
2019-06-16,Jiangxi,0.1771169617255839,Power
2019-06-17,Jiangxi,0.18422007622964817,Power
2019-06-18,Jiangxi,0.1927536790713365,Power
2019-06-19,Jiangxi,0.19787445736615022,Power
2019-06-20,Jiangxi,0.1963992662679754,Power
2019-06-21,Jiangxi,0.19843863703379075,Power
2019-06-22,Jiangxi,0.19265348322872275,Power
2019-06-23,Jiangxi,0.17815899848876696,Power
2019-06-24,Jiangxi,0.18175988292485507,Power
2019-06-25,Jiangxi,0.1789682726021857,Power
2019-06-26,Jiangxi,0.18333681134014537,Power
2019-06-27,Jiangxi,0.19051237514579192,Power
2019-06-28,Jiangxi,0.1918426676408022,Power
2019-06-29,Jiangxi,0.19002064477973363,Power
2019-06-30,Jiangxi,0.1825706985127756,Power
2019-06-01,Hebei,0.7419533310433322,Power
2019-06-02,Hebei,0.7117026948692701,Power
2019-06-03,Hebei,0.801028856194728,Power
2019-06-04,Hebei,0.8272088808071163,Power
2019-06-05,Hebei,0.8289514607142286,Power
2019-06-06,Hebei,0.8015454312660063,Power
2019-06-07,Hebei,0.7229502560879048,Power
2019-06-08,Hebei,0.7343286829912632,Power
2019-06-09,Hebei,0.8254594132323869,Power
2019-06-10,Hebei,0.8731014101394878,Power
2019-06-11,Hebei,0.8526725879873321,Power
2019-06-12,Hebei,0.8505442986936653,Power
2019-06-13,Hebei,0.828696617012398,Power
2019-06-14,Hebei,0.8281111652649492,Power
2019-06-15,Hebei,0.8295989014702312,Power
2019-06-16,Hebei,0.7913998968660989,Power
2019-06-17,Hebei,0.8231382692454428,Power
2019-06-18,Hebei,0.8612683971734044,Power
2019-06-19,Hebei,0.8841492289972281,Power
2019-06-20,Hebei,0.8775577310877161,Power
2019-06-21,Hebei,0.8866701153450668,Power
2019-06-22,Hebei,0.8608206987782965,Power
2019-06-23,Hebei,0.7960559601752215,Power
2019-06-24,Hebei,0.8121455517286388,Power
2019-06-25,Hebei,0.7996719856741701,Power
2019-06-26,Hebei,0.8191916357008758,Power
2019-06-27,Hebei,0.8512537284582208,Power
2019-06-28,Hebei,0.8571977856117307,Power
2019-06-29,Hebei,0.8490565624883833,Power
2019-06-30,Hebei,0.8157684648952045,Power
2019-06-01,Henan,0.5608095584723102,Power
2019-06-02,Henan,0.5379444466027721,Power
2019-06-03,Henan,0.6054621232503221,Power
2019-06-04,Henan,0.6252504406947926,Power
2019-06-05,Henan,0.6265675794249823,Power
2019-06-06,Henan,0.6058525793956353,Power
2019-06-07,Henan,0.5464459784067237,Power
2019-06-08,Henan,0.5550464257674881,Power
2019-06-09,Henan,0.6239280958826654,Power
2019-06-10,Henan,0.6599385646444129,Power
2019-06-11,Henan,0.6444973256177623,Power
2019-06-12,Henan,0.6428886462990722,Power
2019-06-13,Henan,0.6263749543932945,Power
2019-06-14,Henan,0.6259324374286063,Power
2019-06-15,Henan,0.6270569511271082,Power
2019-06-16,Henan,0.598184020701685,Power
2019-06-17,Henan,0.622173646269725,Power
2019-06-18,Henan,0.6509945158757731,Power
2019-06-19,Henan,0.6682891200721769,Power
2019-06-20,Henan,0.6633068996579811,Power
2019-06-21,Henan,0.6701945460613051,Power
2019-06-22,Henan,0.650656120549835,Power
2019-06-23,Henan,0.601703332091441,Power
2019-06-24,Henan,0.6138647394974612,Power
2019-06-25,Henan,0.604436525108633,Power
2019-06-26,Henan,0.6191905613195325,Power
2019-06-27,Henan,0.6434248727386355,Power
2019-06-28,Henan,0.6479177214507054,Power
2019-06-29,Henan,0.6417641326005701,Power
2019-06-30,Henan,0.6166031385965907,Power
2019-06-01,Zhejiang,0.3887192110508115,Power
2019-06-02,Zhejiang,0.3728705007136922,Power
2019-06-03,Zhejiang,0.419669663819817,Power
2019-06-04,Zhejiang,0.43338572665938674,Power
2019-06-05,Zhejiang,0.43429868743244937,Power
2019-06-06,Zhejiang,0.4199403043651913,Power
2019-06-07,Zhejiang,0.3787632475216421,Power
2019-06-08,Zhejiang,0.3847245566010868,Power
2019-06-09,Zhejiang,0.4324691573457191,Power
2019-06-10,Zhejiang,0.45742943271044,Power
2019-06-11,Zhejiang,0.4467265012760375,Power
2019-06-12,Zhejiang,0.4456114622290954,Power
2019-06-13,Zhejiang,0.4341651714300648,Power
2019-06-14,Zhejiang,0.4338584454786405,Power
2019-06-15,Zhejiang,0.43463789024931865,Power
2019-06-16,Zhejiang,0.41462492405403994,Power
2019-06-17,Zhejiang,0.43125307916183725,Power
2019-06-18,Zhejiang,0.4512299599510659,Power
2019-06-19,Zhejiang,0.46321753184084513,Power
2019-06-20,Zhejiang,0.459764158481869,Power
2019-06-21,Zhejiang,0.46453825770227175,Power
2019-06-22,Zhejiang,0.45099540481174155,Power
2019-06-23,Zhejiang,0.41706429750301377,Power
2019-06-24,Zhejiang,0.4254938483562721,Power
2019-06-25,Zhejiang,0.41895878132063386,Power
2019-06-26,Zhejiang,0.42918538539517753,Power
2019-06-27,Zhejiang,0.4459831419114094,Power
2019-06-28,Zhejiang,0.44909731245351636,Power
2019-06-29,Zhejiang,0.44483201745841733,Power
2019-06-30,Zhejiang,0.42739194071449715,Power
2019-06-01,Hainan,0.045227985565725784,Power
2019-06-02,Hainan,0.04338396751365966,Power
2019-06-03,Hainan,0.04882911098297788,Power
2019-06-04,Hainan,0.05042499272612527,Power
2019-06-05,Hainan,0.050531216898978805,Power
2019-06-06,Hainan,0.048860600362282285,Power
2019-06-07,Hainan,0.0440695962657143,Power
2019-06-08,Hainan,0.044763202327192726,Power
2019-06-09,Hainan,0.05031834869488101,Power
2019-06-10,Hainan,0.053222509183528874,Power
2019-06-11,Hainan,0.051977209196637224,Power
2019-06-12,Hainan,0.05184747295390307,Power
2019-06-13,Hainan,0.05051568213852197,Power
2019-06-14,Hainan,0.0504799941753103,Power
2019-06-15,Hainan,0.05057068358770701,Power
2019-06-16,Hainan,0.048242148952743716,Power
2019-06-17,Hainan,0.050176856417206546,Power
2019-06-18,Hainan,0.05250119246826257,Power
2019-06-19,Hainan,0.05389596204225248,Power
2019-06-20,Hainan,0.05349415756232824,Power
2019-06-21,Hainan,0.054049630213257996,Power
2019-06-22,Hainan,0.05247390167286542,Power
2019-06-23,Hainan,0.04852597322487412,Power
2019-06-24,Hainan,0.04950676242560874,Power
2019-06-25,Hainan,0.04874639888000497,Power
2019-06-26,Hainan,0.04993627755932086,Power
2019-06-27,Hainan,0.051890718368147785,Power
2019-06-28,Hainan,0.052253056159343836,Power
2019-06-29,Hainan,0.05175678354150636,Power
2019-06-30,Hainan,0.049727607939130315,Power
2019-06-01,Hubei,0.2268053109207621,Power
2019-06-02,Hubei,0.21755809191662195,Power
2019-06-03,Hubei,0.24486391688581452,Power
2019-06-04,Hubei,0.2528668038245069,Power
2019-06-05,Hubei,0.25339948743289653,Power
2019-06-06,Hubei,0.24502182704640435,Power
2019-06-07,Hubei,0.22099632247986442,Power
2019-06-08,Hubei,0.2244745569504563,Power
2019-06-09,Hubei,0.2523320147473093,Power
2019-06-10,Hubei,0.2668955424913069,Power
2019-06-11,Hubei,0.2606507220071813,Power
2019-06-12,Hubei,0.2600001321455513,Power
2019-06-13,Hubei,0.2533215850870056,Power
2019-06-14,Hubei,0.25314262023833706,Power
2019-06-15,Hubei,0.2535974015008358,Power
2019-06-16,Hubei,0.24192047149242019,Power
2019-06-17,Hubei,0.25162247175905905,Power
2019-06-18,Hubei,0.263278347079396,Power
2019-06-19,Hubei,0.2702727144591213,Power
2019-06-20,Hubei,0.2682577808099952,Power
2019-06-21,Hubei,0.2710433160427997,Power
2019-06-22,Hubei,0.2631414916068848,Power
2019-06-23,Hubei,0.24334376840653651,Power
2019-06-24,Hubei,0.2482621435417076,Power
2019-06-25,Hubei,0.24444913953066524,Power
2019-06-26,Hubei,0.2504160381321528,Power
2019-06-27,Hubei,0.2602169954327613,Power
2019-06-28,Hubei,0.2620340150139482,Power
2019-06-29,Hubei,0.25954535088305253,Power
2019-06-30,Hubei,0.2493696201346442,Power
2019-06-01,Hunan,0.13144778470336985,Power
2019-06-02,Hunan,0.1260884461242755,Power
2019-06-03,Hunan,0.14191387008426515,Power
2019-06-04,Hunan,0.14655204083543488,Power
2019-06-05,Hunan,0.14686076411879345,Power
2019-06-06,Hunan,0.14200538884415403,Power
2019-06-07,Hunan,0.12808111458958996,Power
2019-06-08,Hunan,0.1300969678074096,Power
2019-06-09,Hunan,0.14624209730194446,Power
2019-06-10,Hunan,0.1546825674639653,Power
2019-06-11,Hunan,0.15106330557289205,Power
2019-06-12,Hunan,0.15068624828214977,Power
2019-06-13,Hunan,0.14681561486391495,Power
2019-06-14,Hunan,0.1467118936027075,Power
2019-06-15,Hunan,0.1469754676311876,Power
2019-06-16,Hunan,0.14020796039993594,Power
2019-06-17,Hunan,0.14583087300751033,Power
2019-06-18,Hunan,0.15258617773744343,Power
2019-06-19,Hunan,0.15663984867545605,Power
2019-06-20,Hunan,0.1554720692992736,Power
2019-06-21,Hunan,0.15708646022371392,Power
2019-06-22,Hunan,0.15250686147887305,Power
2019-06-23,Hunan,0.14103284948906797,Power
2019-06-24,Hunan,0.1438833537970744,Power
2019-06-25,Hunan,0.1416734808082903,Power
2019-06-26,Hunan,0.14513166968195906,Power
2019-06-27,Hunan,0.1508119340457305,Power
2019-06-28,Hunan,0.15186500990951884,Power
2019-06-29,Hunan,0.15042267425366967,Power
2019-06-30,Hunan,0.1445252053664286,Power
2019-06-01,Gansu,0.11299469433375639,Power
2019-06-02,Gansu,0.10838771806601297,Power
2019-06-03,Gansu,0.12199151479105043,Power
2019-06-04,Gansu,0.1259785632413448,Power
2019-06-05,Gansu,0.12624394689246934,Power
2019-06-06,Gansu,0.12207018583387393,Power
2019-06-07,Gansu,0.1101006489050897,Power
2019-06-08,Gansu,0.11183350974168171,Power
2019-06-09,Gansu,0.1257121306429826,Power
2019-06-10,Gansu,0.13296769868578343,Power
2019-06-11,Gansu,0.1298565211789239,Power
2019-06-12,Gansu,0.12953239648249115,Power
2019-06-13,Gansu,0.12620513584467644,Power
2019-06-14,Gansu,0.12611597532947647,Power
2019-06-15,Gansu,0.12634254793280814,Power
2019-06-16,Gansu,0.12052508655282063,Power
2019-06-17,Gansu,0.12535863542389572,Power
2019-06-18,Gansu,0.13116560733150673,Power
2019-06-19,Gansu,0.1346502100549684,Power
2019-06-20,Gansu,0.1336463675485407,Power
2019-06-21,Gansu,0.13503412474394702,Power
2019-06-22,Gansu,0.1310974257610597,Power
2019-06-23,Gansu,0.12123417488546968,Power
2019-06-24,Gansu,0.12368451563261189,Power
2019-06-25,Gansu,0.12178487218523408,Power
2019-06-26,Gansu,0.12475758865672426,Power
2019-06-27,Gansu,0.12964043804796874,Power
2019-06-28,Gansu,0.13054567951405763,Power
2019-06-29,Gansu,0.12930582387915948,Power
2019-06-30,Gansu,0.12423626187961394,Power
2019-06-01,Fujian,0.18417864205912282,Power
2019-06-02,Fujian,0.17666938122174822,Power
2019-06-03,Fujian,0.198843243653422,Power
2019-06-04,Fujian,0.20534203701472914,Power
2019-06-05,Fujian,0.20577460600194583,Power
2019-06-06,Fujian,0.19897147556662856,Power
2019-06-07,Fujian,0.17946141741196517,Power
2019-06-08,Fujian,0.1822859390201944,Power
2019-06-09,Fujian,0.2049077582686697,Power
2019-06-10,Fujian,0.21673416018399758,Power
2019-06-11,Fujian,0.21166301545638988,Power
2019-06-12,Fujian,0.211134699973979,Power
2019-06-13,Fujian,0.20571134492476395,Power
2019-06-14,Fujian,0.20556601542312986,Power
2019-06-15,Fujian,0.20593532333316472,Power
2019-06-16,Fujian,0.19645300079125222,Power
2019-06-17,Fujian,0.20433156953866166,Power
2019-06-18,Fujian,0.21379679449214659,Power
2019-06-19,Fujian,0.21947661336777463,Power
2019-06-20,Fujian,0.21784037415525928,Power
2019-06-21,Fujian,0.22010238510422253,Power
2019-06-22,Fujian,0.2136856601673676,Power
2019-06-23,Fujian,0.19760879776895382,Power
2019-06-24,Fujian,0.20160279442562662,Power
2019-06-25,Fujian,0.19850642116139952,Power
2019-06-26,Fujian,0.20335187772176375,Power
2019-06-27,Fujian,0.2113108051347826,Power
2019-06-28,Fujian,0.21278632701607908,Power
2019-06-29,Fujian,0.21076539206394412,Power
2019-06-30,Fujian,0.2025021275769151,Power
2019-06-01,Tibet,0.0009393643653645616,Power
2019-06-02,Tibet,0.0009010649623393565,Power
2019-06-03,Tibet,0.0010141580766002594,Power
2019-06-04,Tibet,0.0010473038031254883,Power
2019-06-05,Tibet,0.001049510030121248,Power
2019-06-06,Tibet,0.0010148120964606625,Power
2019-06-07,Tibet,0.0009153051547665331,Power
2019-06-08,Tibet,0.0009297110322250119,Power
2019-06-09,Tibet,0.0010450888558649232,Power
2019-06-10,Tibet,0.001105406927523699,Power
2019-06-11,Tibet,0.0010795426221109582,Power
2019-06-12,Tibet,0.0010768480602860976,Power
2019-06-13,Tibet,0.0010491873803234492,Power
2019-06-14,Tibet,0.0010484461578149922,Power
2019-06-15,Tibet,0.0010503297350129535,Power
2019-06-16,Tibet,0.0010019671464023456,Power
2019-06-17,Tibet,0.0010421501266255119,Power
2019-06-18,Tibet,0.0010904255125880656,Power
2019-06-19,Tibet,0.00111939423227152,Power
2019-06-20,Tibet,0.0011110489388527765,Power
2019-06-21,Tibet,0.001122585849190287,Power
2019-06-22,Tibet,0.0010898586953757162,Power
2019-06-23,Tibet,0.001007862045410779,Power
2019-06-24,Tibet,0.001028232583996134,Power
2019-06-25,Tibet,0.0010124401844336006,Power
2019-06-26,Tibet,0.0010371534148920323,Power
2019-06-27,Tibet,0.001077746247561051,Power
2019-06-28,Tibet,0.001085271836088089,Power
2019-06-29,Tibet,0.0010749644830881364,Power
2019-06-30,Tibet,0.001032819443283761,Power
2019-06-01,Guizhou,0.15578996705584577,Power
2019-06-02,Guizhou,0.14943815836951174,Power
2019-06-03,Guizhou,0.16819421639616614,Power
2019-06-04,Guizhou,0.17369130765681176,Power
2019-06-05,Guizhou,0.17405720191857008,Power
2019-06-06,Guizhou,0.16830268307455298,Power
2019-06-07,Guizhou,0.15179983951358814,Power
2019-06-08,Guizhou,0.15418899888285584,Power
2019-06-09,Guizhou,0.17332396717267498,Power
2019-06-10,Guizhou,0.18332748736469967,Power
2019-06-11,Guizhou,0.1790379917900943,Power
2019-06-12,Guizhou,0.1785911090751405,Power
2019-06-13,Guizhou,0.1740036916905659,Power
2019-06-14,Guizhou,0.17388076278839412,Power
2019-06-15,Guizhou,0.17419314682214831,Power
2019-06-16,Guizhou,0.1661723975110352,Power
2019-06-17,Guizhou,0.17283659023112338,Power
2019-06-18,Guizhou,0.18084287731845153,Power
2019-06-19,Guizhou,0.1856472280597998,Power
2019-06-20,Guizhou,0.1842631932435836,Power
2019-06-21,Guizhou,0.18617654545032766,Power
2019-06-22,Guizhou,0.1807488728638496,Power
2019-06-23,Guizhou,0.1671500438388954,Power
2019-06-24,Guizhou,0.1705284193150512,Power
2019-06-25,Guizhou,0.16790931058760333,Power
2019-06-26,Guizhou,0.17200790480824785,Power
2019-06-27,Guizhou,0.1787400699801251,Power
2019-06-28,Guizhou,0.17998815989276312,Power
2019-06-29,Guizhou,0.17827872504138634,Power
2019-06-30,Guizhou,0.17128913228613762,Power
2019-06-01,Liaoning,0.3288437651084876,Power
2019-06-02,Liaoning,0.31543627345073455,Power
2019-06-03,Liaoning,0.35502683795651774,Power
2019-06-04,Liaoning,0.36663017943901305,Power
2019-06-05,Liaoning,0.3674025144548171,Power
2019-06-06,Liaoning,0.3552557910244438,Power
2019-06-07,Liaoning,0.3204213449163791,Power
2019-06-08,Liaoning,0.32546441782589824,Power
2019-06-09,Liaoning,0.3658547917156366,Power
2019-06-10,Liaoning,0.38697036999356876,Power
2019-06-11,Liaoning,0.37791603933398416,Power
2019-06-12,Liaoning,0.37697275269412867,Power
2019-06-13,Liaoning,0.36728956427464027,Power
2019-06-14,Liaoning,0.36703008413099064,Power
2019-06-15,Liaoning,0.3676894689666179,Power
2019-06-16,Liaoning,0.350759152770375,Power
2019-06-17,Liaoning,0.3648260292637553,Power
2019-06-18,Liaoning,0.38172581838427466,Power
2019-06-19,Liaoning,0.39186691293961523,Power
2019-06-20,Liaoning,0.38894547179287803,Power
2019-06-21,Liaoning,0.3929842039110947,Power
2019-06-22,Liaoning,0.38152739239207206,Power
2019-06-23,Liaoning,0.3528227830892824,Power
2019-06-24,Liaoning,0.35995390797828763,Power
2019-06-25,Liaoning,0.35442545456476515,Power
2019-06-26,Liaoning,0.36307682782479983,Power
2019-06-27,Liaoning,0.3772871815740805,Power
2019-06-28,Liaoning,0.37992166820901685,Power
2019-06-29,Liaoning,0.37631336785850134,Power
2019-06-30,Liaoning,0.36155963216134274,Power
2019-06-01,Chongqing,0.05727714002145967,Power
2019-06-02,Chongqing,0.05494185847289716,Power
2019-06-03,Chongqing,0.06183763861936966,Power
2019-06-04,Chongqing,0.06385867804698489,Power
2019-06-05,Chongqing,0.06399320132380326,Power
2019-06-06,Chongqing,0.06187751706111424,Power
2019-06-07,Chongqing,0.05581014507781578,Power
2019-06-08,Chongqing,0.05668853422130969,Power
2019-06-09,Chongqing,0.06372362305760992,Power
2019-06-10,Chongqing,0.06740147881157324,Power
2019-06-11,Chongqing,0.0658244193687143,Power
2019-06-12,Chongqing,0.06566012018872666,Power
2019-06-13,Chongqing,0.06397352795920927,Power
2019-06-14,Chongqing,0.06392833239189875,Power
2019-06-15,Chongqing,0.06404318230412315,Power
2019-06-16,Chongqing,0.061094304465250715,Power
2019-06-17,Chongqing,0.06354443592603762,Power
2019-06-18,Chongqing,0.0664879966393441,Power
2019-06-19,Chongqing,0.06825434575235062,Power
2019-06-20,Chongqing,0.0677454968356898,Power
2019-06-21,Chongqing,0.06844895254806417,Power
2019-06-22,Chongqing,0.06645343532316546,Power
2019-06-23,Chongqing,0.061453742153508524,Power
2019-06-24,Chongqing,0.06269582268571298,Power
2019-06-25,Chongqing,0.06173289124572057,Power
2019-06-26,Chongqing,0.06323976463110903,Power
2019-06-27,Chongqing,0.06571488658205586,Power
2019-06-28,Chongqing,0.06617375451839681,Power
2019-06-29,Chongqing,0.06554527027650225,Power
2019-06-30,Chongqing,0.06297550349048163,Power
2019-06-01,Shaanxi,0.3391346221623853,Power
2019-06-02,Shaanxi,0.32530755563431124,Power
2019-06-03,Shaanxi,0.36613706970593984,Power
2019-06-04,Shaanxi,0.37810352687197113,Power
2019-06-05,Shaanxi,0.37890003138736333,Power
2019-06-06,Shaanxi,0.36637318764528537,Power
2019-06-07,Shaanxi,0.3304486302336612,Power
2019-06-08,Shaanxi,0.3356495213776453,Power
2019-06-09,Shaanxi,0.37730387411738764,Power
2019-06-10,Shaanxi,0.3990802446034278,Power
2019-06-11,Shaanxi,0.38974256716211003,Power
2019-06-12,Shaanxi,0.3887697612520065,Power
2019-06-13,Shaanxi,0.3787835465372863,Power
2019-06-14,Shaanxi,0.37851594620602796,Power
2019-06-15,Shaanxi,0.3791959658713432,Power
2019-06-16,Shaanxi,0.3617358313165392,Power
2019-06-17,Shaanxi,0.37624291750992844,Power
2019-06-18,Shaanxi,0.3936715696728196,Power
2019-06-19,Shaanxi,0.4041300202662308,Power
2019-06-20,Shaanxi,0.4011171553601819,Power
2019-06-21,Shaanxi,0.405282275810237,Power
2019-06-22,Shaanxi,0.3934669341253868,Power
2019-06-23,Shaanxi,0.36386404100984027,Power
2019-06-24,Shaanxi,0.3712183277606556,Power
2019-06-25,Shaanxi,0.36551686658525895,Power
2019-06-26,Shaanxi,0.3744389764533286,Power
2019-06-27,Shaanxi,0.38909402988870767,Power
2019-06-28,Shaanxi,0.3918109603107768,Power
2019-06-29,Shaanxi,0.3880897415866913,Power
2019-06-30,Shaanxi,0.3728743015752655,Power
2019-06-01,Qinghai,0.01702597912223268,Power
2019-06-02,Qinghai,0.016331802442400834,Power
2019-06-03,Qinghai,0.0183816151383797,Power
2019-06-04,Qinghai,0.018982381431649473,Power
2019-06-05,Qinghai,0.019022369295947618,Power
2019-06-06,Qinghai,0.018393469248349507,Power
2019-06-07,Qinghai,0.016589905930143412,Power
2019-06-08,Qinghai,0.01685101245907834,Power
2019-06-09,Qinghai,0.018942235512551732,Power
2019-06-10,Qinghai,0.020035500561367044,Power
2019-06-11,Qinghai,0.019566710025761117,Power
2019-06-12,Qinghai,0.019517871092685515,Power
2019-06-13,Qinghai,0.019016521268362514,Power
2019-06-14,Qinghai,0.019003086610396732,Power
2019-06-15,Qinghai,0.01903722644710978,Power
2019-06-16,Qinghai,0.018160654528542517,Power
2019-06-17,Qinghai,0.018888971045087403,Power
2019-06-18,Qinghai,0.019763962415658688,Power
2019-06-19,Qinghai,0.020289020459921297,Power
2019-06-20,Qinghai,0.020137762016706574,Power
2019-06-21,Qinghai,0.020346868516573954,Power
2019-06-22,Qinghai,0.019753688853684857,Power
2019-06-23,Qinghai,0.018267499573070372,Power
2019-06-24,Qinghai,0.01863671558492993,Power
2019-06-25,Qinghai,0.018350478342859012,Power
2019-06-26,Qinghai,0.01879840564491808,Power
2019-06-27,Qinghai,0.019534150737044047,Power
2019-06-28,Qinghai,0.019670552029096615,Power
2019-06-29,Qinghai,0.01948373125597247,Power
2019-06-30,Qinghai,0.018719852409518168,Power
2019-06-01,Heilongjiang,0.16732126679734022,Power
2019-06-02,Heilongjiang,0.1604993083879724,Power
2019-06-03,Heilongjiang,0.18064365688776543,Power
2019-06-04,Heilongjiang,0.18654763318876885,Power
2019-06-05,Heilongjiang,0.18694061030114817,Power
2019-06-06,Heilongjiang,0.18076015207918225,Power
2019-06-07,Heilongjiang,0.16303579702242088,Power
2019-06-08,Heilongjiang,0.16560179777202824,Power
2019-06-09,Heilongjiang,0.18615310280717062,Power
2019-06-10,Heilongjiang,0.19689706599423734,Power
2019-06-11,Heilongjiang,0.19229006949100766,Power
2019-06-12,Heilongjiang,0.19181010930237047,Power
2019-06-13,Heilongjiang,0.18688313934004924,Power
2019-06-14,Heilongjiang,0.18675111145644352,Power
2019-06-15,Heilongjiang,0.18708661760772394,Power
2019-06-16,Heilongjiang,0.1784721865197563,Power
2019-06-17,Heilongjiang,0.1856296510804045,Power
2019-06-18,Heilongjiang,0.1942285494761832,Power
2019-06-19,Heilongjiang,0.199388509821338,Power
2019-06-20,Heilongjiang,0.19790203117885963,Power
2019-06-21,Heilongjiang,0.19995700635545197,Power
2019-06-22,Heilongjiang,0.1941275869769553,Power
2019-06-23,Heilongjiang,0.1795221965117264,Power
2019-06-24,Heilongjiang,0.18315063340705498,Power
2019-06-25,Heilongjiang,0.180337662851644,Power
2019-06-26,Heilongjiang,0.18473962781798012,Power
2019-06-27,Heilongjiang,0.19197009603191617,Power
2019-06-28,Heilongjiang,0.1933105673678188,Power
2019-06-29,Heilongjiang,0.19147460315109002,Power
2019-06-30,Heilongjiang,0.18396765301619147,Power
2019-07-01,Shanghai,0.11166795352606433,Power
2019-07-02,Shanghai,0.11311352021238724,Power
2019-07-03,Shanghai,0.11729267285047562,Power
2019-07-04,Shanghai,0.11505568373996447,Power
2019-07-05,Shanghai,0.1109198336093695,Power
2019-07-06,Shanghai,0.10649744986536062,Power
2019-07-07,Shanghai,0.105042669879571,Power
2019-07-08,Shanghai,0.11253400367593273,Power
2019-07-09,Shanghai,0.11004549148998108,Power
2019-07-10,Shanghai,0.10798539772923026,Power
2019-07-11,Shanghai,0.11092812557888951,Power
2019-07-12,Shanghai,0.11034768771248835,Power
2019-07-13,Shanghai,0.10885973984861869,Power
2019-07-14,Shanghai,0.10746392497941588,Power
2019-07-15,Shanghai,0.11575405183953921,Power
2019-07-16,Shanghai,0.11705681238412849,Power
2019-07-17,Shanghai,0.11847750316189136,Power
2019-07-18,Shanghai,0.12340477571667456,Power
2019-07-19,Shanghai,0.1238838672889422,Power
2019-07-20,Shanghai,0.12041137471994857,Power
2019-07-21,Shanghai,0.11709919356167525,Power
2019-07-22,Shanghai,0.1244725971248634,Power
2019-07-23,Shanghai,0.12617890018609348,Power
2019-07-24,Shanghai,0.13229929502181245,Power
2019-07-25,Shanghai,0.13285485697965357,Power
2019-07-26,Shanghai,0.1340562712301093,Power
2019-07-27,Shanghai,0.13040780464130197,Power
2019-07-28,Shanghai,0.12868399631108518,Power
2019-07-29,Shanghai,0.13237484407743927,Power
2019-07-30,Shanghai,0.13293040603528036,Power
2019-07-31,Shanghai,0.13229929502181245,Power
2019-07-01,Yunnan,0.02820747514551191,Power
2019-07-02,Yunnan,0.028572627233358815,Power
2019-07-03,Yunnan,0.029628286806637046,Power
2019-07-04,Yunnan,0.02906322035074649,Power
2019-07-05,Yunnan,0.02801849904906087,Power
2019-07-06,Yunnan,0.026901398971517762,Power
2019-07-07,Yunnan,0.02653391959184264,Power
2019-07-08,Yunnan,0.028426240577364103,Power
2019-07-09,Yunnan,0.027797639054563283,Power
2019-07-10,Yunnan,0.02727725660177445,Power
2019-07-11,Yunnan,0.02802059361170626,Power
2019-07-12,Yunnan,0.027873974226528726,Power
2019-07-13,Yunnan,0.027498116596272038,Power
2019-07-14,Yunnan,0.027145531884297493,Power
2019-07-15,Yunnan,0.029239629071325175,Power
2019-07-16,Yunnan,0.02956870813583475,Power
2019-07-17,Yunnan,0.029927576535745477,Power
2019-07-18,Yunnan,0.031172212205474746,Power
2019-07-19,Yunnan,0.031293231380541915,Power
2019-07-20,Yunnan,0.03041607509048776,Power
2019-07-21,Yunnan,0.02957941367824454,Power
2019-07-22,Yunnan,0.03144194532836485,Power
2019-07-23,Yunnan,0.03187295977495023,Power
2019-07-24,Yunnan,0.033418979736433325,Power
2019-07-25,Yunnan,0.03355931543367468,Power
2019-07-26,Yunnan,0.033862794288073886,Power
2019-07-27,Yunnan,0.03294118672410082,Power
2019-07-28,Yunnan,0.03250575042304183,Power
2019-07-29,Yunnan,0.03343806352942469,Power
2019-07-30,Yunnan,0.033578399226666035,Power
2019-07-31,Yunnan,0.033418979736433325,Power
2019-07-01,InnerMongolia,1.1013382030371133,Power
2019-07-02,InnerMongolia,1.1155952729162848,Power
2019-07-03,InnerMongolia,1.1568126527581728,Power
2019-07-04,InnerMongolia,1.1347500870050635,Power
2019-07-05,InnerMongolia,1.093959783188874,Power
2019-07-06,InnerMongolia,1.0503435082239134,Power
2019-07-07,InnerMongolia,1.0359955711052313,Power
2019-07-08,InnerMongolia,1.1098797235510849,Power
2019-07-09,InnerMongolia,1.0853364821593434,Power
2019-07-10,InnerMongolia,1.0650185674048323,Power
2019-07-11,InnerMongolia,1.0940415637044334,Power
2019-07-12,InnerMongolia,1.0883169276152822,Power
2019-07-13,InnerMongolia,1.0736418684343632,Power
2019-07-14,InnerMongolia,1.0598754816485474,Power
2019-07-15,InnerMongolia,1.141637823759947,Power
2019-07-16,InnerMongolia,1.1544864514267081,Power
2019-07-17,InnerMongolia,1.168498179759202,Power
2019-07-18,InnerMongolia,1.217093979449329,Power
2019-07-19,InnerMongolia,1.2218190759038663,Power
2019-07-20,InnerMongolia,1.1875712133324212,Power
2019-07-21,InnerMongolia,1.1549044407284559,Power
2019-07-22,InnerMongolia,1.227625492508577,Power
2019-07-23,InnerMongolia,1.2444541052658908,Power
2019-07-24,InnerMongolia,1.3048172124726065,Power
2019-07-25,InnerMongolia,1.3102965070150798,Power
2019-07-26,InnerMongolia,1.3221455950472272,Power
2019-07-27,InnerMongolia,1.2861621682011346,Power
2019-07-28,InnerMongolia,1.269160907688751,Power
2019-07-29,InnerMongolia,1.3055623238365912,Power
2019-07-30,InnerMongolia,1.3110416183790643,Power
2019-07-31,InnerMongolia,1.3048172124726065,Power
2019-07-01,Beijing,0.06700258765791356,Power
2019-07-02,Beijing,0.06786995117230897,Power
2019-07-03,Beijing,0.07037751070149798,Power
2019-07-04,Beijing,0.06903528086532713,Power
2019-07-05,Beijing,0.06655370354466367,Power
2019-07-06,Beijing,0.06390020139737372,Power
2019-07-07,Beijing,0.06302730975350478,Power
2019-07-08,Beijing,0.06752223182842451,Power
2019-07-09,Beijing,0.06602908405762656,Power
2019-07-10,Beijing,0.0647929943073473,Power
2019-07-11,Beijing,0.06655867886118984,Power
2019-07-12,Beijing,0.06621040670435803,Power
2019-07-13,Beijing,0.06531761379438443,Power
2019-07-14,Beijing,0.06448010217914603,Power
2019-07-15,Beijing,0.06945431307942002,Power
2019-07-16,Beijing,0.07023599058697584,Power
2019-07-17,Beijing,0.07108842815179275,Power
2019-07-18,Beijing,0.07404487179423164,Power
2019-07-19,Beijing,0.07433233452685471,Power
2019-07-20,Beijing,0.07224878252828476,Power
2019-07-21,Beijing,0.07026141998255404,Power
2019-07-22,Beijing,0.0746855820002127,Power
2019-07-23,Beijing,0.07570939157870873,Power
2019-07-24,Beijing,0.07938172798796857,Power
2019-07-25,Beijing,0.07971507419522188,Power
2019-07-26,Beijing,0.08043594227856898,Power
2019-07-27,Beijing,0.07824680300705475,Power
2019-07-28,Beijing,0.07721248998255903,Power
2019-07-29,Beijing,0.07942705864965145,Power
2019-07-30,Beijing,0.07976040485690475,Power
2019-07-31,Beijing,0.07938172798796857,Power
2019-07-01,Jilin,0.14466240846992423,Power
2019-07-02,Jilin,0.1465350957704804,Power
2019-07-03,Jilin,0.15194905982103668,Power
2019-07-04,Jilin,0.14905110904617985,Power
2019-07-05,Jilin,0.14369324206581227,Power
2019-07-06,Jilin,0.1379641795784511,Power
2019-07-07,Jilin,0.13607955673104624,Power
2019-07-08,Jilin,0.14578434987369912,Power
2019-07-09,Jilin,0.14256055866987358,Power
2019-07-10,Jilin,0.13989177039451117,Power
2019-07-11,Jilin,0.14370398405797608,Power
2019-07-12,Jilin,0.14295204460650993,Power
2019-07-13,Jilin,0.14102445379044987,Power
2019-07-14,Jilin,0.1392162184428765,Power
2019-07-15,Jilin,0.14995582349730896,Power
2019-07-16,Jilin,0.15164350982171076,Power
2019-07-17,Jilin,0.15348397114577558,Power
2019-07-18,Jilin,0.1598671016004438,Power
2019-07-19,Jilin,0.16048775003657456,Power
2019-07-20,Jilin,0.1559892424293112,Power
2019-07-21,Jilin,0.15169841333721465,Power
2019-07-22,Jilin,0.16125043148020454,Power
2019-07-23,Jilin,0.16346089475657805,Power
2019-07-24,Jilin,0.17138967852814896,Power
2019-07-25,Jilin,0.1721093920031237,Power
2019-07-26,Jilin,0.17366578731219015,Power
2019-07-27,Jilin,0.16893931076011717,Power
2019-07-28,Jilin,0.16670616994473117,Power
2019-07-29,Jilin,0.17148755001230806,Power
2019-07-30,Jilin,0.17220726348728277,Power
2019-07-31,Jilin,0.17138967852814896,Power
2019-07-01,Sichuan,0.052124218714502055,Power
2019-07-02,Sichuan,0.05279897840826421,Power
2019-07-03,Sichuan,0.05474971771413106,Power
2019-07-04,Sichuan,0.05370553891460621,Power
2019-07-05,Sichuan,0.05177501229555058,Power
2019-07-06,Sichuan,0.049710737897807875,Power
2019-07-07,Sichuan,0.04903167763238375,Power
2019-07-08,Sichuan,0.05252847245072667,Power
2019-07-09,Sichuan,0.0513668880448302,Power
2019-07-10,Sichuan,0.05040528022121505,Power
2019-07-11,Sichuan,0.05177888281004635,Power
2019-07-12,Sichuan,0.05150794679534262,Power
2019-07-13,Sichuan,0.050813404471935435,Power
2019-07-14,Sichuan,0.05016186786514789,Power
2019-07-15,Sichuan,0.054031522246583086,Power
2019-07-16,Sichuan,0.05463962307958479,Power
2019-07-17,Sichuan,0.05530277122985964,Power
2019-07-18,Sichuan,0.05760271695467797,Power
2019-07-19,Sichuan,0.057826346681100094,Power
2019-07-20,Sichuan,0.05620546122170588,Power
2019-07-21,Sichuan,0.05465940570922983,Power
2019-07-22,Sichuan,0.0581011532102996,Power
2019-07-23,Sichuan,0.05889761908209532,Power
2019-07-24,Sichuan,0.061754488837138,Power
2019-07-25,Sichuan,0.06201381330835443,Power
2019-07-26,Sichuan,0.06257460785307453,Power
2019-07-27,Sichuan,0.06087158147493679,Power
2019-07-28,Sichuan,0.06006694451698333,Power
2019-07-29,Sichuan,0.06178975352476611,Power
2019-07-30,Sichuan,0.062049077995982534,Power
2019-07-31,Sichuan,0.061754488837138,Power
2019-07-01,Tianjin,0.16348050415002924,Power
2019-07-02,Tianjin,0.1655967959168287,Power
2019-07-03,Tianjin,0.17171502373977474,Power
2019-07-04,Tianjin,0.16844009932308315,Power
2019-07-05,Tianjin,0.16238526583604504,Power
2019-07-06,Tianjin,0.15591095067948837,Power
2019-07-07,Tianjin,0.15378117075611272,Power
2019-07-08,Tianjin,0.16474839086818824,Power
2019-07-09,Tianjin,0.1611052397769675,Power
2019-07-10,Tianjin,0.15808928796653815,Power
2019-07-11,Tianjin,0.16239740517696358,Power
2019-07-12,Tianjin,0.16154765131266552,Power
2019-07-13,Tianjin,0.15936931402561572,Power
2019-07-14,Tianjin,0.15732585830432752,Power
2019-07-15,Tianjin,0.16946250159155607,Power
2019-07-16,Tianjin,0.17136972693142505,Power
2019-07-17,Tianjin,0.1734496006754689,Power
2019-07-18,Tianjin,0.18066306681239913,Power
2019-07-19,Tianjin,0.18136445095435944,Power
2019-07-20,Tianjin,0.17628076474080484,Power
2019-07-21,Tianjin,0.1714317724516754,Power
2019-07-22,Tianjin,0.1822263441595761,Power
2019-07-23,Tianjin,0.18472435075748084,Power
2019-07-24,Tianjin,0.19368453317102377,Power
2019-07-25,Tianjin,0.19449786901256624,Power
2019-07-26,Tianjin,0.19625672463009744,Power
2019-07-27,Tianjin,0.19091541462593817,Power
2019-07-28,Tianjin,0.18839178053053868,Power
2019-07-29,Tianjin,0.1937951360549483,Power
2019-07-30,Tianjin,0.19460847189649072,Power
2019-07-31,Tianjin,0.19368453317102377,Power
2019-07-01,Ningxia,0.2887438434118567,Power
2019-07-02,Ningxia,0.29248169718043676,Power
2019-07-03,Ningxia,0.30328788245403704,Power
2019-07-04,Ningxia,0.2975036192608489,Power
2019-07-05,Ningxia,0.2868094028381875,Power
2019-07-06,Ningxia,0.27537428614654696,Power
2019-07-07,Ningxia,0.27161260921819264,Power
2019-07-08,Ningxia,0.29098322043063635,Power
2019-07-09,Ningxia,0.2845485849756111,Power
2019-07-10,Ningxia,0.2792217264500885,Power
2019-07-11,Ningxia,0.28683084368198436,Power
2019-07-12,Ningxia,0.2853299846162065,Power
2019-07-13,Ningxia,0.28148254431266495,Power
2019-07-14,Ningxia,0.2778733356068659,Power
2019-07-15,Ningxia,0.2993094147717371,Power
2019-07-16,Ningxia,0.30267800956381624,Power
2019-07-17,Ningxia,0.3063515408010058,Power
2019-07-18,Ningxia,0.3190921666482753,Power
2019-07-19,Ningxia,0.32033097095653634,Power
2019-07-20,Ningxia,0.31135202203762113,Power
2019-07-21,Ningxia,0.3027875960987778,Power
2019-07-22,Ningxia,0.32185327086611104,Power
2019-07-23,Ningxia,0.3262653200563023,Power
2019-07-24,Ningxia,0.3420910450943374,Power
2019-07-25,Ningxia,0.34352758162872477,Power
2019-07-26,Ningxia,0.3466341216632871,Power
2019-07-27,Ningxia,0.3372001503926836,Power
2019-07-28,Ningxia,0.3327428371989212,Power
2019-07-29,Ningxia,0.3422863950044863,Power
2019-07-30,Ningxia,0.3437229315388736,Power
2019-07-31,Ningxia,0.3420910450943374,Power
2019-07-01,Anhui,0.6142161070464366,Power
2019-07-02,Anhui,0.6221672722152515,Power
2019-07-03,Anhui,0.6451541971392436,Power
2019-07-04,Anhui,0.632849908401269,Power
2019-07-05,Anhui,0.6101011636958454,Power
2019-07-06,Anhui,0.5857763754164885,Power
2019-07-07,Anhui,0.577774533605425,Power
2019-07-08,Anhui,0.6189797114178107,Power
2019-07-09,Anhui,0.6052919503464476,Power
2019-07-10,Anhui,0.5939606531396471,Power
2019-07-11,Anhui,0.6101467726738692,Power
2019-07-12,Anhui,0.6069541442122036,Power
2019-07-13,Anhui,0.598769866489045,Power
2019-07-14,Anhui,0.5910923551883729,Power
2019-07-15,Anhui,0.6366911978837174,Power
2019-07-16,Anhui,0.643856875097678,Power
2019-07-17,Anhui,0.6516712133324215,Power
2019-07-18,Anhui,0.6787730816070048,Power
2019-07-19,Anhui,0.6814082670039352,Power
2019-07-20,Anhui,0.6623082405404153,Power
2019-07-21,Anhui,0.6440899876520219,Power
2019-07-22,Anhui,0.6846465044436246,Power
2019-07-23,Anhui,0.6940318185880764,Power
2019-07-24,Anhui,0.7276963120338614,Power
2019-07-25,Anhui,0.7307521135614558,Power
2019-07-26,Anhui,0.7373603477106809,Power
2019-07-27,Anhui,0.7172923973802114,Power
2019-07-28,Anhui,0.7078107976154872,Power
2019-07-29,Anhui,0.7281118605003005,Power
2019-07-30,Anhui,0.7311676620278946,Power
2019-07-31,Anhui,0.7276963120338614,Power
2019-07-01,Shandong,1.3063008222665058,Power
2019-07-02,Shandong,1.3232111791894876,Power
2019-07-03,Shandong,1.3720992473874765,Power
2019-07-04,Shandong,1.3459307664384648,Power
2019-07-05,Shandong,1.2975492545026683,Power
2019-07-06,Shandong,1.245815849002151,Power
2019-07-07,Shandong,1.2287977141510429,Power
2019-07-08,Shandong,1.3164319475103572,Power
2019-07-09,Shandong,1.2873211291235036,Power
2019-07-10,Shandong,1.2632219843945123,Power
2019-07-11,Shandong,1.2976462546379817,Power
2019-07-12,Shandong,1.2908562451660388,Power
2019-07-13,Shandong,1.2734501097736772,Power
2019-07-14,Shandong,1.2571217536625763,Power
2019-07-15,Shandong,1.3541003333904216,Power
2019-07-16,Shandong,1.369340132427449,Power
2019-07-17,Shandong,1.3859594889444904,Power
2019-07-18,Shandong,1.4435991249063167,Power
2019-07-19,Shandong,1.449203577168873,Power
2019-07-20,Shandong,1.4085820760581542,Power
2019-07-21,Shandong,1.369835910896829,Power
2019-07-22,Shandong,1.4560905867761293,Power
2019-07-23,Shandong,1.4760510590650788,Power
2019-07-24,Shandong,1.5476479367192328,Power
2019-07-25,Shandong,1.5541469457852355,Power
2019-07-26,Shandong,1.5682011876128759,Power
2019-07-27,Shandong,1.5255211280749488,Power
2019-07-28,Shandong,1.5053558777225595,Power
2019-07-29,Shandong,1.5485317157298668,Power
2019-07-30,Shandong,1.555030724795869,Power
2019-07-31,Shandong,1.5476479367192328,Power
2019-07-01,Shanxi,0.6773183047169479,Power
2019-07-02,Shanxi,0.686086341977584,Power
2019-07-03,Shanxi,0.7114348550523104,Power
2019-07-04,Shanxi,0.6978664710696306,Power
2019-07-05,Shanxi,0.6727806079319659,Power
2019-07-06,Shanxi,0.645956784572467,Power
2019-07-07,Shanxi,0.6371328643464984,Power
2019-07-08,Shanxi,0.6825713034581831,Power
2019-07-09,Shanxi,0.6674773145219317,Power
2019-07-10,Shanxi,0.6549818834736316,Power
2019-07-11,Shanxi,0.672830902600765,Power
2019-07-12,Shanxi,0.6693102757848307,Power
2019-07-13,Shanxi,0.660285176883666,Power
2019-07-14,Shanxi,0.6518189076358241,Power
2019-07-15,Shanxi,0.7021023998418182,Power
2019-07-16,Shanxi,0.7100042511398039,Power
2019-07-17,Shanxi,0.718621404394043,Power
2019-07-18,Shanxi,0.7485076142537512,Power
2019-07-19,Shanxi,0.7514135284510304,Power
2019-07-20,Shanxi,0.7303512388172906,Power
2019-07-21,Shanxi,0.7102613127803324,Power
2019-07-22,Shanxi,0.7549844499357637,Power
2019-07-23,Shanxi,0.7653339751153037,Power
2019-07-24,Shanxi,0.8024570289855435,Power
2019-07-25,Shanxi,0.8058267717950807,Power
2019-07-26,Shanxi,0.8131139104744112,Power
2019-07-27,Shanxi,0.7909842562028244,Power
2019-07-28,Shanxi,0.7805285533891532,Power
2019-07-29,Shanxi,0.8029152693012684,Power
2019-07-30,Shanxi,0.8062850121108054,Power
2019-07-31,Shanxi,0.8024570289855435,Power
2019-07-01,Guangdong,0.6028387087899332,Power
2019-07-02,Guangdong,0.6106425909883227,Power
2019-07-03,Guangdong,0.6332037188735329,Power
2019-07-04,Guangdong,0.6211273479508498,Power
2019-07-05,Guangdong,0.5987999883660375,Power
2019-07-06,Guangdong,0.5749257789636987,Power
2019-07-07,Guangdong,0.5670721588290542,Power
2019-07-08,Guangdong,0.6075140747978912,Power
2019-07-09,Guangdong,0.5940798582154501,Power
2019-07-10,Guangdong,0.5829584556688605,Power
2019-07-11,Guangdong,0.5988447525086669,Power
2019-07-12,Guangdong,0.5957112625246099,Power
2019-07-13,Guangdong,0.587678585819448,Power
2019-07-14,Guangdong,0.5801432884768347,Power
2019-07-15,Guangdong,0.6248974835189692,Power
2019-07-16,Guangdong,0.6319304277054082,Power
2019-07-17,Guangdong,0.6396000174759097,Power
2019-07-18,Guangdong,0.6661998657850153,Power
2019-07-19,Guangdong,0.6687862384702687,Power
2019-07-20,Guangdong,0.6500400102958074,Power
2019-07-21,Guangdong,0.6321592222121806,Power
2019-07-22,Guangdong,0.6719644925969552,Power
2019-07-23,Guangdong,0.6811759583913576,Power
2019-07-24,Guangdong,0.7142168694454695,Power
2019-07-25,Guangdong,0.7172160670016384,Power
2019-07-26,Guangdong,0.7237018938892738,Power
2019-07-27,Guangdong,0.704005671132344,Power
2019-07-28,Guangdong,0.6946997032590574,Power
2019-07-29,Guangdong,0.7146247205227595,Power
2019-07-30,Guangdong,0.7176239180789282,Power
2019-07-31,Guangdong,0.7142168694454695,Power
2019-07-01,Guangxi,0.12082433839951628,Power
2019-07-02,Guangxi,0.12238843654022931,Power
2019-07-03,Guangxi,0.12691026519942258,Power
2019-07-04,Guangxi,0.12448985074075387,Power
2019-07-05,Guangxi,0.1200148752444755,Power
2019-07-06,Guangxi,0.11522987137231329,Power
2019-07-07,Guangxi,0.11365580447353323,Power
2019-07-08,Guangxi,0.12176140165781471,Power
2019-07-09,Guangxi,0.11906884010391676,Power
2019-07-10,Guangxi,0.11683982580013452,Power
2019-07-11,Guangxi,0.1200238471267358,Power
2019-07-12,Guangxi,0.11939581536851451,Power
2019-07-13,Guangxi,0.11778586094069327,Power
2019-07-14,Guangxi,0.11627559409354206,Power
2019-07-15,Guangxi,0.12524548260223284,Power
2019-07-16,Guangxi,0.1266550649929073,Power
2019-07-17,Guangxi,0.1281922474868394,Power
2019-07-18,Guangxi,0.13352353930107347,Power
2019-07-19,Guangxi,0.1340419147205577,Power
2019-07-20,Guangxi,0.1302846898051037,Power
2019-07-21,Guangxi,0.1267009212800155,Power
2019-07-22,Guangxi,0.13467891836103932,Power
2019-07-23,Guangxi,0.13652513235504857,Power
2019-07-24,Guangxi,0.14314737833895974,Power
2019-07-25,Guangxi,0.14374849445040014,Power
2019-07-26,Guangxi,0.14504842050233754,Power
2019-07-27,Guangxi,0.14110079230780367,Power
2019-07-28,Guangxi,0.13923563767346714,Power
2019-07-29,Guangxi,0.14322912215510922,Power
2019-07-30,Guangxi,0.14383023826654956,Power
2019-07-31,Guangxi,0.14314737833895974,Power
2019-07-01,Xinjiang,0.5403507695891213,Power
2019-07-02,Xinjiang,0.5473457314092524,Power
2019-07-03,Xinjiang,0.5675682596540668,Power
2019-07-04,Xinjiang,0.5567436788387208,Power
2019-07-05,Xinjiang,0.536730687372457,Power
2019-07-06,Xinjiang,0.5153311865842936,Power
2019-07-07,Xinjiang,0.5082916424708538,Power
2019-07-08,Xinjiang,0.5445415051601367,Power
2019-07-09,Xinjiang,0.5324998277374638,Power
2019-07-10,Xinjiang,0.5225312269536443,Power
2019-07-11,Xinjiang,0.5367708114364348,Power
2019-07-12,Xinjiang,0.5339621269579884,Power
2019-07-13,Xinjiang,0.5267620865886375,Power
2019-07-14,Xinjiang,0.5200078691523734,Power
2019-07-15,Xinjiang,0.5601230166715183,Power
2019-07-16,Xinjiang,0.5664269529453647,Power
2019-07-17,Xinjiang,0.5733015425735624,Power
2019-07-18,Xinjiang,0.5971441530350411,Power
2019-07-19,Xinjiang,0.5994624322870922,Power
2019-07-20,Xinjiang,0.582659365939053,Power
2019-07-21,Xinjiang,0.5666320314945846,Power
2019-07-22,Xinjiang,0.6023112408295165,Power
2019-07-23,Xinjiang,0.6105678815502829,Power
2019-07-24,Xinjiang,0.640183898995235,Power
2019-07-25,Xinjiang,0.6428722112817481,Power
2019-07-26,Xinjiang,0.6486857423291991,Power
2019-07-27,Xinjiang,0.6310311541789642,Power
2019-07-28,Xinjiang,0.6226898071009113,Power
2019-07-29,Xinjiang,0.6405494738003662,Power
2019-07-30,Xinjiang,0.6432377860868792,Power
2019-07-31,Xinjiang,0.640183898995235,Power
2019-07-01,Jiangsu,0.9288435314918385,Power
2019-07-02,Jiangsu,0.9408676191869508,Power
2019-07-03,Jiangsu,0.9756294176477724,Power
2019-07-04,Jiangsu,0.9570223526868212,Power
2019-07-05,Jiangsu,0.9226207404093457,Power
2019-07-06,Jiangsu,0.8858357684931323,Power
2019-07-07,Jiangsu,0.873735045439861,Power
2019-07-08,Jiangsu,0.9360472551587636,Power
2019-07-09,Jiangsu,0.9153480449200777,Power
2019-07-10,Jiangsu,0.8982123788357749,Power
2019-07-11,Jiangsu,0.9226897122316886,Power
2019-07-12,Jiangsu,0.9178616846676856,Power
2019-07-13,Jiangsu,0.905485074325043,Power
2019-07-14,Jiangsu,0.893874817563988,Power
2019-07-15,Jiangsu,0.9628313128352566,Power
2019-07-16,Jiangsu,0.9736675524789078,Power
2019-07-17,Jiangsu,0.9854847247069916,Power
2019-07-18,Jiangsu,1.0264693142503059,Power
2019-07-19,Jiangsu,1.0304543528745624,Power
2019-07-20,Jiangsu,1.001570486384519,Power
2019-07-21,Jiangsu,0.9740200751264383,Power
2019-07-22,Jiangsu,1.0353513522609084,Power
2019-07-23,Jiangsu,1.0495442205919139,Power
2019-07-24,Jiangsu,1.1004530890167903,Power
2019-07-25,Jiangsu,1.1050742011137649,Power
2019-07-26,Jiangsu,1.1150674518176693,Power
2019-07-27,Jiangsu,1.0847198499867932,Power
2019-07-28,Jiangsu,1.0703813744752857,Power
2019-07-29,Jiangsu,1.1010814989536923,Power
2019-07-30,Jiangsu,1.1057026110506667,Power
2019-07-31,Jiangsu,1.1004530890167903,Power
2019-07-01,Jiangxi,0.20196092266810203,Power
2019-07-02,Jiangxi,0.20457535207716165,Power
2019-07-03,Jiangxi,0.212133702491116,Power
2019-07-04,Jiangxi,0.2080879188039288,Power
2019-07-05,Jiangxi,0.20060788463103613,Power
2019-07-06,Jiangxi,0.19260963022473523,Power
2019-07-07,Jiangxi,0.18997853778566245,Power
2019-07-08,Jiangxi,0.20352724748933596,Power
2019-07-09,Jiangxi,0.1990265630827904,Power
2019-07-10,Jiangxi,0.1953007095718552,Power
2019-07-11,Jiangxi,0.20062288135804793,Power
2019-07-12,Jiangxi,0.19957311046722095,Power
2019-07-13,Jiangxi,0.19688203112010094,Power
2019-07-14,Jiangxi,0.1943575820731122,Power
2019-07-15,Jiangxi,0.2093509764789238,Power
2019-07-16,Jiangxi,0.21170712892277996,Power
2019-07-17,Jiangxi,0.21427656815080415,Power
2019-07-18,Jiangxi,0.22318795660182436,Power
2019-07-19,Jiangxi,0.22405443416250698,Power
2019-07-20,Jiangxi,0.2177741381505595,Power
2019-07-21,Jiangxi,0.21178377886084035,Power
2019-07-22,Jiangxi,0.2251192017803458,Power
2019-07-23,Jiangxi,0.2282051949387769,Power
2019-07-24,Jiangxi,0.2392744457764971,Power
2019-07-25,Jiangxi,0.2402792264862887,Power
2019-07-26,Jiangxi,0.2424520856000004,Power
2019-07-27,Jiangxi,0.23585352571480211,Power
2019-07-28,Jiangxi,0.2327358727993461,Power
2019-07-29,Jiangxi,0.23941108262260477,Power
2019-07-30,Jiangxi,0.24041586333239628,Power
2019-07-31,Jiangxi,0.2392744457764971,Power
2019-07-01,Hebei,0.7854943652674788,Power
2019-07-02,Hebei,0.7956627658772384,Power
2019-07-03,Hebei,0.825059748137193,Power
2019-07-04,Hebei,0.8093243264160356,Power
2019-07-05,Hebei,0.78023194251724,Power
2019-07-06,Hebei,0.7491240247818384,Power
2019-07-07,Hebei,0.7388908160101301,Power
2019-07-08,Hebei,0.7915863324906618,Power
2019-07-09,Hebei,0.7740816479483034,Power
2019-07-10,Hebei,0.759590542936562,Power
2019-07-11,Hebei,0.7802902698629939,Power
2019-07-12,Hebei,0.7762073556602225,Power
2019-07-13,Hebei,0.7657408375054988,Power
2019-07-14,Hebei,0.7559224009702625,Power
2019-07-15,Hebei,0.8142367850917511,Power
2019-07-16,Hebei,0.8234006591913049,Power
2019-07-17,Hebei,0.8333940777638028,Power
2019-07-18,Hebei,0.8680534827739961,Power
2019-07-19,Hebei,0.8714235071953312,Power
2019-07-20,Hebei,0.8469973109568462,Power
2019-07-21,Hebei,0.8236987767362692,Power
2019-07-22,Hebei,0.8755647487438567,Power
2019-07-23,Hebei,0.8875672203367658,Power
2019-07-24,Hebei,0.9306192823193229,Power
2019-07-25,Hebei,0.9345272144848328,Power
2019-07-26,Hebei,0.9429781988029502,Power
2019-07-27,Hebei,0.9173141666712437,Power
2019-07-28,Hebei,0.9051885595706319,Power
2019-07-29,Hebei,0.9311507092473028,Power
2019-07-30,Hebei,0.9350586414128125,Power
2019-07-31,Hebei,0.9306192823193229,Power
2019-07-01,Henan,0.7289493011134152,Power
2019-07-02,Henan,0.7383857131943615,Power
2019-07-03,Henan,0.7656665068203481,Power
2019-07-04,Henan,0.751063824517902,Power
2019-07-05,Henan,0.7240657022544422,Power
2019-07-06,Henan,0.6951971375708585,Power
2019-07-07,Henan,0.6857005826468212,Power
2019-07-08,Henan,0.7346027283639502,Power
2019-07-09,Henan,0.7183581464451254,Power
2019-07-10,Henan,0.7049102067300226,Power
2019-07-11,Henan,0.724119830813224,Power
2019-07-12,Henan,0.7203308316985035,Power
2019-07-13,Henan,0.7106177625393395,Power
2019-07-14,Henan,0.7015061218110834,Power
2019-07-15,Henan,0.7556226520241847,Power
2019-07-16,Henan,0.7641268500372236,Power
2019-07-17,Henan,0.773400876441825,Power
2019-07-18,Henan,0.8055652689267844,Power
2019-07-19,Henan,0.8086926967675059,Power
2019-07-20,Henan,0.7860248592065837,Power
2019-07-21,Henan,0.7644035071154414,Power
2019-07-22,Henan,0.8125358244410081,Power
2019-07-23,Henan,0.823674278981424,Power
2019-07-24,Henan,0.863627169646642,Power
2019-07-25,Henan,0.8672537830850173,Power
2019-07-26,Henan,0.8750964098240575,Power
2019-07-27,Henan,0.8512798439601008,Power
2019-07-28,Henan,0.8400271180178124,Power
2019-07-29,Henan,0.8641203409599867,Power
2019-07-30,Henan,0.8677469543983618,Power
2019-07-31,Henan,0.863627169646642,Power
2019-07-01,Zhejiang,0.4036464880911664,Power
2019-07-02,Zhejiang,0.4088717823480333,Power
2019-07-03,Zhejiang,0.42397817798165227,Power
2019-07-04,Zhejiang,0.41589212670333947,Power
2019-07-05,Zhejiang,0.400942256774037,Power
2019-07-06,Zhejiang,0.3849566529289375,Power
2019-07-07,Zhejiang,0.3796980553307266,Power
2019-07-08,Zhejiang,0.40677700217749835,Power
2019-07-09,Zhejiang,0.39778176968049545,Power
2019-07-10,Zhejiang,0.39033514255598656,Power
2019-07-11,Zhejiang,0.4009722297812465,Power
2019-07-12,Zhejiang,0.39887411927657723,Power
2019-07-13,Zhejiang,0.39349562964952817,Power
2019-07-14,Zhejiang,0.3884501734359186,Power
2019-07-15,Zhejiang,0.41841651997721147,Power
2019-07-16,Zhejiang,0.423125612443247,Power
2019-07-17,Zhejiang,0.42826098767848525,Power
2019-07-18,Zhejiang,0.44607161462923356,Power
2019-07-19,Zhejiang,0.44780338837911937,Power
2019-07-20,Zhejiang,0.4352513590265819,Power
2019-07-21,Zhejiang,0.42327880781342925,Power
2019-07-22,Zhejiang,0.4499314718909983,Power
2019-07-23,Zhejiang,0.45609925070789914,Power
2019-07-24,Zhejiang,0.47822266036269,Power
2019-07-25,Zhejiang,0.4802308518457307,Power
2019-07-26,Zhejiang,0.4845736075569827,Power
2019-07-27,Zhejiang,0.47138548438477557,Power
2019-07-28,Zhejiang,0.46515442921932115,Power
2019-07-29,Zhejiang,0.47849574776171055,Power
2019-07-30,Zhejiang,0.4805039392447511,Power
2019-07-31,Zhejiang,0.47822266036269,Power
2019-07-01,Hainan,0.04657471116066503,Power
2019-07-02,Hainan,0.047177631235342084,Power
2019-07-03,Hainan,0.048920681240909404,Power
2019-07-04,Hainan,0.04798767299277946,Power
2019-07-05,Hainan,0.0462626836905326,Power
2019-07-06,Hainan,0.044418186330143904,Power
2019-07-07,Hainan,0.04381142355263269,Power
2019-07-08,Hainan,0.04693592522707448,Power
2019-07-09,Hainan,0.04589801119157242,Power
2019-07-10,Hainan,0.04503878283785801,Power
2019-07-11,Hainan,0.04626614212308333,Power
2019-07-12,Hainan,0.046024051844532315,Power
2019-07-13,Hainan,0.0454034553368182,Power
2019-07-14,Hainan,0.04482128585744551,Power
2019-07-15,Hainan,0.04827894986760751,Power
2019-07-16,Hainan,0.04882230804835534,Power
2019-07-17,Hainan,0.049414852825380225,Power
2019-07-18,Hainan,0.051469930301079964,Power
2019-07-19,Hainan,0.051669750848455404,Power
2019-07-20,Hainan,0.05022143615026686,Power
2019-07-21,Hainan,0.04883998448139241,Power
2019-07-22,Hainan,0.051915299559557156,Power
2019-07-23,Hainan,0.05262696812444046,Power
2019-07-24,Hainan,0.05517967561716174,Power
2019-07-25,Hainan,0.05541139059806058,Power
2019-07-26,Hainan,0.05591247904763284,Power
2019-07-27,Hainan,0.05439076872531216,Power
2019-07-28,Hainan,0.05367179902504398,Power
2019-07-29,Hainan,0.055211185780401725,Power
2019-07-30,Hainan,0.05544290076130055,Power
2019-07-31,Hainan,0.05517967561716174,Power
2019-07-01,Hubei,0.29583353599563,Power
2019-07-02,Hubei,0.29966316742370636,Power
2019-07-03,Hubei,0.3107346831392924,Power
2019-07-04,Hubei,0.30480839562662865,Power
2019-07-05,Hubei,0.2938515979971609,Power
2019-07-06,Hubei,0.2821357083510381,Power
2019-07-07,Hubei,0.2782816688195322,Power
2019-07-08,Hubei,0.2981278977179957,Power
2019-07-09,Hubei,0.2915352689817087,Power
2019-07-10,Hubei,0.28607761705488977,Power
2019-07-11,Hubei,0.29387356529024733,Power
2019-07-12,Hubei,0.2923358547741937,Power
2019-07-13,Hubei,0.28839394607034197,Power
2019-07-14,Hubei,0.28469611840078446,Power
2019-07-15,Hubei,0.3066585298665789,Power
2019-07-16,Hubei,0.3101098356914992,Power
2019-07-17,Hubei,0.3138735652403162,Power
2019-07-18,Hubei,0.3269270189543713,Power
2019-07-19,Hubei,0.3281962403327013,Power
2019-07-20,Hubei,0.31899682615015196,Power
2019-07-21,Hubei,0.3102221129672746,Power
2019-07-22,Hubei,0.3297559181418414,Power
2019-07-23,Hubei,0.3342762988969704,Power
2019-07-24,Hubei,0.3504906020051358,Power
2019-07-25,Hubei,0.35196241064193007,Power
2019-07-26,Hubei,0.35514522732912673,Power
2019-07-27,Hubei,0.3454796183710754,Power
2019-07-28,Hubei,0.3409128622194304,Power
2019-07-29,Hubei,0.35069074845325715,Power
2019-07-30,Hubei,0.3521625570900513,Power
2019-07-31,Hubei,0.3504906020051358,Power
2019-07-01,Hunan,0.17279423602064556,Power
2019-07-02,Hunan,0.17503109613397932,Power
2019-07-03,Hunan,0.18149788866048153,Power
2019-07-04,Hunan,0.17803638684074005,Power
2019-07-05,Hunan,0.1716366003214569,Power
2019-07-06,Hunan,0.16479343362674556,Power
2019-07-07,Hunan,0.1625423169161311,Power
2019-07-08,Hunan,0.17413435616502654,Power
2019-07-09,Hunan,0.17028364923952335,Power
2019-07-10,Hunan,0.1670958740875703,Power
2019-07-11,Hunan,0.17164943125900947,Power
2019-07-12,Hunan,0.1707512656303286,Power
2019-07-13,Hunan,0.16844882516950385,Power
2019-07-14,Hunan,0.16628895068148558,Power
2019-07-15,Hunan,0.17911703691461323,Power
2019-07-16,Hunan,0.18113291977009693,Power
2019-07-17,Hunan,0.18333128707077298,Power
2019-07-18,Hunan,0.19095571529646382,Power
2019-07-19,Hunan,0.19169705835505757,Power
2019-07-20,Hunan,0.18632374683998112,Power
2019-07-21,Hunan,0.18119850011758792,Power
2019-07-22,Hunan,0.19260805492129104,Power
2019-07-23,Hunan,0.19524837673766712,Power
2019-07-24,Hunan,0.20471903431120203,Power
2019-07-25,Hunan,0.20557870712722515,Power
2019-07-26,Hunan,0.2074377674126217,Power
2019-07-27,Hunan,0.20179215488948485,Power
2019-07-28,Hunan,0.1991247455382755,Power
2019-07-29,Hunan,0.20483593840890335,Power
2019-07-30,Hunan,0.20569561122492647,Power
2019-07-31,Hunan,0.20471903431120203,Power
2019-07-01,Gansu,0.12418309160821808,Power
2019-07-02,Gansu,0.12579066956200877,Power
2019-07-03,Gansu,0.1304381989427574,Power
2019-07-04,Gansu,0.12795050023542545,Power
2019-07-05,Gansu,0.12335112647215814,Power
2019-07-06,Gansu,0.11843310596342942,Power
2019-07-07,Gansu,0.11681528213357885,Power
2019-07-08,Gansu,0.12514620395784412,Power
2019-07-09,Gansu,0.12237879283407824,Power
2019-07-10,Gansu,0.12008781494709542,Power
2019-07-11,Gansu,0.123360347760612,Power
2019-07-12,Gansu,0.12271485756884136,Power
2019-07-13,Gansu,0.12106014858517535,Power
2019-07-14,Gansu,0.11950789836210783,Power
2019-07-15,Gansu,0.1287271376407622,Power
2019-07-16,Gansu,0.13017590451562522,Power
2019-07-17,Gansu,0.13175581860405433,Power
2019-07-18,Gansu,0.13723531312086287,Power
2019-07-19,Gansu,0.13776809867597517,Power
2019-07-20,Gansu,0.13390642798901714,Power
2019-07-21,Gansu,0.13022303554550055,Power
2019-07-22,Gansu,0.1384228101561997,Power
2019-07-23,Gansu,0.14032034640248417,Power
2019-07-24,Gansu,0.1471266818690435,Power
2019-07-25,Gansu,0.14774450819545257,Power
2019-07-26,Gansu,0.1490805704336572,Power
2019-07-27,Gansu,0.145023203513956,Power
2019-07-28,Gansu,0.14310620010315778,Power
2019-07-29,Gansu,0.14721069805273432,Power
2019-07-30,Gansu,0.14782852437914334,Power
2019-07-31,Gansu,0.1471266818690435,Power
2019-07-01,Fujian,0.21655788255889258,Power
2019-07-02,Fujian,0.2193612728853276,Power
2019-07-03,Fujian,0.22746591184052783,Power
2019-07-04,Fujian,0.2231277144456367,Power
2019-07-05,Fujian,0.21510705212864067,Power
2019-07-06,Fujian,0.20653071460991027,Power
2019-07-07,Fujian,0.20370945691364453,Power
2019-07-08,Fujian,0.2182374153229773,Power
2019-07-09,Fujian,0.21341143873170837,Power
2019-07-10,Fujian,0.2094162948375664,Power
2019-07-11,Fujian,0.21512313276148828,Power
2019-07-12,Fujian,0.21399748846215494,Power
2019-07-13,Fujian,0.21111190823449877,Power
2019-07-14,Fujian,0.20840500170514945,Power
2019-07-15,Fujian,0.2244820610788029,Power
2019-07-16,Fujian,0.22700850717286222,Power
2019-07-17,Fujian,0.2297636556007544,Power
2019-07-18,Fujian,0.2393191249862065,Power
2019-07-19,Fujian,0.2402482282174023,Power
2019-07-20,Fujian,0.23351401652821588,Power
2019-07-21,Fujian,0.2270906970740834,Power
2019-07-22,Fujian,0.24138995314958334,Power
2019-07-23,Fujian,0.24469899004222678,Power
2019-07-24,Fujian,0.2565682838207531,Power
2019-07-25,Fujian,0.25764568622154366,Power
2019-07-26,Fujian,0.2599755912474654,Power
2019-07-27,Fujian,0.25290011279451274,Power
2019-07-28,Fujian,0.24955712789919096,Power
2019-07-29,Fujian,0.2567147962533648,Power
2019-07-30,Fujian,0.25779219865415526,Power
2019-07-31,Fujian,0.2565682838207531,Power
2019-07-01,Tibet,0.0009440819829864532,Power
2019-07-02,Tibet,0.0009563033358515288,Power
2019-07-03,Tibet,0.0009916354305589744,Power
2019-07-04,Tibet,0.0009727231012049889,Power
2019-07-05,Tibet,0.0009377571018351203,Power
2019-07-06,Tibet,0.0009003686418272412,Power
2019-07-07,Tibet,0.0008880693963371492,Power
2019-07-08,Tibet,0.0009514038897379962,Power
2019-07-09,Tibet,0.0009303650917210627,Power
2019-07-10,Tibet,0.0009129483007673921,Power
2019-07-11,Tibet,0.000937827205197635,Power
2019-07-12,Tibet,0.000932919969821601,Power
2019-07-13,Tibet,0.00092034031088145,Power
2019-07-14,Tibet,0.0009085395781914631,Power
2019-07-15,Tibet,0.0009786273621812333,Power
2019-07-16,Tibet,0.0009896413793585542,Power
2019-07-17,Tibet,0.0010016524221360856,Power
2019-07-18,Tibet,0.0010433093979948641,Power
2019-07-19,Tibet,0.0010473598144957177,Power
2019-07-20,Tibet,0.001018002084127031,Power
2019-07-21,Tibet,0.0009899996854336299,Power
2019-07-22,Tibet,0.0010523371532342666,Power
2019-07-23,Tibet,0.0010667628673873067,Power
2019-07-24,Tibet,0.001118506938185711,Power
2019-07-25,Tibet,0.001123203863474201,Power
2019-07-26,Tibet,0.0011333610617763413,Power
2019-07-27,Tibet,0.001102515582269841,Power
2019-07-28,Tibet,0.0010879418721292699,Power
2019-07-29,Tibet,0.0011191456577108458,Power
2019-07-30,Tibet,0.0011238425829993356,Power
2019-07-31,Tibet,0.001118506938185711,Power
2019-07-01,Guizhou,0.15757091404498902,Power
2019-07-02,Guizhou,0.15961070484337345,Power
2019-07-03,Guizhou,0.16550776734271808,Power
2019-07-04,Guizhou,0.16235122683380962,Power
2019-07-05,Guizhou,0.15651526705436558,Power
2019-07-06,Guizhou,0.1502749892772813,Power
2019-07-07,Guizhou,0.14822219790019459,Power
2019-07-08,Guizhou,0.15879296844300134,Power
2019-07-09,Guizhou,0.15528151213552122,Power
2019-07-10,Guizhou,0.1523745827376961,Power
2019-07-11,Guizhou,0.1565269675751976,Power
2019-07-12,Guizhou,0.1557079311169553,Power
2019-07-13,Guizhou,0.15360833765654047,Power
2019-07-14,Guizhou,0.15163874998314825,Power
2019-07-15,Guizhou,0.16333667069944086,Power
2019-07-16,Guizhou,0.16517495252794026,Power
2019-07-17,Guizhou,0.1671796417638286,Power
2019-07-18,Guizhou,0.17413235125379664,Power
2019-07-19,Guizhou,0.17480838134631413,Power
2019-07-20,Guizhou,0.16990846323343275,Power
2019-07-21,Guizhou,0.16523475518997066,Power
2019-07-22,Guizhou,0.17563911832538848,Power
2019-07-23,Guizhou,0.1780468255010468,Power
2019-07-24,Guizhou,0.18668310993295745,Power
2019-07-25,Guizhou,0.18746704482870366,Power
2019-07-26,Guizhou,0.18916232029147823,Power
2019-07-27,Guizhou,0.18401409112538367,Power
2019-07-28,Guizhou,0.18158168285019102,Power
2019-07-29,Guizhou,0.18678971467831598,Power
2019-07-30,Guizhou,0.18757364957406217,Power
2019-07-31,Guizhou,0.18668310993295745,Power
2019-07-01,Liaoning,0.4264739062951721,Power
2019-07-02,Liaoning,0.43199470659695616,Power
2019-07-03,Liaoning,0.44795541416157825,Power
2019-07-04,Liaoning,0.4394120724581165,Power
2019-07-05,Liaoning,0.4236167425953324,Power
2019-07-06,Liaoning,0.4067271049608116,Power
2019-07-07,Liaoning,0.4011711179139556,Power
2019-07-08,Liaoning,0.4297814603319325,Power
2019-07-09,Liaoning,0.4202775204880073,Power
2019-07-10,Liaoning,0.4124097642899263,Power
2019-07-11,Liaoning,0.4236484106658971,Power
2019-07-12,Liaoning,0.4214316457263662,Power
2019-07-13,Liaoning,0.41574898639725144,Power
2019-07-14,Liaoning,0.41041819451885575,Power
2019-07-15,Liaoning,0.4420792277345679,Power
2019-07-16,Liaoning,0.44705463348773716,Power
2019-07-17,Liaoning,0.452480429577827,Power
2019-07-18,Liaoning,0.4712983008422889,Power
2019-07-19,Liaoning,0.47312801158602863,Power
2019-07-20,Liaoning,0.4598661273684227,Power
2019-07-21,Liaoning,0.447216492515068,Power
2019-07-22,Liaoning,0.4753764445961243,Power
2019-07-23,Liaoning,0.4818930297834435,Power
2019-07-24,Liaoning,0.5052675845347189,Power
2019-07-25,Liaoning,0.5073893452625556,Power
2019-07-26,Liaoning,0.5119776968199338,Power
2019-07-27,Liaoning,0.49804374577145405,Power
2019-07-28,Liaoning,0.49146030576849814,Power
2019-07-29,Liaoning,0.5055561158443087,Power
2019-07-30,Liaoning,0.5076778765721454,Power
2019-07-31,Liaoning,0.5052675845347189,Power
2019-07-01,Chongqing,0.06388288084874999,Power
2019-07-02,Chongqing,0.06470985905928676,Power
2019-07-03,Chongqing,0.06710066413449059,Power
2019-07-04,Chongqing,0.06582092984820424,Power
2019-07-05,Chongqing,0.06345489722417647,Power
2019-07-06,Chongqing,0.06092494476364332,Power
2019-07-07,Chongqing,0.060092695818813754,Power
2019-07-08,Chongqing,0.06437832987227107,Power
2019-07-09,Chongqing,0.06295470453979189,Power
2019-07-10,Chongqing,0.061776168351926855,Power
2019-07-11,Chongqing,0.06345964088503996,Power
2019-07-12,Chongqing,0.06312758462459499,Power
2019-07-13,Chongqing,0.062276361036311435,Power
2019-07-14,Chongqing,0.06147784479095566,Power
2019-07-15,Chongqing,0.06622045150759677,Power
2019-07-16,Chongqing,0.06696573333659549,Power
2019-07-17,Chongqing,0.06777848056454178,Power
2019-07-18,Chongqing,0.07059726926431913,Power
2019-07-19,Chongqing,0.07087134744754355,Power
2019-07-20,Chongqing,0.06888480769259575,Power
2019-07-21,Chongqing,0.06698997871434227,Power
2019-07-22,Chongqing,0.07120814736885203,Power
2019-07-23,Chongqing,0.0721842873598744,Power
2019-07-24,Chongqing,0.07568563615056643,Power
2019-07-25,Chongqing,0.07600346142842092,Power
2019-07-26,Chongqing,0.07669076518019909,Power
2019-07-27,Chongqing,0.07460355440025923,Power
2019-07-28,Chongqing,0.07361740001408057,Power
2019-07-29,Chongqing,0.07572885617176721,Power
2019-07-30,Chongqing,0.07604668144962168,Power
2019-07-31,Chongqing,0.07568563615056643,Power
2019-07-01,Shaanxi,0.3783832173349039,Power
2019-07-02,Shaanxi,0.3832814728896217,Power
2019-07-03,Shaanxi,0.3974423952581367,Power
2019-07-04,Shaanxi,0.38986243063936366,Power
2019-07-05,Shaanxi,0.3758482374047376,Power
2019-07-06,Shaanxi,0.36086313436927203,Power
2019-07-07,Shaanxi,0.35593365984989694,Power
2019-07-08,Shaanxi,0.38131780001268256,Power
2019-07-09,Shaanxi,0.37288555765876746,Power
2019-07-10,Shaanxi,0.365904997161413,Power
2019-07-11,Shaanxi,0.37587633447292906,Power
2019-07-12,Shaanxi,0.37390953969952423,Power
2019-07-13,Shaanxi,0.3688676769073832,Power
2019-07-14,Shaanxi,0.3641380037618144,Power
2019-07-15,Shaanxi,0.39222882816038096,Power
2019-07-16,Shaanxi,0.39664318976291185,Power
2019-07-17,Shaanxi,0.4014571541130552,Power
2019-07-18,Shaanxi,0.41815305641173645,Power
2019-07-19,Shaanxi,0.4197764425739119,Power
2019-07-20,Shaanxi,0.4080100147946057,Power
2019-07-21,Shaanxi,0.3967867970003351,Power
2019-07-22,Shaanxi,0.4217713344155083,Power
2019-07-23,Shaanxi,0.4275530866700254,Power
2019-07-24,Shaanxi,0.44829184489181667,Power
2019-07-25,Shaanxi,0.4501743484606471,Power
2019-07-26,Shaanxi,0.4542453014519485,Power
2019-07-27,Shaanxi,0.4418825914476894,Power
2019-07-28,Shaanxi,0.4360415231603235,Power
2019-07-29,Shaanxi,0.4485478404020059,Power
2019-07-30,Shaanxi,0.45043034397083626,Power
2019-07-31,Shaanxi,0.44829184489181667,Power
2019-07-01,Qinghai,0.016521434702262933,Power
2019-07-02,Qinghai,0.016735308377401753,Power
2019-07-03,Qinghai,0.017353620034782052,Power
2019-07-04,Qinghai,0.017022654271087307,Power
2019-07-05,Qinghai,0.016410749282114605,Power
2019-07-06,Qinghai,0.015756451231976724,Power
2019-07-07,Qinghai,0.01554121443590011,Power
2019-07-08,Qinghai,0.016649568070414934,Power
2019-07-09,Qinghai,0.016281389105118595,Power
2019-07-10,Qinghai,0.01597659526342936,Power
2019-07-11,Qinghai,0.016411976090958614,Power
2019-07-12,Qinghai,0.016326099471878016,Power
2019-07-13,Qinghai,0.016105955440425375,Power
2019-07-14,Qinghai,0.015899442618350603,Power
2019-07-15,Qinghai,0.01712597883817158,Power
2019-07-16,Qinghai,0.0173187241387747,Power
2019-07-17,Qinghai,0.017528917387381496,Power
2019-07-18,Qinghai,0.01825791446491012,Power
2019-07-19,Qinghai,0.018328796753675058,Power
2019-07-20,Qinghai,0.01781503647222304,Power
2019-07-21,Qinghai,0.017324994495088522,Power
2019-07-22,Qinghai,0.01841590018159967,Power
2019-07-23,Qinghai,0.018668350179277867,Power
2019-07-24,Qinghai,0.019573871418249945,Power
2019-07-25,Qinghai,0.019656067610798515,Power
2019-07-26,Qinghai,0.019833818581085974,Power
2019-07-27,Qinghai,0.019294022689722218,Power
2019-07-28,Qinghai,0.01903898276226222,Power
2019-07-29,Qinghai,0.0195850490099398,Power
2019-07-30,Qinghai,0.01966724520248837,Power
2019-07-31,Qinghai,0.019573871418249945,Power
2019-07-01,Heilongjiang,0.17555083437481434,Power
2019-07-02,Heilongjiang,0.17782337927167402,Power
2019-07-03,Heilongjiang,0.18439333698496624,Power
2019-07-04,Heilongjiang,0.18087661358816873,Power
2019-07-05,Heilongjiang,0.17437473083354596,Power
2019-07-06,Heilongjiang,0.16742239462900393,Power
2019-07-07,Heilongjiang,0.16513536569838477,Power
2019-07-08,Heilongjiang,0.17691233354820382,Power
2019-07-09,Heilongjiang,0.17300019602977298,Power
2019-07-10,Heilongjiang,0.16976156608115714,Power
2019-07-11,Heilongjiang,0.17438776646392948,Power
2019-07-12,Heilongjiang,0.17347527233708335,Power
2019-07-13,Heilongjiang,0.17113610088493014,Power
2019-07-14,Heilongjiang,0.16894176977037154,Power
2019-07-15,Heilongjiang,0.181974503347136,Power
2019-07-16,Heilongjiang,0.184022545720724,Power
2019-07-17,Heilongjiang,0.18625598372643315,Power
2019-07-18,Heilongjiang,0.1940020449809937,Power
2019-07-19,Heilongjiang,0.19475521473648577,Power
2019-07-20,Heilongjiang,0.18929618241254434,Power
2019-07-21,Heilongjiang,0.18408917227601754,Power
2019-07-22,Heilongjiang,0.19568074449371545,Power
2019-07-23,Heilongjiang,0.19836318754596788,Power
2019-07-24,Heilongjiang,0.2079849311723789,Power
2019-07-25,Heilongjiang,0.2088583184080745,Power
2019-07-26,Heilongjiang,0.2107470364103084,Power
2019-07-27,Heilongjiang,0.2050113590415612,Power
2019-07-28,Heilongjiang,0.20230139632516578,Power
2019-07-29,Heilongjiang,0.2081037002492065,Power
2019-07-30,Heilongjiang,0.20897708748490207,Power
2019-07-31,Heilongjiang,0.2079849311723789,Power
2019-08-01,Shanghai,0.15164427966890043,Power
2019-08-02,Shanghai,0.14282399152969513,Power
2019-08-03,Shanghai,0.13952940555643886,Power
2019-08-04,Shanghai,0.13739595495583876,Power
2019-08-05,Shanghai,0.14391567581464107,Power
2019-08-06,Shanghai,0.1506014281800008,Power
2019-08-07,Shanghai,0.14952059562750958,Power
2019-08-08,Shanghai,0.15064157959008329,Power
2019-08-09,Shanghai,0.14944137798059004,Power
2019-08-10,Shanghai,0.13793745640532984,Power
2019-08-11,Shanghai,0.12609821629721843,Power
2019-08-12,Shanghai,0.1347416211974116,Power
2019-08-13,Shanghai,0.14380715849009376,Power
2019-08-14,Shanghai,0.14997202769762638,Power
2019-08-15,Shanghai,0.1442694422926653,Power
2019-08-16,Shanghai,0.14226295696178556,Power
2019-08-17,Shanghai,0.14156519056494637,Power
2019-08-18,Shanghai,0.13860592312454126,Power
2019-08-19,Shanghai,0.14717987693702414,Power
2019-08-20,Shanghai,0.14775067806414297,Power
2019-08-21,Shanghai,0.1511331630702826,Power
2019-08-22,Shanghai,0.15226391359206556,Power
2019-08-23,Shanghai,0.1558721146332636,Power
2019-08-24,Shanghai,0.15267627942534534,Power
2019-08-25,Shanghai,0.1425678906437635,Power
2019-08-26,Shanghai,0.1488510437350527,Power
2019-08-27,Shanghai,0.15360084703048843,Power
2019-08-28,Shanghai,0.14785811021544482,Power
2019-08-29,Shanghai,0.1407979730803969,Power
2019-08-30,Shanghai,0.1411322064400026,Power
2019-08-31,Shanghai,0.1347416211974116,Power
2019-08-01,Yunnan,0.030479446753009523,Power
2019-08-02,Yunnan,0.02870663011085139,Power
2019-08-03,Yunnan,0.028044441217446855,Power
2019-08-04,Yunnan,0.027615632467633506,Power
2019-08-05,Yunnan,0.028926051068283855,Power
2019-08-06,Yunnan,0.030269840848344914,Power
2019-08-07,Yunnan,0.030052601013749746,Power
2019-08-08,Yunnan,0.03027791100284293,Power
2019-08-09,Yunnan,0.03003667881703745,Power
2019-08-10,Yunnan,0.027724470497214822,Power
2019-08-11,Yunnan,0.025344865481719596,Power
2019-08-12,Yunnan,0.027082129821629723,Power
2019-08-13,Yunnan,0.02890423983991085,Power
2019-08-14,Yunnan,0.03014333572378146,Power
2019-08-15,Yunnan,0.028997155672779867,Power
2019-08-16,Yunnan,0.02859386606016294,Power
2019-08-17,Yunnan,0.028453619861724497,Power
2019-08-18,Yunnan,0.027858827663992555,Power
2019-08-19,Yunnan,0.029582132817743956,Power
2019-08-20,Yunnan,0.029696859878985977,Power
2019-08-21,Yunnan,0.03037671586737265,Power
2019-08-22,Yunnan,0.030603988867019403,Power
2019-08-23,Yunnan,0.03132921221042193,Power
2019-08-24,Yunnan,0.03068687153483684,Power
2019-08-25,Yunnan,0.02865515561189109,Power
2019-08-26,Yunnan,0.029918025734688287,Power
2019-08-27,Yunnan,0.03087270320057487,Power
2019-08-28,Yunnan,0.029718452995075258,Power
2019-08-29,Yunnan,0.028299414477127326,Power
2019-08-30,Yunnan,0.028366593060516188,Power
2019-08-31,Yunnan,0.027082129821629723,Power
2019-08-01,InnerMongolia,1.2200388714410877,Power
2019-08-02,InnerMongolia,1.1490761261885998,Power
2019-08-03,InnerMongolia,1.1225698645514746,Power
2019-08-04,InnerMongolia,1.1054054013174206,Power
2019-08-05,InnerMongolia,1.1578591628180293,Power
2019-08-06,InnerMongolia,1.21164871418375,Power
2019-08-07,InnerMongolia,1.202952984081452,Power
2019-08-08,InnerMongolia,1.2119717483341366,Power
2019-08-09,InnerMongolia,1.202315646433392,Power
2019-08-10,InnerMongolia,1.1097619970212829,Power
2019-08-11,InnerMongolia,1.0145105759208102,Power
2019-08-12,InnerMongolia,1.0840502247810544,Power
2019-08-13,InnerMongolia,1.156986097546714,Power
2019-08-14,InnerMongolia,1.2065849356101226,Power
2019-08-15,InnerMongolia,1.1607053556025164,Power
2019-08-16,InnerMongolia,1.144562378735901,Power
2019-08-17,InnerMongolia,1.1389485690413452,Power
2019-08-18,InnerMongolia,1.1151400790925836,Power
2019-08-19,InnerMongolia,1.1841209661791863,Power
2019-08-20,InnerMongolia,1.1887132895063033,Power
2019-08-21,InnerMongolia,1.2159267340131936,Power
2019-08-22,InnerMongolia,1.2250240741402967,Power
2019-08-23,InnerMongolia,1.2540534944115223,Power
2019-08-24,InnerMongolia,1.228341722171294,Power
2019-08-25,InnerMongolia,1.1470156921482961,Power
2019-08-26,InnerMongolia,1.1975661713574381,Power
2019-08-27,InnerMongolia,1.2357802382828984,Power
2019-08-28,InnerMongolia,1.1895776241249054,Power
2019-08-29,InnerMongolia,1.1327759975731477,Power
2019-08-30,InnerMongolia,1.1354650386087979,Power
2019-08-31,InnerMongolia,1.0840502247810544,Power
2019-08-01,Beijing,0.07600109305012645,Power
2019-08-02,Beijing,0.0715805402863802,Power
2019-08-03,Beijing,0.06992935940661475,Power
2019-08-04,Beijing,0.06886011645219482,Power
2019-08-05,Beijing,0.07212767070964898,Power
2019-08-06,Beijing,0.07547843665175537,Power
2019-08-07,Beijing,0.07493674490068607,Power
2019-08-08,Beijing,0.0754985597388935,Power
2019-08-09,Beijing,0.07489704259362978,Power
2019-08-10,Beijing,0.06913150619494943,Power
2019-08-11,Beijing,0.0631979148253048,Power
2019-08-12,Beijing,0.06752981723219935,Power
2019-08-13,Beijing,0.07207328398765409,Power
2019-08-14,Beijing,0.07516299366418489,Power
2019-08-15,Beijing,0.0723049714233524,Power
2019-08-16,Beijing,0.07129936093366651,Power
2019-08-17,Beijing,0.07094965431123926,Power
2019-08-18,Beijing,0.06946652840243807,Power
2019-08-19,Beijing,0.07376362330725587,Power
2019-08-20,Beijing,0.07404969746494909,Power
2019-08-21,Beijing,0.07574493158953043,Power
2019-08-22,Beijing,0.07631164123271739,Power
2019-08-23,Beijing,0.07811999973904812,Power
2019-08-24,Beijing,0.07651831077629805,Power
2019-08-25,Beijing,0.07145218762247221,Power
2019-08-26,Beijing,0.07460117882597748,Power
2019-08-27,Beijing,0.07698168564769467,Power
2019-08-28,Beijing,0.07410354031972406,Power
2019-08-29,Beijing,0.07056514018673524,Power
2019-08-30,Beijing,0.07073265129047955,Power
2019-08-31,Beijing,0.06752981723219935,Power
2019-08-01,Jilin,0.15923459719418737,Power
2019-08-02,Jilin,0.14997282331092854,Power
2019-08-03,Jilin,0.14651333198347113,Power
2019-08-04,Jilin,0.144273094845862,Power
2019-08-05,Jilin,0.15111915014736532,Power
2019-08-06,Jilin,0.158139547403118,Power
2019-08-07,Jilin,0.15700461546565173,Power
2019-08-08,Jilin,0.15818170852930902,Power
2019-08-09,Jilin,0.15692143270316675,Power
2019-08-10,Jilin,0.1448417003044922,Power
2019-08-11,Jilin,0.13240986552762782,Power
2019-08-12,Jilin,0.14148590255766674,Power
2019-08-13,Jilin,0.1510052011576599,Power
2019-08-14,Jilin,0.1574786432628264,Power
2019-08-15,Jilin,0.1514906238538051,Power
2019-08-16,Jilin,0.14938370703415135,Power
2019-08-17,Jilin,0.14865101503034533,Power
2019-08-18,Jilin,0.14554362608107776,Power
2019-08-19,Jilin,0.15454673575770522,Power
2019-08-20,Jilin,0.15514610744355586,Power
2019-08-21,Jilin,0.15869789745267468,Power
2019-08-22,Jilin,0.15988524592540548,Power
2019-08-23,Jilin,0.16367404983311162,Power
2019-08-24,Jilin,0.1603182520862862,Power
2019-08-25,Jilin,0.14970390369522368,Power
2019-08-26,Jilin,0.15630155019916914,Power
2019-08-27,Jilin,0.16128909747857662,Power
2019-08-28,Jilin,0.15525891694336427,Power
2019-08-29,Jilin,0.14784539567312782,Power
2019-08-30,Jilin,0.14819635856142058,Power
2019-08-31,Jilin,0.14148590255766674,Power
2019-08-01,Sichuan,0.0936094141775159,Power
2019-08-02,Sichuan,0.0881646851881294,Power
2019-08-03,Sichuan,0.0861309502949481,Power
2019-08-04,Sichuan,0.08481397967571412,Power
2019-08-05,Sichuan,0.08883857758027049,Power
2019-08-06,Sichuan,0.09296566607726979,Power
2019-08-07,Sichuan,0.0922984724166609,Power
2019-08-08,Sichuan,0.092990451383939,Power
2019-08-09,Sichuan,0.09224957167647571,Power
2019-08-10,Sichuan,0.08514824637917179,Power
2019-08-11,Sichuan,0.07783993027752233,Power
2019-08-12,Sichuan,0.08317546994293369,Power
2019-08-13,Sichuan,0.08877159026494831,Power
2019-08-14,Sichuan,0.09257713964840115,Power
2019-08-15,Sichuan,0.08905695622822078,Power
2019-08-16,Sichuan,0.08781836076791373,Power
2019-08-17,Sichuan,0.08738763233039215,Power
2019-08-18,Sichuan,0.0855608882415564,Power
2019-08-19,Sichuan,0.09085355602516156,Power
2019-08-20,Sichuan,0.0912059093037562,Power
2019-08-21,Sichuan,0.09329390392234845,Power
2019-08-22,Sichuan,0.09399191174800553,Power
2019-08-23,Sichuan,0.0962192399824679,Power
2019-08-24,Sichuan,0.0942464635462298,Power
2019-08-25,Sichuan,0.08800659512396905,Power
2019-08-26,Sichuan,0.09188516068112308,Power
2019-08-27,Sichuan,0.09481719547277476,Power
2019-08-28,Sichuan,0.09127222674592517,Power
2019-08-29,Sichuan,0.08691403201106436,Power
2019-08-30,Sichuan,0.08712035294225665,Power
2019-08-31,Sichuan,0.08317546994293369,Power
2019-08-01,Tianjin,0.14987500636674275,Power
2019-08-02,Tianjin,0.14115762682624033,Power
2019-08-03,Tianjin,0.13790147964551136,Power
2019-08-04,Tianjin,0.13579292056866246,Power
2019-08-05,Tianjin,0.14223657414633697,Power
2019-08-06,Tianjin,0.1488443220977439,Power
2019-08-07,Tianjin,0.1477760999001134,Power
2019-08-08,Tianjin,0.1488840050508687,Power
2019-08-09,Tianjin,0.14769780650611036,Power
2019-08-10,Tianjin,0.13632810417972432,Power
2019-08-11,Tianjin,0.12462699556913365,Power
2019-08-12,Tianjin,0.13316955561343746,Power
2019-08-13,Tianjin,0.1421293229216753,Power
2019-08-14,Tianjin,0.14822226499470603,Power
2019-08-15,Tianjin,0.1425862131387341,Power
2019-08-16,Tianjin,0.1406031379947394,Power
2019-08-17,Tianjin,0.13991351262016472,Power
2019-08-18,Tianjin,0.13698877172364035,Power
2019-08-19,Tianjin,0.1454626909841607,Power
2019-08-20,Tianjin,0.1460268324258812,Power
2019-08-21,Tianjin,0.14936985309858616,Power
2019-08-22,Tianjin,0.15048741085956102,Power
2019-08-23,Tianjin,0.1540535140795623,Power
2019-08-24,Tianjin,0.15089496551327544,Power
2019-08-25,Tianjin,0.14090451393603876,Power
2019-08-26,Tianjin,0.14711435984395077,Power
2019-08-27,Tianjin,0.15180874594739308,Power
2019-08-28,Tianjin,0.14613301113829627,Power
2019-08-29,Tianjin,0.13915524646180655,Power
2019-08-30,Tianjin,0.13948558023376453,Power
2019-08-31,Tianjin,0.13316955561343746,Power
2019-08-01,Ningxia,0.3195597960612696,Power
2019-08-02,Ningxia,0.3009728141776125,Power
2019-08-03,Ningxia,0.29403013738150247,Power
2019-08-04,Ningxia,0.28953431966702536,Power
2019-08-05,Ningxia,0.30327331907118527,Power
2019-08-06,Ningxia,0.3173621964561768,Power
2019-08-07,Ningxia,0.3150845594044885,Power
2019-08-08,Ningxia,0.3174468074711491,Power
2019-08-09,Ningxia,0.3149176241587322,Power
2019-08-10,Ningxia,0.290675424977058,Power
2019-08-11,Ningxia,0.2657266094811552,Power
2019-08-12,Ningxia,0.28394084554209614,Power
2019-08-13,Ningxia,0.30304464065234105,Power
2019-08-14,Ningxia,0.31603586162688035,Power
2019-08-15,Ningxia,0.30401881071661735,Power
2019-08-16,Ningxia,0.299790546752188,Power
2019-08-17,Ningxia,0.2983201445190198,Power
2019-08-18,Ningxia,0.2920840840371383,Power
2019-08-19,Ningxia,0.310151965910019,Power
2019-08-20,Ningxia,0.3113548143931395,Power
2019-08-21,Ningxia,0.31848272070851336,Power
2019-08-22,Ningxia,0.32086554983287,Power
2019-08-23,Ningxia,0.32846910725943984,Power
2019-08-24,Ningxia,0.321734527824478,Power
2019-08-25,Ningxia,0.3004331331091402,Power
2019-08-26,Ningxia,0.3136736135602197,Power
2019-08-27,Ningxia,0.32368286795303064,Power
2019-08-28,Ningxia,0.31158120602779527,Power
2019-08-29,Ningxia,0.29670338809779123,Power
2019-08-30,Ningxia,0.29740771762783136,Power
2019-08-31,Ningxia,0.28394084554209614,Power
2019-08-01,Anhui,0.711359291167697,Power
2019-08-02,Anhui,0.6699835536041081,Power
2019-08-03,Anhui,0.6545287382444802,Power
2019-08-04,Anhui,0.6445207781005313,Power
2019-08-05,Anhui,0.6751046156106252,Power
2019-08-06,Anhui,0.7064673025113722,Power
2019-08-07,Anhui,0.7013971456937866,Power
2019-08-08,Anhui,0.706655651710419,Power
2019-08-09,Anhui,0.7010255378145861,Power
2019-08-10,Anhui,0.6470609470282173,Power
2019-08-11,Anhui,0.5915233859038627,Power
2019-08-12,Anhui,0.6320693688878667,Power
2019-08-13,Anhui,0.6745955637213094,Power
2019-08-14,Anhui,0.7035148015533403,Power
2019-08-15,Anhui,0.6767641247697948,Power
2019-08-16,Anhui,0.6673517553363454,Power
2019-08-17,Anhui,0.6640785516880447,Power
2019-08-18,Anhui,0.6501967066664027,Power
2019-08-19,Anhui,0.6904168964412447,Power
2019-08-20,Anhui,0.6930945093790458,Power
2019-08-21,Anhui,0.7089616567690196,Power
2019-08-22,Anhui,0.7142659774556903,Power
2019-08-23,Anhui,0.7311919527754409,Power
2019-08-24,Anhui,0.7162003746350905,Power
2019-08-25,Anhui,0.6687821911453228,Power
2019-08-26,Anhui,0.6982562955367082,Power
2019-08-27,Anhui,0.7205374967320611,Power
2019-08-28,Anhui,0.6935984707494686,Power
2019-08-29,Anhui,0.660479554830582,Power
2019-08-30,Anhui,0.6620474346496746,Power
2019-08-31,Anhui,0.6320693688878667,Power
2019-08-01,Shandong,1.3380061818051785,Power
2019-08-02,Shandong,1.2601819468170394,Power
2019-08-03,Shandong,1.2311127566812141,Power
2019-08-04,Shandong,1.2122886368501755,Power
2019-08-05,Shandong,1.2698142278699514,Power
2019-08-06,Shandong,1.3288047681949913,Power
2019-08-07,Shandong,1.3192682354626848,Power
2019-08-08,Shandong,1.3291590369812316,Power
2019-08-09,Shandong,1.3185692727222647,Power
2019-08-10,Shandong,1.2170664780483893,Power
2019-08-11,Shandong,1.1126050602678046,Power
2019-08-12,Shandong,1.188868597630074,Power
2019-08-13,Shandong,1.2688567446638965,Power
2019-08-14,Shandong,1.323251365599873,Power
2019-08-15,Shandong,1.2729356231216904,Power
2019-08-16,Shandong,1.2552317586417359,Power
2019-08-17,Shandong,1.2490751416268033,Power
2019-08-18,Shandong,1.2229645745976874,Power
2019-08-19,Shandong,1.2986153227080817,Power
2019-08-20,Shandong,1.3036516843719301,Power
2019-08-21,Shandong,1.33349643590466,Power
2019-08-22,Shandong,1.3434734109117517,Power
2019-08-23,Shandong,1.3753097275130757,Power
2019-08-24,Shandong,1.3471118470947603,Power
2019-08-25,Shandong,1.2579222864507502,Power
2019-08-26,Shandong,1.3133605640813264,Power
2019-08-27,Shandong,1.3552696040103476,Power
2019-08-28,Shandong,1.3045995927459244,Power
2019-08-29,Shandong,1.2423057353599953,Power
2019-08-30,Shandong,1.2452547836346441,Power
2019-08-31,Shandong,1.188868597630074,Power
2019-08-01,Shanxi,0.7279681754679135,Power
2019-08-02,Shanxi,0.685626393253524,Power
2019-08-03,Shanxi,0.6698107373968697,Power
2019-08-04,Shanxi,0.6595691104488518,Power
2019-08-05,Shanxi,0.6908670223022045,Power
2019-08-06,Shanxi,0.7229619681957643,Power
2019-08-07,Shanxi,0.7177734328752018,Power
2019-08-08,Shanxi,0.7231547149898013,Power
2019-08-09,Shanxi,0.7173931486599396,Power
2019-08-10,Shanxi,0.6621685874819448,Power
2019-08-11,Shanxi,0.605334330105101,Power
2019-08-12,Shanxi,0.6468269845511653,Power
2019-08-13,Shanxi,0.6903460850210237,Power
2019-08-14,Shanxi,0.7199405319649146,Power
2019-08-15,Shanxi,0.6925652778388546,Power
2019-08-16,Shanxi,0.6829331475098184,Power
2019-08-17,Shanxi,0.6795835207918248,Power
2019-08-18,Shanxi,0.6653775611340197,Power
2019-08-19,Shanxi,0.7065368157201283,Power
2019-08-20,Shanxi,0.7092769458191401,Power
2019-08-21,Shanxi,0.725514560873551,Power
2019-08-22,Shanxi,0.7309427273434568,Power
2019-08-23,Shanxi,0.748263891942724,Power
2019-08-24,Shanxi,0.7329222890119446,Power
2019-08-25,Shanxi,0.684396981269937,Power
2019-08-26,Shanxi,0.7145592498503153,Power
2019-08-27,Shanxi,0.7373606746476065,Power
2019-08-28,Shanxi,0.7097926737275093,Power
2019-08-29,Shanxi,0.6759004942138753,Power
2019-08-30,Shanxi,0.6775049810399126,Power
2019-08-31,Shanxi,0.6468269845511653,Power
2019-08-01,Guangdong,0.6895708930401717,Power
2019-08-02,Guangdong,0.6494624630861814,Power
2019-08-03,Guangdong,0.6344810170551387,Power
2019-08-04,Guangdong,0.6247795931760116,Power
2019-08-05,Guangdong,0.6544266708290104,Power
2019-08-06,Guangdong,0.6848287423037317,Power
2019-08-07,Guangdong,0.6799138805623224,Power
2019-08-08,Guangdong,0.6850113225089849,Power
2019-08-09,Guangdong,0.6795536547519581,Power
2019-08-10,Guangdong,0.6272419586468583,Power
2019-08-11,Guangdong,0.5734054710978875,Power
2019-08-12,Guangdong,0.6127095612287355,Power
2019-08-13,Guangdong,0.6539332108148127,Power
2019-08-14,Guangdong,0.6819666742213849,Power
2019-08-15,Guangdong,0.6560353504752949,Power
2019-08-16,Guangdong,0.6469112748127792,Power
2019-08-17,Guangdong,0.6437383269214879,Power
2019-08-18,Guangdong,0.6302816723343162,Power
2019-08-19,Guangdong,0.6692699480560778,Power
2019-08-20,Guangdong,0.6718655477307577,Power
2019-08-21,Guangdong,0.6872466963733005,Power
2019-08-22,Guangdong,0.6923885497212406,Power
2019-08-23,Guangdong,0.7087960951933147,Power
2019-08-24,Guangdong,0.694263697775192,Power
2019-08-25,Guangdong,0.6482978974526747,Power
2019-08-26,Guangdong,0.6768692322747225,Power
2019-08-27,Guangdong,0.6984679770961566,Power
2019-08-28,Guangdong,0.6723540731448134,Power
2019-08-29,Guangdong,0.64024956462111,Power
2019-08-30,Guangdong,0.641769421464839,Power
2019-08-31,Guangdong,0.6127095612287355,Power
2019-08-01,Guangxi,0.16646700828812186,Power
2019-08-02,Guangxi,0.15678456604909669,Power
2019-08-03,Guangxi,0.15316794515371276,Power
2019-08-04,Guangxi,0.1508259567873344,Power
2019-08-05,Guangxi,0.1579829588754327,Power
2019-08-06,Guangxi,0.16532222150272533,Power
2019-08-07,Guangxi,0.16413574112993137,Power
2019-08-08,Guangxi,0.1653662975808311,Power
2019-08-09,Guangxi,0.16404878021907396,Power
2019-08-10,Guangxi,0.15142038821908557,Power
2019-08-11,Guangxi,0.13842390140464605,Power
2019-08-12,Guangxi,0.14791217065093484,Power
2019-08-13,Guangxi,0.15786383434001164,Power
2019-08-14,Guangxi,0.16463129919728303,Power
2019-08-15,Guangxi,0.15837130486090545,Power
2019-08-16,Guangxi,0.1561686922009697,Power
2019-08-17,Guangxi,0.15540272143821218,Power
2019-08-18,Guangxi,0.15215419535727942,Power
2019-08-19,Guangxi,0.16156622490089873,Power
2019-08-20,Guangxi,0.1621928199572136,Power
2019-08-21,Guangxi,0.16590593172628856,Power
2019-08-22,Guangxi,0.1671472093853762,Power
2019-08-23,Guangxi,0.17110810018812703,Power
2019-08-24,Guangxi,0.1675998826199763,Power
2019-08-25,Guangxi,0.15650343214550294,Power
2019-08-26,Guangxi,0.16340074274638333,Power
2019-08-27,Guangxi,0.1686148236617639,Power
2019-08-28,Guangxi,0.16231075324728048,Power
2019-08-29,Guangxi,0.15456051097278517,Power
2019-08-30,Guangxi,0.15492741454188208,Power
2019-08-31,Guangxi,0.14791217065093484,Power
2019-08-01,Xinjiang,0.5885197262711379,Power
2019-08-02,Xinjiang,0.5542888698705438,Power
2019-08-03,Xinjiang,0.5415028364020148,Power
2019-08-04,Xinjiang,0.5332230795511822,Power
2019-08-05,Xinjiang,0.5585256121858733,Power
2019-08-06,Xinjiang,0.5844725002621601,Power
2019-08-07,Xinjiang,0.5802778726815755,Power
2019-08-08,Xinjiang,0.584628324780716,Power
2019-08-09,Xinjiang,0.5799704351179382,Power
2019-08-10,Xinjiang,0.535324604814949,Power
2019-08-11,Xinjiang,0.4893774292083446,Power
2019-08-12,Xinjiang,0.522921815432598,Power
2019-08-13,Xinjiang,0.558104464838425,Power
2019-08-14,Xinjiang,0.5820298456469603,Power
2019-08-15,Xinjiang,0.5598985525385546,Power
2019-08-16,Xinjiang,0.5521115380842363,Power
2019-08-17,Xinjiang,0.5494035606401441,Power
2019-08-18,Xinjiang,0.5379188724752303,Power
2019-08-19,Xinjiang,0.5711937243971167,Power
2019-08-20,Xinjiang,0.5734089594446945,Power
2019-08-21,Xinjiang,0.5865361222646566,Power
2019-08-22,Xinjiang,0.5909244776250674,Power
2019-08-23,Xinjiang,0.6049276269277217,Power
2019-08-24,Xinjiang,0.5925248375453708,Power
2019-08-25,Xinjiang,0.553294962130566,Power
2019-08-26,Xinjiang,0.5776793935478198,Power
2019-08-27,Xinjiang,0.5961130129456299,Power
2019-08-28,Xinjiang,0.5738258953186683,Power
2019-08-29,Xinjiang,0.546426048893685,Power
2019-08-30,Xinjiang,0.5477231827238255,Power
2019-08-31,Xinjiang,0.522921815432598,Power
2019-08-01,Jiangsu,1.0767446163451564,Power
2019-08-02,Jiangsu,1.0141164856353238,Power
2019-08-03,Jiangsu,0.9907233994105388,Power
2019-08-04,Jiangsu,0.9755749120857933,Power
2019-08-05,Jiangsu,1.0218679496478842,Power
2019-08-06,Jiangsu,1.0693398878003546,Power
2019-08-07,Jiangsu,1.0616654761139626,Power
2019-08-08,Jiangsu,1.0696249814071783,Power
2019-08-09,Jiangsu,1.0611029941329317,Power
2019-08-10,Jiangsu,0.9794198231616061,Power
2019-08-11,Jiangsu,0.8953557353116709,Power
2019-08-12,Jiangsu,0.9567279131049554,Power
2019-08-13,Jiangsu,1.0210974263861983,Power
2019-08-14,Jiangsu,1.064870852882576,Power
2019-08-15,Jiangsu,1.0243798554809804,Power
2019-08-16,Jiangsu,1.0101328803724074,Power
2019-08-17,Jiangsu,1.005178415799767,Power
2019-08-18,Jiangsu,0.9841662464535915,Power
2019-08-19,Jiangsu,1.0450452893593971,Power
2019-08-20,Jiangsu,1.049098241715865,Power
2019-08-21,Jiangsu,1.0731154517826156,Power
2019-08-22,Jiangsu,1.0811443041693831,Power
2019-08-23,Jiangsu,1.1067642026204403,Power
2019-08-24,Jiangsu,1.0840722925637896,Power
2019-08-25,Jiangsu,1.0122980507377448,Power
2019-08-26,Jiangsu,1.0569113475893603,Power
2019-08-27,Jiangsu,1.0906371507533539,Power
2019-08-28,Jiangsu,1.049861059744934,Power
2019-08-29,Jiangsu,0.9997308163396473,Power
2019-08-30,Jiangsu,1.00210402798564,Power
2019-08-31,Jiangsu,0.9567279131049554,Power
2019-08-01,Jiangxi,0.2900257625231535,Power
2019-08-02,Jiangxi,0.2731566079541034,Power
2019-08-03,Jiangxi,0.266855580238597,Power
2019-08-04,Jiangxi,0.2627752704597151,Power
2019-08-05,Jiangxi,0.2752444979019952,Power
2019-08-06,Jiangxi,0.2880312672548394,Power
2019-08-07,Jiangxi,0.2859641316801871,Power
2019-08-08,Jiangxi,0.2881080584358255,Power
2019-08-09,Jiangxi,0.2858126247555388,Power
2019-08-10,Jiangxi,0.2638109136843652,Power
2019-08-11,Jiangxi,0.2411678924800916,Power
2019-08-12,Jiangxi,0.2576987507653381,Power
2019-08-13,Jiangxi,0.2750369541696004,Power
2019-08-14,Jiangxi,0.28682751360694947,Power
2019-08-15,Jiangxi,0.2759210904696023,Power
2019-08-16,Jiangxi,0.2720836068576223,Power
2019-08-17,Jiangxi,0.27074910065832364,Power
2019-08-18,Jiangxi,0.26508938307591723,Power
2019-08-19,Jiangxi,0.28148741337243105,Power
2019-08-20,Jiangxi,0.28257909340482773,Power
2019-08-21,Jiangxi,0.2890482315435739,Power
2019-08-22,Jiangxi,0.29121083723512786,Power
2019-08-23,Jiangxi,0.2981116663372552,Power
2019-08-24,Jiangxi,0.2919995034182281,Power
2019-08-25,Jiangxi,0.2726668047456517,Power
2019-08-26,Jiangxi,0.2846835868513111,Power
2019-08-27,Jiangxi,0.2937677760182319,Power
2019-08-28,Jiangxi,0.28278456169989863,Power
2019-08-29,Jiangxi,0.26928176647029234,Power
2019-08-30,Jiangxi,0.2699210011660683,Power
2019-08-31,Jiangxi,0.2576987507653381,Power
2019-08-01,Hebei,0.8055528356529863,Power
2019-08-02,Hebei,0.7586983935512024,Power
2019-08-03,Hebei,0.7411971526283413,Power
2019-08-04,Hebei,0.7298640038620879,Power
2019-08-05,Hebei,0.7644975530928356,Power
2019-08-06,Hebei,0.8000130818562572,Power
2019-08-07,Hebei,0.7942715680357137,Power
2019-08-08,Hebei,0.8002263710242894,Power
2019-08-09,Hebei,0.7938507542717582,Power
2019-08-10,Hebei,0.7327405253444687,Power
2019-08-11,Hebei,0.6698490436355045,Power
2019-08-12,Hebei,0.7157638604835246,Power
2019-08-13,Hebei,0.7639210958819377,Power
2019-08-14,Hebei,0.796669630033049,Power
2019-08-15,Hebei,0.7663768036003629,Power
2019-08-16,Hebei,0.7557181097708601,Power
2019-08-17,Hebei,0.7520114899047865,Power
2019-08-18,Hebei,0.7362915017635999,Power
2019-08-19,Hebei,0.7818373859966454,Power
2019-08-20,Hebei,0.7848695509259684,Power
2019-08-21,Hebei,0.802837722189657,Power
2019-08-22,Hebei,0.8088444063272134,Power
2019-08-23,Hebei,0.8280116085895697,Power
2019-08-24,Hebei,0.8110349437286256,Power
2019-08-25,Hebei,0.7573379545334833,Power
2019-08-26,Hebei,0.7907148270444735,Power
2019-08-27,Hebei,0.8159463591654761,Power
2019-08-28,Hebei,0.7854402435647575,Power
2019-08-29,Hebei,0.7479359374237381,Power
2019-08-30,Hebei,0.7497114256333036,Power
2019-08-31,Hebei,0.7157638604835246,Power
2019-08-01,Henan,0.7399647938697571,Power
2019-08-02,Henan,0.6969252363668346,Power
2019-08-03,Henan,0.6808489449570324,Power
2019-08-04,Henan,0.6704385401771671,Power
2019-08-05,Henan,0.7022522288432052,Power
2019-08-06,Henan,0.7348760863451129,Power
2019-08-07,Henan,0.7296020460802369,Power
2019-08-08,Henan,0.7350720095276434,Power
2019-08-09,Henan,0.7292154949363253,Power
2019-08-10,Henan,0.6730808555307545,Power
2019-08-11,Henan,0.6153099927899962,Power
2019-08-12,Henan,0.6574864292455543,Power
2019-08-13,Henan,0.7017227067282579,Power
2019-08-14,Henan,0.731804858078418,Power
2019-08-15,Henan,0.7039784709379336,Power
2019-08-16,Henan,0.6941876070325567,Power
2019-08-17,Henan,0.6907827798334452,Power
2019-08-18,Henan,0.6763427117588303,Power
2019-08-19,Henan,0.7181802540608222,Power
2019-08-20,Henan,0.7209655403854454,Power
2019-08-21,Henan,0.7374707447083549,Power
2019-08-22,Henan,0.7429883651461066,Power
2019-08-23,Henan,0.7605949754681067,Power
2019-08-24,Henan,0.7450005491829067,Power
2019-08-25,Henan,0.6956755641755589,Power
2019-08-26,Henan,0.7263348946310118,Power
2019-08-27,Henan,0.7495120776022582,Power
2019-08-28,Henan,0.7214897672792433,Power
2019-08-29,Henan,0.6870390584807672,Power
2019-08-30,Henan,0.688669986594805,Power
2019-08-31,Henan,0.6574864292455543,Power
2019-08-01,Zhejiang,0.5562845121190405,Power
2019-08-02,Zhejiang,0.5239285953974853,Power
2019-08-03,Zhejiang,0.511842896188991,Power
2019-08-04,Zhejiang,0.5040166496000913,Power
2019-08-05,Zhejiang,0.5279332770192723,Power
2019-08-06,Zhejiang,0.552458966355087,Power
2019-08-07,Zhejiang,0.5484940927017073,Power
2019-08-08,Zhejiang,0.5526062558381944,Power
2019-08-09,Zhejiang,0.5482034945323332,Power
2019-08-10,Zhejiang,0.5060030672236218,Power
2019-08-11,Zhejiang,0.462572573691121,Power
2019-08-12,Zhejiang,0.4942796205276351,Power
2019-08-13,Zhejiang,0.527535197335198,Power
2019-08-14,Zhejiang,0.5501501041874562,Power
2019-08-15,Zhejiang,0.5292310167893544,Power
2019-08-16,Zhejiang,0.5218705234308214,Power
2019-08-17,Zhejiang,0.5193108710622241,Power
2019-08-18,Zhejiang,0.5084552380775192,Power
2019-08-19,Zhejiang,0.5399075139162258,Power
2019-08-20,Zhejiang,0.5420014130544564,Power
2019-08-21,Zhejiang,0.5544095568070507,Power
2019-08-22,Zhejiang,0.5585575471151045,Power
2019-08-23,Zhejiang,0.5717936966105733,Power
2019-08-24,Zhejiang,0.5600702499145866,Power
2019-08-25,Zhejiang,0.5229891273430701,Power
2019-08-26,Zhejiang,0.5460379410509693,Power
2019-08-27,Zhejiang,0.5634618888228993,Power
2019-08-28,Zhejiang,0.5423955119416899,Power
2019-08-29,Zhejiang,0.516496447695819,Power
2019-08-30,Zhejiang,0.5177225331227677,Power
2019-08-31,Zhejiang,0.4942796205276351,Power
2019-08-01,Hainan,0.0419763467412667,Power
2019-08-02,Hainan,0.03953482059799541,Power
2019-08-03,Hainan,0.038622852909637684,Power
2019-08-04,Hainan,0.038032296758349377,Power
2019-08-05,Hainan,0.03983700751976348,Power
2019-08-06,Hainan,0.04168767712713238,Power
2019-08-07,Hainan,0.04138849405150514,Power
2019-08-08,Hainan,0.041698791357853475,Power
2019-08-09,Hainan,0.041366565974677035,Power
2019-08-10,Hainan,0.03818218868077708,Power
2019-08-11,Hainan,0.0349049925411253,Power
2019-08-12,Hainan,0.03729755599230096,Power
2019-08-13,Hainan,0.039806969058355124,Power
2019-08-14,Hainan,0.041513454050963905,Power
2019-08-15,Hainan,0.03993493290395473,Power
2019-08-16,Hainan,0.039379521752514204,Power
2019-08-17,Hainan,0.039186374445658465,Power
2019-08-18,Hainan,0.038367225603052564,Power
2019-08-19,Hainan,0.040740564438926874,Power
2019-08-20,Hainan,0.04089856674593483,Power
2019-08-21,Hainan,0.04183486558803333,Power
2019-08-22,Hainan,0.04214786635590841,Power
2019-08-23,Hainan,0.0431466451977363,Power
2019-08-24,Hainan,0.04226201250926018,Power
2019-08-25,Hainan,0.03946392982907169,Power
2019-08-26,Hainan,0.041203156744615575,Power
2019-08-27,Hainan,0.04251794020045938,Power
2019-08-28,Hainan,0.040928304822729106,Power
2019-08-29,Hainan,0.03897400252350138,Power
2019-08-30,Hainan,0.039066520984639114,Power
2019-08-31,Hainan,0.03729755599230096,Power
2019-08-01,Hubei,0.3725400773287419,Power
2019-08-02,Hubei,0.35087153280720923,Power
2019-08-03,Hubei,0.3427778195730344,Power
2019-08-04,Hubei,0.3375366337303507,Power
2019-08-05,Hubei,0.3535534417379009,Power
2019-08-06,Hubei,0.3699781345032999,Power
2019-08-07,Hubei,0.3673228847071081,Power
2019-08-08,Hubei,0.37007677330094957,Power
2019-08-09,Hubei,0.3671282730252587,Power
2019-08-10,Hubei,0.3388669245418966,Power
2019-08-11,Hubei,0.309781808802487,Power
2019-08-12,Hubei,0.33101580943167097,Power
2019-08-13,Hubei,0.35328685039290175,Power
2019-08-14,Hubei,0.36843190470230464,Power
2019-08-15,Hubei,0.35442252952259823,Power
2019-08-16,Hubei,0.34949325555356353,Power
2019-08-17,Hubei,0.3477790732052189,Power
2019-08-18,Hubei,0.3405091272270915,Power
2019-08-19,Hubei,0.36157250939547597,Power
2019-08-20,Hubei,0.3629747798701716,Power
2019-08-21,Hubei,0.3712844320937958,Power
2019-08-22,Hubei,0.37406231390868716,Power
2019-08-23,Hubei,0.3829264761299096,Power
2019-08-24,Hubei,0.37507536101968403,Power
2019-08-25,Hubei,0.3502423772330112,Power
2019-08-26,Hubei,0.36567801610846323,Power
2019-08-27,Hubei,0.377346719279077,Power
2019-08-28,Hubei,0.3632387053017208,Power
2019-08-29,Hubei,0.34589427239607473,Power
2019-08-30,Hubei,0.3467153737386721,Power
2019-08-31,Hubei,0.33101580943167097,Power
2019-08-01,Hunan,0.29236566023001465,Power
2019-08-02,Hunan,0.2753604070752755,Power
2019-08-03,Hunan,0.269008543323087,Power
2019-08-04,Hunan,0.26489531402901495,Power
2019-08-05,Hunan,0.2774651419022523,Power
2019-08-06,Hunan,0.2903550735811829,Power
2019-08-07,Hunan,0.28827126057157165,Power
2019-08-08,Hunan,0.29043248430543556,Power
2019-08-09,Hunan,0.2881185313048029,Power
2019-08-10,Hunan,0.26593931271555715,Power
2019-08-11,Hunan,0.24311360996971515,Power
2019-08-12,Hunan,0.25977783750139544,Power
2019-08-13,Hunan,0.27725592372859653,Power
2019-08-14,Hunan,0.28914160817397955,Power
2019-08-15,Hunan,0.27814719314837005,Power
2019-08-16,Hunan,0.27427874911747524,Power
2019-08-17,Hunan,0.27293347626086883,Power
2019-08-18,Hunan,0.2672280966652766,Power
2019-08-19,Hunan,0.2837584245658172,Power
2019-08-20,Hunan,0.2848589121592464,Power
2019-08-21,Hunan,0.29138024263209605,Power
2019-08-22,Hunan,0.29356029600158895,Power
2019-08-23,Hunan,0.30051680027564254,Power
2019-08-24,Hunan,0.2943553250614808,Power
2019-08-25,Hunan,0.2748666521854479,Power
2019-08-26,Hunan,0.2869803844401157,Power
2019-08-27,Hunan,0.2961378639010278,Power
2019-08-28,Hunan,0.2850660381511656,Power
2019-08-29,Hunan,0.2714543037731227,Power
2019-08-30,Hunan,0.27209869574798234,Power
2019-08-31,Hunan,0.25977783750139544,Power
2019-08-01,Gansu,0.1689588474045194,Power
2019-08-02,Gansu,0.15913146900930586,Power
2019-08-03,Gansu,0.15546071103589684,Power
2019-08-04,Gansu,0.1530836655234719,Power
2019-08-05,Gansu,0.16034780053804415,Power
2019-08-06,Gansu,0.16779692434376645,Power
2019-08-07,Gansu,0.16659268358569154,Power
2019-08-08,Gansu,0.16784166019522104,Power
2019-08-09,Gansu,0.1665044209598487,Power
2019-08-10,Gansu,0.1536869949795757,Power
2019-08-11,Gansu,0.14049596418580357,Power
2019-08-12,Gansu,0.15012626301920368,Power
2019-08-13,Gansu,0.16022689283141012,Power
2019-08-14,Gansu,0.16709565964528908,Power
2019-08-15,Gansu,0.16074195966167107,Power
2019-08-16,Gansu,0.15850637616600793,Power
2019-08-17,Gansu,0.15772893961235115,Power
2019-08-18,Gansu,0.1544317864524413,Power
2019-08-19,Gansu,0.16398470435359563,Power
2019-08-20,Gansu,0.1646206788904906,Power
2019-08-21,Gansu,0.16838937210627317,Power
2019-08-22,Gansu,0.16964923040939972,Power
2019-08-23,Gansu,0.17366941165498104,Power
2019-08-24,Gansu,0.17010867969460902,Power
2019-08-25,Gansu,0.15884612682164956,Power
2019-08-26,Gansu,0.1658466830357596,Power
2019-08-27,Gansu,0.17113881335513093,Power
2019-08-28,Gansu,0.1647403775200583,Power
2019-08-29,Gansu,0.1568741221264486,Power
2019-08-30,Gansu,0.15724651786288138,Power
2019-08-31,Gansu,0.15012626301920368,Power
2019-08-01,Fujian,0.2997196244515783,Power
2019-08-02,Fujian,0.2822866328846733,Power
2019-08-03,Fujian,0.2757749987314839,Power
2019-08-04,Fujian,0.2715583081039575,Power
2019-08-05,Fujian,0.28444430876020316,Power
2019-08-06,Fujian,0.2976584648925483,Power
2019-08-07,Fujian,0.29552223708735176,Power
2019-08-08,Fujian,0.2977378227527815,Power
2019-08-09,Fujian,0.2953656661739187,Power
2019-08-10,Fujian,0.2726285668135891,Power
2019-08-11,Fujian,0.24922872207996055,Power
2019-08-12,Fujian,0.2663121101004327,Power
2019-08-13,Fujian,0.28422982805687014,Power
2019-08-14,Fujian,0.296414476813217,Power
2019-08-15,Fujian,0.2851435158530687,Power
2019-08-16,Fujian,0.2811777676484418,Power
2019-08-17,Fujian,0.27979865672601073,Power
2019-08-18,Fujian,0.27394976794612025,Power
2019-08-19,Fujian,0.2908958883164593,Power
2019-08-20,Fujian,0.2920240568159908,Power
2019-08-21,Fujian,0.2987094203388799,Power
2019-08-22,Fujian,0.3009443092676096,Power
2019-08-23,Fujian,0.3080757926534313,Power
2019-08-24,Fujian,0.301759335940275,Power
2019-08-25,Fujian,0.2817804584248075,Power
2019-08-26,Fujian,0.29419889114778724,Power
2019-08-27,Fujian,0.30358671153267197,Power
2019-08-28,Fujian,0.29223639271229046,Power
2019-08-29,Fujian,0.2782822781534465,Power
2019-08-30,Fujian,0.2789428787197121,Power
2019-08-31,Fujian,0.2663121101004327,Power
2019-08-01,Tibet,0.001053460439452639,Power
2019-08-02,Tibet,0.000992186617324209,Power
2019-08-03,Tibet,0.0009692993973461194,Power
2019-08-04,Tibet,0.0009544784900744051,Power
2019-08-05,Tibet,0.0009997704589902031,Power
2019-08-06,Tibet,0.0010462158352369131,Power
2019-08-07,Tibet,0.0010387073796709785,Power
2019-08-08,Tibet,0.0010464947638071335,Power
2019-08-09,Tibet,0.0010381570611405434,Power
2019-08-10,Tibet,0.0009582402564673784,Power
2019-08-11,Tibet,0.0008759940213023724,Power
2019-08-12,Tibet,0.0009360390499998309,Power
2019-08-13,Tibet,0.0009990165979896074,Power
2019-08-14,Tibet,0.001041843441433457,Power
2019-08-15,Tibet,0.0010022280458521458,Power
2019-08-16,Tibet,0.0009882891559511286,Power
2019-08-17,Tibet,0.0009834418297172973,Power
2019-08-18,Tibet,0.0009628840402310489,Power
2019-08-19,Tibet,0.0010224465978881261,Power
2019-08-20,Tibet,0.0010264119067512603,Power
2019-08-21,Tibet,0.0010499097541398325,Power
2019-08-22,Tibet,0.0010577649857660414,Power
2019-08-23,Tibet,0.001082830864035853,Power
2019-08-24,Tibet,0.0010606296575683056,Power
2019-08-25,Tibet,0.0009904075053628028,Power
2019-08-26,Tibet,0.001034056057297302,Power
2019-08-27,Tibet,0.0010670525532933822,Power
2019-08-28,Tibet,0.0010271582291418503,Power
2019-08-29,Tibet,0.0009781120324430848,Power
2019-08-30,Tibet,0.00098043392432492,Power
2019-08-31,Tibet,0.0009360390499998309,Power
2019-08-01,Guizhou,0.2547145789468852,Power
2019-08-02,Guizhou,0.2398992757618708,Power
2019-08-03,Guizhou,0.23436541005447614,Power
2019-08-04,Guizhou,0.23078188568664418,Power
2019-08-05,Guizhou,0.2417329611708428,Power
2019-08-06,Guizhou,0.2529629172391098,Power
2019-08-07,Guizhou,0.25114745931929255,Power
2019-08-08,Guizhou,0.2530303589489825,Power
2019-08-09,Guizhou,0.25101439864846253,Power
2019-08-10,Guizhou,0.23169143739546827,Power
2019-08-11,Guizhou,0.21180524672759093,Power
2019-08-12,Guizhou,0.22632344183938222,Power
2019-08-13,Guizhou,0.2415506862792949,Power
2019-08-14,Guizhou,0.25190572286813184,Power
2019-08-15,Guizhou,0.24232717731728903,Power
2019-08-16,Guizhou,0.2389569145725681,Power
2019-08-17,Guizhou,0.23778488701991501,Power
2019-08-18,Guizhou,0.23281425072740344,Power
2019-08-19,Guizhou,0.24721578990860407,Power
2019-08-20,Guizhou,0.24817455583814607,Power
2019-08-21,Guizhou,0.2538560642076945,Power
2019-08-22,Guizhou,0.2557553685776238,Power
2019-08-23,Guizhou,0.26181600872159194,Power
2019-08-24,Guizhou,0.2564480131655059,Power
2019-08-25,Guizhou,0.23946910701781773,Power
2019-08-26,Guizhou,0.25002282323844194,Power
2019-08-27,Guizhou,0.2580009952414941,Power
2019-08-28,Guizhou,0.24835500798077853,Power
2019-08-29,Guizhou,0.23649620353667125,Power
2019-08-30,Guizhou,0.23705761020263882,Power
2019-08-31,Guizhou,0.22632344183938222,Power
2019-08-01,Liaoning,0.4516475280849466,Power
2019-08-02,Liaoning,0.42537775158057106,Power
2019-08-03,Liaoning,0.41556536951028517,Power
2019-08-04,Liaoning,0.4092112380378931,Power
2019-08-05,Liaoning,0.42862915354457226,Power
2019-08-06,Liaoning,0.4485415665666513,Power
2019-08-07,Liaoning,0.4453224847016958,Power
2019-08-08,Liaoning,0.44866115093312053,Power
2019-08-09,Liaoning,0.4450865479786619,Power
2019-08-10,Liaoning,0.41082401098027543,Power
2019-08-11,Liaoning,0.37556278292137574,Power
2019-08-12,Liaoning,0.40130574181130574,Power
2019-08-13,Liaoning,0.4283059525541149,Power
2019-08-14,Liaoning,0.44666700082199845,Power
2019-08-15,Liaoning,0.42968278877346333,Power
2019-08-16,Liaoning,0.42370680245990644,Power
2019-08-17,Liaoning,0.42162862009126556,Power
2019-08-18,Liaoning,0.4128149290814929,Power
2019-08-19,Liaoning,0.43835103933753017,Power
2019-08-20,Liaoning,0.440051076547336,Power
2019-08-21,Liaoning,0.4501252514198924,Power
2019-08-22,Liaoning,0.45349300574045825,Power
2019-08-23,Liaoning,0.464239438673166,Power
2019-08-24,Liaoning,0.45472116950419633,Power
2019-08-25,Liaoning,0.4246149972430917,Power
2019-08-26,Liaoning,0.4433283345905738,Power
2019-08-27,Liaoning,0.4574748419428932,Power
2019-08-28,Liaoning,0.4403710455278888,Power
2019-08-29,Liaoning,0.41934358908873187,Power
2019-08-30,Liaoning,0.4203390481393406,Power
2019-08-31,Liaoning,0.40130574181130574,Power
2019-08-01,Chongqing,0.11005960411666096,Power
2019-08-02,Chongqing,0.10365806082788434,Power
2019-08-03,Chongqing,0.10126693319196828,Power
2019-08-04,Chongqing,0.09971852840533753,Power
2019-08-05,Chongqing,0.10445037782450212,Power
2019-08-06,Chongqing,0.10930272873520006,Power
2019-08-07,Chongqing,0.10851828765306157,Power
2019-08-08,Chongqing,0.10933186961877346,Power
2019-08-09,Chongqing,0.10846079347736265,Power
2019-08-10,Chongqing,0.10011153653785469,Power
2019-08-11,Chongqing,0.0915189138409363,Power
2019-08-12,Chongqing,0.09779207972370028,Power
2019-08-13,Chongqing,0.10437161867970911,Power
2019-08-14,Chongqing,0.10884592569540052,Power
2019-08-15,Chongqing,0.10470713263652737,Power
2019-08-16,Chongqing,0.10325087604930444,Power
2019-08-17,Chongqing,0.10274445474828534,Power
2019-08-18,Chongqing,0.1005966928697797,Power
2019-08-19,Chongqing,0.10681945289987614,Power
2019-08-20,Chongqing,0.10723372600148742,Power
2019-08-21,Chongqing,0.10968864854468584,Power
2019-08-22,Chongqing,0.1105093188334291,Power
2019-08-23,Chongqing,0.11312806039779698,Power
2019-08-24,Chongqing,0.11080860358364258,Power
2019-08-25,Chongqing,0.10347218924617282,Power
2019-08-26,Chongqing,0.10803234372968865,Power
2019-08-27,Chongqing,0.1114796314972791,Power
2019-08-28,Chongqing,0.10731169755483251,Power
2019-08-29,Chongqing,0.10218762759459868,Power
2019-08-30,Chongqing,0.10243020576056117,Power
2019-08-31,Chongqing,0.09779207972370028,Power
2019-08-01,Shaanxi,0.4323239572676792,Power
2019-08-02,Shaanxi,0.4071781233403581,Power
2019-08-03,Shaanxi,0.3977855603724267,Power
2019-08-04,Shaanxi,0.39170328804207316,Power
2019-08-05,Shaanxi,0.4102904152855949,Power
2019-08-06,Shaanxi,0.4293508831529947,Power
2019-08-07,Shaanxi,0.42626952850343613,Power
2019-08-08,Shaanxi,0.4294653511470044,Power
2019-08-09,Shaanxi,0.4260436862449845,Power
2019-08-10,Shaanxi,0.3932470590964203,Power
2019-08-11,Shaanxi,0.35949446951139663,Power
2019-08-12,Shaanxi,0.3841360255191614,Power
2019-08-13,Shaanxi,0.40998104232881194,Power
2019-08-14,Shaanxi,0.4275565200036533,Power
2019-08-15,Shaanxi,0.4112989711247075,Power
2019-08-16,Shaanxi,0.40557866515379004,Power
2019-08-17,Shaanxi,0.4035893970416755,Power
2019-08-18,Shaanxi,0.3951527965102035,Power
2019-08-19,Shaanxi,0.41959635382562716,Power
2019-08-20,Shaanxi,0.42122365557830566,Power
2019-08-21,Shaanxi,0.4308668106412313,Power
2019-08-22,Shaanxi,0.43409047685091,Power
2019-08-23,Shaanxi,0.44437712766394427,Power
2019-08-24,Shaanxi,0.4352660940866854,Power
2019-08-25,Shaanxi,0.40644800316235025,Power
2019-08-26,Shaanxi,0.42436069736008514,Power
2019-08-27,Shaanxi,0.43790195167847645,Power
2019-08-28,Shaanxi,0.4215299348055208,Power
2019-08-29,Shaanxi,0.40140213023721977,Power
2019-08-30,Shaanxi,0.40235499894411136,Power
2019-08-31,Shaanxi,0.3841360255191614,Power
2019-08-01,Qinghai,0.01975238323973698,Power
2019-08-02,Qinghai,0.01860349907482892,Power
2019-08-03,Qinghai,0.018174363700239737,Power
2019-08-04,Qinghai,0.017896471688895094,Power
2019-08-05,Qinghai,0.018745696106066308,Power
2019-08-06,Qinghai,0.019616546910692118,Power
2019-08-07,Qinghai,0.019475763368830844,Power
2019-08-08,Qinghai,0.01962177682138375,Power
2019-08-09,Qinghai,0.019465444896385187,Power
2019-08-10,Qinghai,0.017967004808763343,Power
2019-08-11,Qinghai,0.01642488789941948,Power
2019-08-12,Qinghai,0.01755073218749683,Power
2019-08-13,Qinghai,0.018731561212305136,Power
2019-08-14,Qinghai,0.019534564526877317,Power
2019-08-15,Qinghai,0.01879177585972773,Power
2019-08-16,Qinghai,0.01853042167408366,Power
2019-08-17,Qinghai,0.018439534307199325,Power
2019-08-18,Qinghai,0.018054075754332165,Power
2019-08-19,Qinghai,0.019170873710402363,Power
2019-08-20,Qinghai,0.01924522325158613,Power
2019-08-21,Qinghai,0.019685807890121858,Power
2019-08-22,Qinghai,0.01983309348311327,Power
2019-08-23,Qinghai,0.02030307870067224,Power
2019-08-24,Qinghai,0.01988680607940573,Power
2019-08-25,Qinghai,0.018570140725552554,Power
2019-08-26,Qinghai,0.01938855107432441,Power
2019-08-27,Qinghai,0.020007235374250913,Power
2019-08-28,Qinghai,0.019259216796409687,Power
2019-08-29,Qinghai,0.018339600608307836,Power
2019-08-30,Qinghai,0.018383136081092245,Power
2019-08-31,Qinghai,0.01755073218749683,Power
2019-08-01,Heilongjiang,0.17140341586017233,Power
2019-08-02,Heilongjiang,0.1614338507751479,Power
2019-08-03,Heilongjiang,0.15770998271435385,Power
2019-08-04,Heilongjiang,0.15529854509659327,Power
2019-08-05,Heilongjiang,0.16266778070570087,Power
2019-08-06,Heilongjiang,0.1702246816024572,Power
2019-08-07,Heilongjiang,0.1690030173769793,Power
2019-08-08,Heilongjiang,0.170270064711235,Power
2019-08-09,Heilongjiang,0.1689134777299312,Power
2019-08-10,Heilongjiang,0.15591060377983973,Power
2019-08-11,Heilongjiang,0.14252871954292828,Power
2019-08-12,Heilongjiang,0.1522983536352289,Power
2019-08-13,Heilongjiang,0.16254512365495008,Power
2019-08-14,Heilongjiang,0.16951327070810257,Power
2019-08-15,Heilongjiang,0.16306764269114846,Power
2019-08-16,Heilongjiang,0.1607997138227663,Power
2019-08-17,Heilongjiang,0.1600110289864387,Power
2019-08-18,Heilongjiang,0.15666617121246462,Power
2019-08-19,Heilongjiang,0.16635730479228472,Power
2019-08-20,Heilongjiang,0.16700248087923386,Power
2019-08-21,Heilongjiang,0.17082570115113607,Power
2019-08-22,Heilongjiang,0.17210378761995934,Power
2019-08-23,Heilongjiang,0.17618213455742318,Power
2019-08-24,Heilongjiang,0.17256988441281237,Power
2019-08-25,Heilongjiang,0.16114438013537602,Power
2019-08-26,Heilongjiang,0.16824622337384693,Power
2019-08-27,Heilongjiang,0.17361492248520913,Power
2019-08-28,Heilongjiang,0.16712391135947716,Power
2019-08-29,Heilongjiang,0.1591438436376306,Power
2019-08-30,Heilongjiang,0.15952162735394304,Power
2019-08-31,Heilongjiang,0.1522983536352289,Power
2019-09-01,Shanghai,0.09883084737429305,Power
2019-09-02,Shanghai,0.10295018213934816,Power
2019-09-03,Shanghai,0.10420216122504165,Power
2019-09-04,Shanghai,0.10379313160990121,Power
2019-09-05,Shanghai,0.10651363487165665,Power
2019-09-06,Shanghai,0.10943491940494145,Power
2019-09-07,Shanghai,0.1080203240828027,Power
2019-09-08,Shanghai,0.10945815029586221,Power
2019-09-09,Shanghai,0.11272706851828258,Power
2019-09-10,Shanghai,0.1119463446484101,Power
2019-09-11,Shanghai,0.10815970942832723,Power
2019-09-12,Shanghai,0.10942662265818405,Power
2019-09-13,Shanghai,0.0953611478803433,Power
2019-09-14,Shanghai,0.10050844956864177,Power
2019-09-15,Shanghai,0.10139703114636059,Power
2019-09-16,Shanghai,0.10218522208831475,Power
2019-09-17,Shanghai,0.10054661460372585,Power
2019-09-18,Shanghai,0.09795056254333162,Power
2019-09-19,Shanghai,0.09986711104429381,Power
2019-09-20,Shanghai,0.10041552600495875,Power
2019-09-21,Shanghai,0.09673674849272222,Power
2019-09-22,Shanghai,0.09281072792711482,Power
2019-09-23,Shanghai,0.09772572070620576,Power
2019-09-24,Shanghai,0.09940332290055448,Power
2019-09-25,Shanghai,0.09809741496093781,Power
2019-09-26,Shanghai,0.09710761307277854,Power
2019-09-27,Shanghai,0.09795056254333162,Power
2019-09-28,Shanghai,0.09508320686397,Power
2019-09-29,Shanghai,0.09477373820991852,Power
2019-09-30,Shanghai,0.08741618318544546,Power
2019-09-01,Yunnan,0.027996873167658518,Power
2019-09-02,Yunnan,0.029163801267704053,Power
2019-09-03,Yunnan,0.029518462799016987,Power
2019-09-04,Yunnan,0.02940259259693794,Power
2019-09-05,Yunnan,0.0301732587077233,Power
2019-09-06,Yunnan,0.031000802280786815,Power
2019-09-07,Yunnan,0.0306000747056453,Power
2019-09-08,Yunnan,0.031007383144190902,Power
2019-09-09,Yunnan,0.03193340463747981,Power
2019-09-10,Yunnan,0.03171224062093543,Power
2019-09-11,Yunnan,0.0306395598860698,Power
2019-09-12,Yunnan,0.030998451972428218,Power
2019-09-13,Yunnan,0.02701397421209146,Power
2019-09-14,Yunnan,0.028472105517767694,Power
2019-09-15,Yunnan,0.028723823542973887,Power
2019-09-16,Yunnan,0.028947102837041012,Power
2019-09-17,Yunnan,0.028482916936217257,Power
2019-09-18,Yunnan,0.02774750545081092,Power
2019-09-19,Yunnan,0.028290426681647815,Power
2019-09-20,Yunnan,0.028445782064151357,Power
2019-09-21,Yunnan,0.027403655337947547,Power
2019-09-22,Yunnan,0.026291489422657424,Power
2019-09-23,Yunnan,0.027683812094292826,Power
2019-09-24,Yunnan,0.028159044444402002,Power
2019-09-25,Yunnan,0.02778910590875816,Power
2019-09-26,Yunnan,0.027508714121577026,Power
2019-09-27,Yunnan,0.02774750545081092,Power
2019-09-28,Yunnan,0.026935238882078317,Power
2019-09-29,Yunnan,0.026847572380302484,Power
2019-09-30,Yunnan,0.024763318927894865,Power
2019-09-01,InnerMongolia,1.0801904802961817,Power
2019-09-02,InnerMongolia,1.1252135304529187,Power
2019-09-03,InnerMongolia,1.1388972731893774,Power
2019-09-04,InnerMongolia,1.1344267064769358,Power
2019-09-05,InnerMongolia,1.1641609625623217,Power
2019-09-06,InnerMongolia,1.1960896956140583,Power
2019-09-07,InnerMongolia,1.1806286078965889,Power
2019-09-08,InnerMongolia,1.1963436020399172,Power
2019-09-09,InnerMongolia,1.2320718633928969,Power
2019-09-10,InnerMongolia,1.223538793866716,Power
2019-09-11,InnerMongolia,1.1821520464517412,Power
2019-09-12,InnerMongolia,1.1959990147476802,Power
2019-09-13,InnerMongolia,1.0422677419768513,Power
2019-09-14,InnerMongolia,1.0985261514778377,Power
2019-09-15,InnerMongolia,1.1082380722669343,Power
2019-09-16,InnerMongolia,1.116852754572856,Power
2019-09-17,InnerMongolia,1.098943283463177,Power
2019-09-18,InnerMongolia,1.0705692403734628,Power
2019-09-19,InnerMongolia,1.091516520506809,Power
2019-09-20,InnerMongolia,1.0975105257744027,Power
2019-09-21,InnerMongolia,1.0573026296223436,Power
2019-09-22,InnerMongolia,1.0143924436522167,Power
2019-09-23,InnerMongolia,1.0681117888946159,Power
2019-09-24,InnerMongolia,1.086447460076272,Power
2019-09-25,InnerMongolia,1.0721742917083557,Power
2019-09-26,InnerMongolia,1.0613560643494457,Power
2019-09-27,InnerMongolia,1.0705692403734628,Power
2019-09-28,InnerMongolia,1.0392299329531842,Power
2019-09-29,InnerMongolia,1.0358475366372801,Power
2019-09-30,InnerMongolia,0.9554317443331621,Power
2019-09-01,Beijing,0.06760656591136115,Power
2019-09-02,Beijing,0.0704244520744732,Power
2019-09-03,Beijing,0.07128088515002931,Power
2019-09-04,Beijing,0.07100108295900931,Power
2019-09-05,Beijing,0.072862079681838,Power
2019-09-06,Beijing,0.07486042352480225,Power
2019-09-07,Beijing,0.073892750632938,Power
2019-09-08,Beijing,0.074876314927132,Power
2019-09-09,Beijing,0.07711246225495909,Power
2019-09-10,Beijing,0.07657839762666334,Power
2019-09-11,Beijing,0.07398809904691643,Power
2019-09-12,Beijing,0.07485474802397021,Power
2019-09-13,Beijing,0.06523307146339849,Power
2019-09-14,Beijing,0.06875415217960135,Power
2019-09-15,Beijing,0.06936199831871372,Power
2019-09-16,Beijing,0.06990117089775832,Power
2019-09-17,Beijing,0.06878025948342875,Power
2019-09-18,Beijing,0.0670043952730808,Power
2019-09-19,Beijing,0.068315435965284,Power
2019-09-20,Beijing,0.06869058657028239,Power
2019-09-21,Beijing,0.06617406950135211,Power
2019-09-22,Beijing,0.06348842250762679,Power
2019-09-23,Beijing,0.06685058920053229,Power
2019-09-24,Beijing,0.06799817546877249,Power
2019-09-25,Beijing,0.06710485163780806,Power
2019-09-26,Beijing,0.06642776438854467,Power
2019-09-27,Beijing,0.0670043952730808,Power
2019-09-28,Beijing,0.06504294218552487,Power
2019-09-29,Beijing,0.06483124600448945,Power
2019-09-30,Beijing,0.05979821186662888,Power
2019-09-01,Jilin,0.12238800278631869,Power
2019-09-02,Jilin,0.12748921529332063,Power
2019-09-03,Jilin,0.12903961401901368,Power
2019-09-04,Jilin,0.12853308878921466,Power
2019-09-05,Jilin,0.1319020466563767,Power
2019-09-06,Jilin,0.13551964368299377,Power
2019-09-07,Jilin,0.133767867786833,Power
2019-09-08,Jilin,0.13554841185020347,Power
2019-09-09,Jilin,0.13959650395042253,Power
2019-09-10,Jilin,0.1386296880452687,Power
2019-09-11,Jilin,0.13394047679009108,Power
2019-09-12,Jilin,0.13550936933756177,Power
2019-09-13,Jilin,0.11809127152664455,Power
2019-09-14,Jilin,0.12446547543267476,Power
2019-09-15,Jilin,0.12556585782844495,Power
2019-09-16,Jilin,0.12654192064448763,Power
2019-09-17,Jilin,0.12451273742166208,Power
2019-09-18,Jilin,0.12129789473598049,Power
2019-09-19,Jilin,0.12367126853077899,Power
2019-09-20,Jilin,0.12435040276383603,Power
2019-09-21,Jilin,0.11979475799927479,Power
2019-09-22,Jilin,0.1149329377408391,Power
2019-09-23,Jilin,0.12101945997477255,Power
2019-09-24,Jilin,0.12309693262112863,Power
2019-09-25,Jilin,0.1214797506501274,Power
2019-09-26,Jilin,0.12025402124008644,Power
2019-09-27,Jilin,0.12129789473598049,Power
2019-09-28,Jilin,0.1177470809546716,Power
2019-09-29,Jilin,0.11736384787005694,Power
2019-09-30,Jilin,0.10825255834093442,Power
2019-09-01,Sichuan,0.05127451487032514,Power
2019-09-02,Sichuan,0.053411670396946734,Power
2019-09-03,Sichuan,0.05406121071712236,Power
2019-09-04,Sichuan,0.053849001719212086,Power
2019-09-05,Sichuan,0.055260428299633485,Power
2019-09-06,Sichuan,0.05677602238004328,Power
2019-09-07,Sichuan,0.05604211499376135,Power
2019-09-08,Sichuan,0.05678807481805847,Power
2019-09-09,Sichuan,0.058484025024481245,Power
2019-09-10,Sichuan,0.05807897701832799,Power
2019-09-11,Sichuan,0.05611442962185247,Power
2019-09-12,Sichuan,0.056771717937895004,Power
2019-09-13,Sichuan,0.04947439716391396,Power
2019-09-14,Sichuan,0.05214487307270759,Power
2019-09-15,Sichuan,0.05260587882678849,Power
2019-09-16,Sichuan,0.0530148008308752,Power
2019-09-17,Sichuan,0.052164673506589675,Power
2019-09-18,Sichuan,0.0508178135583925,Power
2019-09-19,Sichuan,0.05181213969464545,Power
2019-09-20,Sichuan,0.05209666332064683,Power
2019-09-21,Sichuan,0.05018807367209897,Power
2019-09-22,Sichuan,0.04815121164753233,Power
2019-09-23,Sichuan,0.05070116317617409,Power
2019-09-24,Sichuan,0.051571521378556535,Power
2019-09-25,Sichuan,0.05089400218441708,Power
2019-09-26,Sichuan,0.050380482236127136,Power
2019-09-27,Sichuan,0.0508178135583925,Power
2019-09-28,Sichuan,0.04933019835194654,Power
2019-09-29,Sichuan,0.049169642659815646,Power
2019-09-30,Sichuan,0.04535246336271992,Power
2019-09-01,Tianjin,0.1437415501175837,Power
2019-09-02,Tianjin,0.14973279253140004,Power
2019-09-03,Tianjin,0.15155369581487413,Power
2019-09-04,Tianjin,0.1509587950072182,Power
2019-09-05,Tianjin,0.15491554906057245,Power
2019-09-06,Tianjin,0.15916432338867867,Power
2019-09-07,Tianjin,0.1571069078165625,Power
2019-09-08,Tianjin,0.1591981108584847,Power
2019-09-09,Tianjin,0.1639524905383309,Power
2019-09-10,Tianjin,0.16281699021377882,Power
2019-09-11,Tianjin,0.1573096326353986,Power
2019-09-12,Tianjin,0.15915225643517653,Power
2019-09-13,Tianjin,0.1386951501629855,Power
2019-09-14,Tianjin,0.14618148811571796,Power
2019-09-15,Tianjin,0.14747385883579794,Power
2019-09-16,Tianjin,0.14862021941850198,Power
2019-09-17,Tianjin,0.1462369961018278,Power
2019-09-18,Tianjin,0.1424612463510058,Power
2019-09-19,Tianjin,0.14524871261000194,Power
2019-09-20,Tianjin,0.14604633823649388,Power
2019-09-21,Tianjin,0.1406958510536416,Power
2019-09-22,Tianjin,0.1349857686564253,Power
2019-09-23,Tianjin,0.1421342319110976,Power
2019-09-24,Tianjin,0.1445741699092319,Power
2019-09-25,Tianjin,0.1426748314279938,Power
2019-09-26,Tianjin,0.1412352438751876,Power
2019-09-27,Tianjin,0.1424612463510058,Power
2019-09-28,Tianjin,0.13829090722066356,Power
2019-09-29,Tianjin,0.13784080985503344,Power
2019-09-30,Tianjin,0.12713983548932883,Power
2019-09-01,Ningxia,0.2789904336938286,Power
2019-09-02,Ningxia,0.2906189385904862,Power
2019-09-03,Ningxia,0.29415316092463656,Power
2019-09-04,Ningxia,0.2929985077697418,Power
2019-09-05,Ningxia,0.3006782394023985,Power
2019-09-06,Ningxia,0.3089247581820826,Power
2019-09-07,Ningxia,0.3049314851007531,Power
2019-09-08,Ningxia,0.30899033686025107,Power
2019-09-09,Ningxia,0.31821819371681326,Power
2019-09-10,Ningxia,0.31601428171122314,Power
2019-09-11,Ningxia,0.3053249571697639,Power
2019-09-12,Ningxia,0.3089013372255939,Power
2019-09-13,Ningxia,0.269195789690239,Power
2019-09-14,Ningxia,0.2837261510958511,Power
2019-09-15,Ningxia,0.2862345355357947,Power
2019-09-16,Ningxia,0.2884595264022247,Power
2019-09-17,Ningxia,0.28383388749569927,Power
2019-09-18,Ningxia,0.27650547021037364,Power
2019-09-19,Ningxia,0.2819157111592718,Power
2019-09-20,Ningxia,0.2834638363831772,Power
2019-09-21,Ningxia,0.27307898427607147,Power
2019-09-22,Ningxia,0.2619961876656014,Power
2019-09-23,Ningxia,0.2758707622895289,Power
2019-09-24,Ningxia,0.2806064796915514,Power
2019-09-25,Ningxia,0.27692002114022424,Power
2019-09-26,Ningxia,0.274125901031118,Power
2019-09-27,Ningxia,0.27650547021037364,Power
2019-09-28,Ningxia,0.26841118764786637,Power
2019-09-29,Ningxia,0.26753758597083643,Power
2019-09-30,Ningxia,0.24676788175662495,Power
2019-09-01,Anhui,0.5333706603264184,Power
2019-09-02,Anhui,0.5556019004919713,Power
2019-09-03,Anhui,0.5623585855694778,Power
2019-09-04,Anhui,0.5601511331220219,Power
2019-09-05,Anhui,0.5748331545727468,Power
2019-09-06,Anhui,0.5905987530869283,Power
2019-09-07,Anhui,0.5829644601398453,Power
2019-09-08,Anhui,0.5907241256397251,Power
2019-09-09,Anhui,0.6083658348546855,Power
2019-09-10,Anhui,0.604152421562483,Power
2019-09-11,Anhui,0.5837166954566254,Power
2019-09-12,Anhui,0.5905539771752153,Power
2019-09-13,Anhui,0.514645374048001,Power
2019-09-14,Anhui,0.5424243496748068,Power
2019-09-15,Anhui,0.5472198498192794,Power
2019-09-16,Anhui,0.5514735614320238,Power
2019-09-17,Anhui,0.542630318868687,Power
2019-09-18,Anhui,0.5286199360936588,Power
2019-09-19,Anhui,0.5389631716993842,Power
2019-09-20,Anhui,0.54192285946362,Power
2019-09-21,Anhui,0.5220692202100325,Power
2019-09-22,Anhui,0.5008812587873949,Power
2019-09-23,Anhui,0.5274065088862339,Power
2019-09-24,Anhui,0.5364601982346221,Power
2019-09-25,Anhui,0.5294124697309806,Power
2019-09-26,Anhui,0.5240707034636081,Power
2019-09-27,Anhui,0.5286199360936588,Power
2019-09-28,Anhui,0.5131453810056122,Power
2019-09-29,Anhui,0.5114752394987137,Power
2019-09-30,Anhui,0.4717679609915387,Power
2019-09-01,Shandong,1.2670941473938566,Power
2019-09-02,Shandong,1.3199074654077123,Power
2019-09-03,Shandong,1.3359588847194763,Power
2019-09-04,Shandong,1.330714782850225,Power
2019-09-05,Shandong,1.3655939106986508,Power
2019-09-06,Shandong,1.4030472224261001,Power
2019-09-07,Shandong,1.3849109269147963,Power
2019-09-08,Shandong,1.4033450618831775,Power
2019-09-09,Shandong,1.4452553283433167,Power
2019-09-10,Shandong,1.4352457951608317,Power
2019-09-11,Shandong,1.3866979636572592,Power
2019-09-12,Shandong,1.4029408511914299,Power
2019-09-13,Shandong,1.2226096970546936,Power
2019-09-14,Shandong,1.2886024110442122,Power
2019-09-15,Shandong,1.2999947702774124,Power
2019-09-16,Shandong,1.310100037571101,Power
2019-09-17,Shandong,1.2890917187236959,Power
2019-09-18,Shandong,1.2558081593953265,Power
2019-09-19,Shandong,1.28037991460419,Power
2019-09-20,Shandong,1.2874110532159035,Power
2019-09-21,Shandong,1.2402460477630464,Power
2019-09-22,Shandong,1.1899111795170112,Power
2019-09-23,Shandong,1.2529254989357588,Power
2019-09-24,Shandong,1.2744337625861144,Power
2019-09-25,Shandong,1.2576909302489927,Power
2019-09-26,Shandong,1.2450008419528136,Power
2019-09-27,Shandong,1.2558081593953265,Power
2019-09-28,Shandong,1.2190462606932349,Power
2019-09-29,Shandong,1.2150786136400287,Power
2019-09-30,Shandong,1.120748602734314,Power
2019-09-01,Shanxi,0.5816485282196621,Power
2019-09-02,Shanxi,0.605892021693559,Power
2019-09-03,Shanxi,0.613260285873239,Power
2019-09-04,Shanxi,0.6108530266018126,Power
2019-09-05,Shanxi,0.6268639863401628,Power
2019-09-06,Shanxi,0.6440566027594159,Power
2019-09-07,Shanxi,0.6357312943257817,Power
2019-09-08,Shanxi,0.6441933233671238,Power
2019-09-09,Shanxi,0.6634318660231469,Power
2019-09-10,Shanxi,0.6588370770283962,Power
2019-09-11,Shanxi,0.6365516179720284,Power
2019-09-12,Shanxi,0.644007773970949,Power
2019-09-13,Shanxi,0.561228328882736,Power
2019-09-14,Shanxi,0.5915217092477023,Power
2019-09-15,Shanxi,0.5967512724925247,Power
2019-09-16,Shanxi,0.6013900073968957,Power
2019-09-17,Shanxi,0.5917463216746507,Power
2019-09-18,Shanxi,0.5764677937633065,Power
2019-09-19,Shanxi,0.5877472438991982,Power
2019-09-20,Shanxi,0.5909748268168711,Power
2019-09-21,Shanxi,0.5693241420105751,Power
2019-09-22,Shanxi,0.5462183593079606,Power
2019-09-23,Shanxi,0.5751445335958492,Power
2019-09-24,Shanxi,0.5850177146238894,Power
2019-09-25,Shanxi,0.5773320633191735,Power
2019-09-26,Shanxi,0.5715067888550528,Power
2019-09-27,Shanxi,0.5764677937633065,Power
2019-09-28,Shanxi,0.5595925644690893,Power
2019-09-29,Shanxi,0.5577712506592678,Power
2019-09-30,Shanxi,0.5144698810466758,Power
2019-09-01,Guangdong,0.6163894821654596,Power
2019-09-02,Guangdong,0.6420810014649182,Power
2019-09-03,Guangdong,0.6498893605027597,Power
2019-09-04,Guangdong,0.647338319412199,Power
2019-09-05,Guangdong,0.664305588653473,Power
2019-09-06,Guangdong,0.682525093075103,Power
2019-09-07,Guangdong,0.6737025270316839,Power
2019-09-08,Guangdong,0.6826699797901857,Power
2019-09-09,Guangdong,0.7030576104125154,Power
2019-09-10,Guangdong,0.6981883818806341,Power
2019-09-11,Guangdong,0.6745718473221791,Power
2019-09-12,Guangdong,0.6824733478197166,Power
2019-09-13,Guangdong,0.5947496163627737,Power
2019-09-14,Guangdong,0.6268523728046349,Power
2019-09-15,Guangdong,0.6323942896565422,Power
2019-09-16,Guangdong,0.6373100889182715,Power
2019-09-17,Guangdong,0.6270904009794133,Power
2019-09-18,Guangdong,0.6108993105689389,Power
2019-09-19,Guangdong,0.6228524645632488,Power
2019-09-20,Guangdong,0.6262728259443047,Power
2019-09-21,Guangdong,0.6033289797058758,Power
2019-09-22,Guangdong,0.5788431248569256,Power
2019-09-23,Guangdong,0.6094970141479614,Power
2019-09-24,Guangdong,0.6199599047871367,Power
2019-09-25,Guangdong,0.611815201589282,Power
2019-09-26,Guangdong,0.6056419926216579,Power
2019-09-27,Guangdong,0.6108993105689389,Power
2019-09-28,Guangdong,0.5930161503073218,Power
2019-09-29,Guangdong,0.5910860522814007,Power
2019-09-30,Guangdong,0.5451983598045429,Power
2019-09-01,Guangxi,0.2080752055019153,Power
2019-09-02,Guangxi,0.21674791701397883,Power
2019-09-03,Guangxi,0.21938379247655768,Power
2019-09-04,Guangxi,0.2185226350192671,Power
2019-09-05,Guangxi,0.22425029283357859,Power
2019-09-06,Guangxi,0.23040066891292918,Power
2019-09-07,Guangxi,0.2274224265910625,Power
2019-09-08,Guangxi,0.23044957846425607,Power
2019-09-09,Guangxi,0.23733185104381907,Power
2019-09-10,Guangxi,0.2356881407652991,Power
2019-09-11,Guangxi,0.22771588389902356,Power
2019-09-12,Guangxi,0.23038320121602676,Power
2019-09-13,Guangxi,0.20077021465731315,Power
2019-09-14,Guangxi,0.21160717381558952,Power
2019-09-15,Guangxi,0.21347796415384124,Power
2019-09-16,Guangxi,0.21513739535957346,Power
2019-09-17,Guangxi,0.2116875252213407,Power
2019-09-18,Guangxi,0.20622188286056595,Power
2019-09-19,Guangxi,0.21025692084503056,Power
2019-09-20,Guangxi,0.2114115356102821,Power
2019-09-21,Guangxi,0.20366635880373837,Power
2019-09-22,Guangxi,0.19540064462950177,Power
2019-09-23,Guangxi,0.20574850827450974,Power
2019-09-24,Guangxi,0.20928047658818394,Power
2019-09-25,Guangxi,0.2065310610957392,Power
2019-09-26,Guangxi,0.2044471648552776,Power
2019-09-27,Guangxi,0.20622188286056595,Power
2019-09-28,Guangxi,0.20018504681108126,Power
2019-09-29,Guangxi,0.19953350171662007,Power
2019-09-30,Guangxi,0.18404314810353253,Power
2019-09-01,Xinjiang,0.48898648340773443,Power
2019-09-02,Xinjiang,0.5093677618674338,Power
2019-09-03,Xinjiang,0.515562192722557,Power
2019-09-04,Xinjiang,0.513538432343779,Power
2019-09-05,Xinjiang,0.5269986966074961,Power
2019-09-06,Xinjiang,0.5414523686027835,Power
2019-09-07,Xinjiang,0.5344533595849008,Power
2019-09-08,Xinjiang,0.5415673083403205,Power
2019-09-09,Xinjiang,0.5577409714080378,Power
2019-09-10,Xinjiang,0.5538781752286668,Power
2019-09-11,Xinjiang,0.5351429980101233,Power
2019-09-12,Xinjiang,0.5414113186965203,Power
2019-09-13,Xinjiang,0.47181941260844673,Power
2019-09-14,Xinjiang,0.49728677445416186,Power
2019-09-15,Xinjiang,0.5016832194149549,Power
2019-09-16,Xinjiang,0.5055829605099629,Power
2019-09-17,Xinjiang,0.4974756040229727,Power
2019-09-18,Xinjiang,0.4846310883532044,Power
2019-09-19,Xinjiang,0.49411361670001325,Power
2019-09-20,Xinjiang,0.4968270155040134,Power
2019-09-21,Xinjiang,0.4786254870668922,Power
2019-09-22,Xinjiang,0.45920067142312626,Power
2019-09-23,Xinjiang,0.4835186358934706,Power
2019-09-24,Xinjiang,0.49181892693989804,Power
2019-09-25,Xinjiang,0.4853576716940638,Power
2019-09-26,Xinjiang,0.48046041787685906,Power
2019-09-27,Xinjiang,0.4846310883532044,Power
2019-09-28,Xinjiang,0.4704442407486281,Power
2019-09-29,Xinjiang,0.4689130792450092,Power
2019-09-30,Xinjiang,0.43251002237076647,Power
2019-09-01,Jiangsu,0.8549089308716308,Power
2019-09-02,Jiangsu,0.8905420977770844,Power
2019-09-03,Jiangsu,0.901371996842609,Power
2019-09-04,Jiangsu,0.8978337992022486,Power
2019-09-05,Jiangsu,0.9213667607899592,Power
2019-09-06,Jiangsu,0.9466365252761831,Power
2019-09-07,Jiangsu,0.9343999594002923,Power
2019-09-08,Jiangsu,0.9468374776776642,Power
2019-09-09,Jiangsu,0.9751143513146204,Power
2019-09-10,Jiangsu,0.9683609152505657,Power
2019-09-11,Jiangsu,0.9356056738091778,Power
2019-09-12,Jiangsu,0.9465647565613687,Power
2019-09-13,Jiangsu,0.824895254336161,Power
2019-09-14,Jiangsu,0.8694205650071448,Power
2019-09-15,Jiangsu,0.8771069943637892,Power
2019-09-16,Jiangsu,0.8839250222711772,Power
2019-09-17,Jiangsu,0.8697507010952918,Power
2019-09-18,Jiangsu,0.8472942702298005,Power
2019-09-19,Jiangsu,0.8638728433519753,Power
2019-09-20,Jiangsu,0.868616755401221,Power
2019-09-21,Jiangsu,0.8367945072524231,Power
2019-09-22,Jiangsu,0.8028335514021498,Power
2019-09-23,Jiangsu,0.8453493380583247,Power
2019-09-24,Jiangsu,0.8598609721938387,Power
2019-09-25,Jiangsu,0.8485645764820191,Power
2019-09-26,Jiangsu,0.8400025688046362,Power
2019-09-27,Jiangsu,0.8472942702298005,Power
2019-09-28,Jiangsu,0.8224910023898715,Power
2019-09-29,Jiangsu,0.8198140293272864,Power
2019-09-30,Jiangsu,0.7561695330296906,Power
2019-09-01,Jiangxi,0.2255870644091993,Power
2019-09-02,Jiangxi,0.23498968172612064,Power
2019-09-03,Jiangxi,0.2378473956296925,Power
2019-09-04,Jiangxi,0.23691376212773027,Power
2019-09-05,Jiangxi,0.24312346649473637,Power
2019-09-06,Jiangxi,0.24979146560307075,Power
2019-09-07,Jiangxi,0.24656257083462144,Power
2019-09-08,Jiangxi,0.24984449144091042,Power
2019-09-09,Jiangxi,0.2573059843369165,Power
2019-09-10,Jiangxi,0.2555239374295201,Power
2019-09-11,Jiangxi,0.2468807258616593,Power
2019-09-12,Jiangxi,0.24977252780384235,Power
2019-09-13,Jiangxi,0.2176672767718649,Power
2019-09-14,Jiangxi,0.2294162874131902,Power
2019-09-15,Jiangxi,0.2314445257105563,Power
2019-09-16,Jiangxi,0.23324361663725826,Power
2019-09-17,Jiangxi,0.229503401289641,Power
2019-09-18,Jiangxi,0.22357776391106157,Power
2019-09-19,Jiangxi,0.22795239553283164,Power
2019-09-20,Jiangxi,0.22920418406183163,Power
2019-09-21,Jiangxi,0.22080716388394053,Power
2019-09-22,Jiangxi,0.21184579728904185,Power
2019-09-23,Jiangxi,0.22306454955197083,Power
2019-09-24,Jiangxi,0.22689377255596174,Power
2019-09-25,Jiangxi,0.22391296295740498,Power
2019-09-26,Jiangxi,0.2216536835094519,Power
2019-09-27,Jiangxi,0.22357776391106157,Power
2019-09-28,Jiangxi,0.2170328604977121,Power
2019-09-29,Jiangxi,0.21632648058649118,Power
2019-09-30,Jiangxi,0.19953244023070896,Power
2019-09-01,Hebei,0.6524239995568959,Power
2019-09-02,Hebei,0.6796174612577016,Power
2019-09-03,Hebei,0.6878823018833846,Power
2019-09-04,Hebei,0.6851821253237678,Power
2019-09-05,Hebei,0.7031413118125779,Power
2019-09-06,Hebei,0.7224259399391715,Power
2019-09-07,Hebei,0.7130876011275152,Power
2019-09-08,Hebei,0.722579296822882,Power
2019-09-09,Hebei,0.7441588011735718,Power
2019-09-10,Hebei,0.7390049144745874,Power
2019-09-11,Hebei,0.7140077424297782,Power
2019-09-12,Hebei,0.7223711696235606,Power
2019-09-13,Hebei,0.6295190535684226,Power
2019-09-14,Hebei,0.6634985573734173,Power
2019-09-15,Hebei,0.6693644581753433,Power
2019-09-16,Hebei,0.6745676381583777,Power
2019-09-17,Hebei,0.6637505008252274,Power
2019-09-18,Hebei,0.6466128690705806,Power
2019-09-19,Hebei,0.6592648119766957,Power
2019-09-20,Hebei,0.6628851298385753,Power
2019-09-21,Hebei,0.6385999718967077,Power
2019-09-22,Hebei,0.6126826585496357,Power
2019-09-23,Hebei,0.6451285935175256,Power
2019-09-24,Hebei,0.656203151334047,Power
2019-09-25,Hebei,0.6475823036568933,Power
2019-09-26,Hebei,0.6410482050045144,Power
2019-09-27,Hebei,0.6466128690705806,Power
2019-09-28,Hebei,0.6276842479954579,Power
2019-09-29,Hebei,0.6256413152231717,Power
2019-09-30,Hebei,0.5770709993394363,Power
2019-09-01,Henan,0.5587414046898668,Power
2019-09-02,Henan,0.5820301141784932,Power
2019-09-03,Henan,0.5891081932557011,Power
2019-09-04,Henan,0.5867957393225907,Power
2019-09-05,Henan,0.6021761377945356,Power
2019-09-06,Henan,0.6186916556413541,Power
2019-09-07,Henan,0.6106942236820171,Power
2019-09-08,Henan,0.6188229917673725,Power
2019-09-09,Henan,0.6373038609285384,Power
2019-09-10,Henan,0.632890028979133,Power
2019-09-11,Henan,0.6114822404381278,Power
2019-09-12,Henan,0.6186447498820619,Power
2019-09-13,Henan,0.5391254161538273,Power
2019-09-14,Henan,0.5682257492187696,Power
2019-09-15,Henan,0.5732493560389746,Power
2019-09-16,Henan,0.5777054031717431,Power
2019-09-17,Henan,0.568441515711514,Power
2019-09-18,Henan,0.5537647036289537,Power
2019-09-19,Henan,0.5645999340254748,Power
2019-09-20,Henan,0.5677004047146957,Power
2019-09-21,Henan,0.5469023910444903,Power
2019-09-22,Henan,0.5247065857473745,Power
2019-09-23,Henan,0.5524935575521325,Power
2019-09-24,Henan,0.5619779020810353,Power
2019-09-25,Henan,0.5545949355684274,Power
2019-09-26,Henan,0.5489990784848561,Power
2019-09-27,Henan,0.5537647036289537,Power
2019-09-28,Henan,0.5375540732175352,Power
2019-09-29,Henan,0.5358044883959324,Power
2019-09-30,Henan,0.4942084610555215,Power
2019-09-01,Zhejiang,0.43138390816389743,Power
2019-09-02,Zhejiang,0.4493642733757321,Power
2019-09-03,Zhejiang,0.45482900068784865,Power
2019-09-04,Zhejiang,0.45304363914717694,Power
2019-09-05,Zhejiang,0.464918285175295,Power
2019-09-06,Zhejiang,0.47766931557023357,Power
2019-09-07,Zhejiang,0.47149478934945255,Power
2019-09-08,Zhejiang,0.47777071541432853,Power
2019-09-09,Zhejiang,0.4920391220476878,Power
2019-09-10,Zhejiang,0.48863136300149723,Power
2019-09-11,Zhejiang,0.47210318841402216,Power
2019-09-12,Zhejiang,0.4776331013401997,Power
2019-09-13,Zhejiang,0.4162391171637176,Power
2019-09-14,Zhejiang,0.43870642547675337,Power
2019-09-15,Zhejiang,0.44258496951338466,Power
2019-09-16,Zhejiang,0.44602532136660583,Power
2019-09-17,Zhejiang,0.43887301093490927,Power
2019-09-18,Zhejiang,0.42754157835729983,Power
2019-09-19,Zhejiang,0.4359070654951323,Power
2019-09-20,Zhejiang,0.4383008261003735,Power
2019-09-21,Zhejiang,0.4222434365033393,Power
2019-09-22,Zhejiang,0.40510686285129466,Power
2019-09-23,Zhejiang,0.42656017272338104,Power
2019-09-24,Zhejiang,0.433882690036237,Power
2019-09-25,Zhejiang,0.4281825702289,Power
2019-09-26,Zhejiang,0.42386221258585494,Power
2019-09-27,Zhejiang,0.42754157835729983,Power
2019-09-28,Zhejiang,0.41502594045758173,Power
2019-09-29,Zhejiang,0.41367514967731694,Power
2019-09-30,Zhejiang,0.3815603704832484,Power
2019-09-01,Hainan,0.03535523407450539,Power
2019-09-02,Hainan,0.03682886350012593,Power
2019-09-03,Hainan,0.037276739996251085,Power
2019-09-04,Hainan,0.037130415865972946,Power
2019-09-05,Hainan,0.03810363457425286,Power
2019-09-06,Hainan,0.03914867973187822,Power
2019-09-07,Hainan,0.03864262974785345,Power
2019-09-08,Hainan,0.0391569902301496,Power
2019-09-09,Hainan,0.04032639605833589,Power
2019-09-10,Hainan,0.04004710395571577,Power
2019-09-11,Hainan,0.0386924927374817,Power
2019-09-12,Hainan,0.039145711696781306,Power
2019-09-13,Hainan,0.03411400179697364,Power
2019-09-14,Hainan,0.035955370771102516,Power
2019-09-15,Hainan,0.036273247329982584,Power
2019-09-16,Hainan,0.036555210664189944,Power
2019-09-17,Hainan,0.03596902373254834,Power
2019-09-18,Hainan,0.03504032555072222,Power
2019-09-19,Hainan,0.03572594165811063,Power
2019-09-20,Hainan,0.03592212877801701,Power
2019-09-21,Hainan,0.034606102016042896,Power
2019-09-22,Hainan,0.033201627808180575,Power
2019-09-23,Hainan,0.0349598917995957,Power
2019-09-24,Hainan,0.03556002849619283,Power
2019-09-25,Hainan,0.0350928597719377,Power
2019-09-26,Hainan,0.0347387731848752,Power
2019-09-27,Hainan,0.03504032555072222,Power
2019-09-28,Hainan,0.034014572621226834,Power
2019-09-29,Hainan,0.03390386491211173,Power
2019-09-30,Hainan,0.0312718113881635,Power
2019-09-01,Hubei,0.30875864374056466,Power
2019-09-02,Hubei,0.3216279072242106,Power
2019-09-03,Hubei,0.32553923020443654,Power
2019-09-04,Hubei,0.3242613758444289,Power
2019-09-05,Hubei,0.3327605329366495,Power
2019-09-06,Hubei,0.34188695322384327,Power
2019-09-07,Hubei,0.33746759889562256,Power
2019-09-08,Hubei,0.34195952913069977,Power
2019-09-09,Hubei,0.3521719960240663,Power
2019-09-10,Hubei,0.34973292715435617,Power
2019-09-11,Hubei,0.33790305433676104,Power
2019-09-12,Hubei,0.3418610332571089,Power
2019-09-13,Hubei,0.29791891365222484,Power
2019-09-14,Hubei,0.313999661014267,Power
2019-09-15,Hubei,0.3167756894515247,Power
2019-09-16,Hubei,0.31923808629129585,Power
2019-09-17,Hubei,0.31411889286124534,Power
2019-09-18,Hubei,0.3060085352700413,Power
2019-09-19,Hubei,0.3119960475856953,Power
2019-09-20,Hubei,0.3137093573868413,Power
2019-09-21,Hubei,0.30221644413679377,Power
2019-09-22,Hubei,0.28995111587806016,Power
2019-09-23,Hubei,0.3053061041715382,Power
2019-09-24,Hubei,0.31054712144524055,Power
2019-09-25,Hubei,0.3064673186812408,Power
2019-09-26,Hubei,0.30337506664982294,Power
2019-09-27,Hubei,0.3060085352700413,Power
2019-09-28,Hubei,0.2970505947666213,Power
2019-09-29,Hubei,0.29608378000742697,Power
2019-09-30,Hubei,0.27309795350733185,Power
2019-09-01,Hunan,0.25036302960040674,Power
2019-09-02,Hunan,0.2607983254530429,Power
2019-09-03,Hunan,0.2639698987544785,Power
2019-09-04,Hunan,0.2629337253697152,Power
2019-09-05,Hunan,0.2698254343527553,Power
2019-09-06,Hunan,0.2772257720561051,Power
2019-09-07,Hunan,0.27364225152665006,Power
2019-09-08,Hunan,0.2772846216601079,Power
2019-09-09,Hunan,0.28556560165192796,Power
2019-09-10,Hunan,0.2835878346031202,Power
2019-09-11,Hunan,0.27399534915066676,Power
2019-09-12,Hunan,0.2772047543403899,Power
2019-09-13,Hunan,0.24157342088827694,Power
2019-09-14,Hunan,0.2546128117180362,Power
2019-09-15,Hunan,0.25686380907114253,Power
2019-09-16,Hunan,0.2588604920640941,Power
2019-09-17,Hunan,0.25470949321032643,Power
2019-09-18,Hunan,0.24813304996301558,Power
2019-09-19,Hunan,0.25298814229324507,Power
2019-09-20,Hunan,0.254377413302025,Power
2019-09-21,Hunan,0.24505815815387022,Power
2019-09-22,Hunan,0.23511257507740008,Power
2019-09-23,Hunan,0.24756346986713154,Power
2019-09-24,Hunan,0.251813251984761,Power
2019-09-25,Hunan,0.24850506353117602,Power
2019-09-26,Hunan,0.2459976500463432,Power
2019-09-27,Hunan,0.24813304996301558,Power
2019-09-28,Hunan,0.24086932741181508,Power
2019-09-29,Hunan,0.24008536661563515,Power
2019-09-30,Hunan,0.22144685631932548,Power
2019-09-01,Gansu,0.14274700133777132,Power
2019-09-02,Gansu,0.14869679030387303,Power
2019-09-03,Gansu,0.15050509474492993,Power
2019-09-04,Gansu,0.1499143100600783,Power
2019-09-05,Gansu,0.15384368730476058,Power
2019-09-06,Gansu,0.1580630643338933,Power
2019-09-07,Gansu,0.1560198840343559,Power
2019-09-08,Gansu,0.158096618027962,Power
2019-09-09,Gansu,0.16281810212190775,Power
2019-09-10,Gansu,0.16169045833195778,Power
2019-09-11,Gansu,0.1562212061987678,Power
2019-09-12,Gansu,0.15805108087172595,Power
2019-09-13,Gansu,0.1377355174593751,Power
2019-09-14,Gansu,0.14517005738801456,Power
2019-09-15,Gansu,0.1464534861861404,Power
2019-09-16,Gansu,0.14759191509204103,Power
2019-09-17,Gansu,0.14522518131398446,Power
2019-09-18,Gansu,0.14147555600181283,Power
2019-09-19,Gansu,0.14424373576247645,Power
2019-09-20,Gansu,0.14503584261173993,Power
2019-09-21,Gansu,0.13972237548672586,Power
2019-09-22,Gansu,0.134051801189124,Power
2019-09-23,Gansu,0.14115080417707698,Power
2019-09-24,Gansu,0.1435738602273202,Power
2019-09-25,Gansu,0.14168766328217536,Power
2019-09-26,Gansu,0.1402580362456075,Power
2019-09-27,Gansu,0.14147555600181283,Power
2019-09-28,Gansu,0.13733407147676802,Power
2019-09-29,Gansu,0.13688708833792493,Power
2019-09-30,Gansu,0.12626015408789676,Power
2019-09-01,Fujian,0.28338789937711656,Power
2019-09-02,Fujian,0.2951996935376889,Power
2019-09-03,Fujian,0.29878962251821334,Power
2019-09-04,Fujian,0.29761676964386036,Power
2019-09-05,Fujian,0.30541754971486074,Power
2019-09-06,Fujian,0.31379405066941773,Power
2019-09-07,Fujian,0.30973783535345084,Power
2019-09-08,Fujian,0.31386066300305243,Power
2019-09-09,Fujian,0.3232339699502136,Power
2019-09-10,Fujian,0.32099531973770634,Power
2019-09-11,Fujian,0.31013750935525874,Power
2019-09-12,Fujian,0.3137702605502625,Power
2019-09-13,Fujian,0.27343887154639873,Power
2019-09-14,Fujian,0.2881982614703043,Power
2019-09-15,Fujian,0.29074618323182955,Power
2019-09-16,Fujian,0.29300624455157653,Power
2019-09-17,Fujian,0.2883076960184183,Power
2019-09-18,Fujian,0.2808637677347464,Power
2019-09-19,Fujian,0.2863592852596049,Power
2019-09-20,Fujian,0.2879318121357657,Power
2019-09-21,Fujian,0.2773832733023361,Power
2019-09-22,Fujian,0.2661257889180806,Power
2019-09-23,Fujian,0.2802190555056397,Power
2019-09-24,Fujian,0.2850294175988275,Power
2019-09-25,Fujian,0.28128485284379406,Power
2019-09-26,Fujian,0.27844669162857494,Power
2019-09-27,Fujian,0.2808637677347464,Power
2019-09-28,Fujian,0.2726419025546985,Power
2019-09-29,Fujian,0.2717545311102083,Power
2019-09-30,Fujian,0.2506574534433491,Power
2019-09-01,Tibet,0.001352066315039,Power
2019-09-02,Tibet,0.0014084213289255734,Power
2019-09-03,Tibet,0.0014255491669829428,Power
2019-09-04,Tibet,0.001419953392190177,Power
2019-09-05,Tibet,0.0014571715373128508,Power
2019-09-06,Tibet,0.001497136492780046,Power
2019-09-07,Tibet,0.0014777839653527336,Power
2019-09-08,Tibet,0.001497454305547181,Power
2019-09-09,Tibet,0.0015421751020654286,Power
2019-09-10,Tibet,0.0015314943229985073,Power
2019-09-11,Tibet,0.0014796908419555423,Power
2019-09-12,Tibet,0.0014970229882203554,Power
2019-09-13,Tibet,0.0013045987081762305,Power
2019-09-14,Tibet,0.0013750169370085167,Power
2019-09-15,Tibet,0.001387173275351421,Power
2019-09-16,Tibet,0.0013979562085220645,Power
2019-09-17,Tibet,0.0013755390579830952,Power
2019-09-18,Tibet,0.0013400234812557864,Power
2019-09-19,Tibet,0.0013662430345444036,Power
2019-09-20,Tibet,0.0013737456859399776,Power
2019-09-21,Tibet,0.0013234177641729954,Power
2019-09-22,Tibet,0.001269707406527222,Power
2019-09-23,Tibet,0.0013369475076881608,Power
2019-09-24,Tibet,0.0013598981296576776,Power
2019-09-25,Tibet,0.0013420325119623167,Power
2019-09-26,Tibet,0.0013284914179911825,Power
2019-09-27,Tibet,0.0013400234812557864,Power
2019-09-28,Tibet,0.0013007963054265826,Power
2019-09-29,Tibet,0.0012965625853501087,Power
2019-09-30,Tibet,0.0011959067418161442,Power
2019-09-01,Guizhou,0.2503337781657064,Power
2019-09-02,Guizhou,0.2607678547992921,Power
2019-09-03,Guizhou,0.263939057546539,Power
2019-09-04,Guizhou,0.2629030052242111,Power
2019-09-05,Guizhou,0.2697939090069961,Power
2019-09-06,Guizhou,0.27719338208390554,Power
2019-09-07,Guizhou,0.2736102802389381,Power
2019-09-08,Guizhou,0.2772522248121514,Power
2019-09-09,Guizhou,0.28553223728673904,Power
2019-09-10,Guizhou,0.2835547013124784,Power
2019-09-11,Guizhou,0.27396333660841293,Power
2019-09-12,Guizhou,0.2771723668238178,Power
2019-09-13,Guizhou,0.2415451963969943,Power
2019-09-14,Guizhou,0.2545830637554567,Power
2019-09-15,Guizhou,0.2568337981108585,Power
2019-09-16,Guizhou,0.2588302478191982,Power
2019-09-17,Guizhou,0.25467973395186044,Power
2019-09-18,Guizhou,0.24810405907039226,Power
2019-09-19,Guizhou,0.25295858415067085,Power
2019-09-20,Guizhou,0.25434769284247344,Power
2019-09-21,Guizhou,0.24502952651954918,Power
2019-09-22,Guizhou,0.23508510544600889,Power
2019-09-23,Guizhou,0.2475345455220133,Power
2019-09-24,Guizhou,0.2517838311117636,Power
2019-09-25,Guizhou,0.24847602917394607,Power
2019-09-26,Guizhou,0.24596890864547322,Power
2019-09-27,Guizhou,0.24810405907039226,Power
2019-09-28,Guizhou,0.24084118518405345,Power
2019-09-29,Guizhou,0.24005731598277902,Power
2019-09-30,Guizhou,0.22142098333693042,Power
2019-09-01,Liaoning,0.39534289045363913,Power
2019-09-02,Liaoning,0.41182104232655986,Power
2019-09-03,Liaoning,0.4168292057054596,Power
2019-09-04,Liaoning,0.41519300653660757,Power
2019-09-05,Liaoning,0.4260755563837994,Power
2019-09-06,Liaoning,0.4377612709345655,Power
2019-09-07,Liaoning,0.4321026105230188,Power
2019-09-08,Liaoning,0.43785419908208656,Power
2019-09-09,Liaoning,0.4509305169832563,Power
2019-09-10,Liaoning,0.4478074674540683,Power
2019-09-11,Liaoning,0.43266017940814483,Power
2019-09-12,Liaoning,0.4377280823104509,Power
2019-09-13,Liaoning,0.381463407848895,Power
2019-09-14,Liaoning,0.40205363024962015,Power
2019-09-15,Liaoning,0.4056081318922984,Power
2019-09-16,Liaoning,0.4087610511831896,Power
2019-09-17,Liaoning,0.4022062979205474,Power
2019-09-18,Liaoning,0.39182157743507534,Power
2019-09-19,Liaoning,0.3994881496055581,Power
2019-09-20,Liaoning,0.40168191765953604,Power
2019-09-21,Liaoning,0.38696608172710295,Power
2019-09-22,Liaoning,0.37126122479605345,Power
2019-09-23,Liaoning,0.39092216572156857,Power
2019-09-24,Liaoning,0.39763290551754954,Power
2019-09-25,Liaoning,0.39240901608190454,Power
2019-09-26,Liaoning,0.3884496132250275,Power
2019-09-27,Liaoning,0.39182157743507534,Power
2019-09-28,Liaoning,0.3803515889410544,Power
2019-09-29,Liaoning,0.37911365326157814,Power
2019-09-30,Liaoning,0.34968198139671186,Power
2019-09-01,Chongqing,0.08709127158121403,Power
2019-09-02,Chongqing,0.0907212931006963,Power
2019-09-03,Chongqing,0.09182455643864167,Power
2019-09-04,Chongqing,0.09146411321424995,Power
2019-09-05,Chongqing,0.09386146277364218,Power
2019-09-06,Chongqing,0.0964357438955147,Power
2019-09-07,Chongqing,0.09518918061440347,Power
2019-09-08,Chongqing,0.09645621531596697,Power
2019-09-09,Chongqing,0.09933683662246448,Power
2019-09-10,Chongqing,0.09864885067083654,Power
2019-09-11,Chongqing,0.09531200913711708,Power
2019-09-12,Chongqing,0.09642843267392462,Power
2019-09-13,Chongqing,0.08403371871223622,Power
2019-09-14,Chongqing,0.08856960058673129,Power
2019-09-15,Chongqing,0.08935263241903046,Power
2019-09-16,Chongqing,0.09004719847008952,Power
2019-09-17,Chongqing,0.08860323220604571,Power
2019-09-18,Chongqing,0.08631555097050493,Power
2019-09-19,Chongqing,0.08800444315781691,Power
2019-09-20,Chongqing,0.0884877149049222,Power
2019-09-21,Chongqing,0.085245919251874,Power
2019-09-22,Chongqing,0.08178624919544096,Power
2019-09-23,Chongqing,0.08611741686541335,Power
2019-09-24,Chongqing,0.08759574587093061,Power
2019-09-25,Chongqing,0.08644495959264961,Power
2019-09-26,Chongqing,0.08557273085695126,Power
2019-09-27,Chongqing,0.08631555097050493,Power
2019-09-28,Chongqing,0.08378879278896803,Power
2019-09-29,Chongqing,0.08351608422365747,Power
2019-09-30,Chongqing,0.07703249291756105,Power
2019-09-01,Shaanxi,0.355229423001208,Power
2019-09-02,Shaanxi,0.3700356191496381,Power
2019-09-03,Shaanxi,0.37453562921771083,Power
2019-09-04,Shaanxi,0.3730654470019653,Power
2019-09-05,Shaanxi,0.3828437988993878,Power
2019-09-06,Shaanxi,0.39334382239155746,Power
2019-09-07,Shaanxi,0.3882593179740201,Power
2019-09-08,Shaanxi,0.3934273215843382,Power
2019-09-09,Shaanxi,0.4051768508541901,Power
2019-09-10,Shaanxi,0.4023706815539539,Power
2019-09-11,Shaanxi,0.38876031313070414,Power
2019-09-12,Shaanxi,0.3933140012512787,Power
2019-09-13,Shaanxi,0.34275822213660884,Power
2019-09-14,Shaanxi,0.36125925756558375,Power
2019-09-15,Shaanxi,0.36445310168944445,Power
2019-09-16,Shaanxi,0.3672861100159316,Power
2019-09-17,Shaanxi,0.36139643481086625,Power
2019-09-18,Shaanxi,0.352065400017626,Power
2019-09-19,Shaanxi,0.35895408342203156,Power
2019-09-20,Shaanxi,0.360925260794461,Power
2019-09-21,Shaanxi,0.34770256719483583,Power
2019-09-22,Shaanxi,0.333591203614902,Power
2019-09-23,Shaanxi,0.35125724711607026,Power
2019-09-24,Shaanxi,0.357287081680446,Power
2019-09-25,Shaanxi,0.352593234200561,Power
2019-09-26,Shaanxi,0.3490355721652987,Power
2019-09-27,Shaanxi,0.352065400017626,Power
2019-09-28,Shaanxi,0.3417592139372686,Power
2019-09-29,Shaanxi,0.3406468854048689,Power
2019-09-30,Shaanxi,0.31420149820561843,Power
2019-09-01,Qinghai,0.031055273173552025,Power
2019-09-02,Qinghai,0.03234967739875926,Power
2019-09-03,Qinghai,0.03274308242913947,Power
2019-09-04,Qinghai,0.032614554476868125,Power
2019-09-05,Qinghai,0.033469408747654535,Power
2019-09-06,Qinghai,0.03438735381854168,Power
2019-09-07,Qinghai,0.033942850454195594,Power
2019-09-08,Qinghai,0.03439465358053681,Power
2019-09-09,Qinghai,0.03542183437556531,Power
2019-09-10,Qinghai,0.03517651023137196,Power
2019-09-11,Qinghai,0.033986649026166355,Power
2019-09-12,Qinghai,0.03438474676068628,Power
2019-09-13,Qinghai,0.02996500157842279,Power
2019-09-14,Qinghai,0.031582420271914366,Power
2019-09-15,Qinghai,0.031861636168227944,Power
2019-09-16,Qinghai,0.03210930666449116,Power
2019-09-17,Qinghai,0.031594412738049214,Power
2019-09-18,Qinghai,0.03077866433509384,Power
2019-09-19,Qinghai,0.03138089469969177,Power
2019-09-20,Qinghai,0.03155322122393386,Power
2019-09-21,Qinghai,0.030397251770848486,Power
2019-09-22,Qinghai,0.029163591993672126,Power
2019-09-23,Qinghai,0.03070801306721244,Power
2019-09-24,Qinghai,0.03123516016557478,Power
2019-09-25,Qinghai,0.03082480925913446,Power
2019-09-26,Qinghai,0.03051378725698497,Power
2019-09-27,Qinghai,0.03077866433509384,Power
2019-09-28,Qinghai,0.029877665140266813,Power
2019-09-29,Qinghai,0.029780421882260304,Power
2019-09-30,Qinghai,0.027468482976089555,Power
2019-09-01,Heilongjiang,0.15200345534073062,Power
2019-09-02,Heilongjiang,0.15833905940190193,Power
2019-09-03,Heilongjiang,0.16026462365735158,Power
2019-09-04,Heilongjiang,0.15963552943738027,Power
2019-09-05,Heilongjiang,0.16381970782944086,Power
2019-09-06,Heilongjiang,0.16831269109215669,Power
2019-09-07,Heilongjiang,0.16613702041254,Power
2019-09-08,Heilongjiang,0.16834842058132346,Power
2019-09-09,Heilongjiang,0.17337607012835568,Power
2019-09-10,Heilongjiang,0.17217530408171677,Power
2019-09-11,Heilongjiang,0.16635139734754037,Power
2019-09-12,Heilongjiang,0.16829993056031145,Power
2019-09-13,Heilongjiang,0.14666700092304313,Power
2019-09-14,Heilongjiang,0.15458363487984209,Power
2019-09-15,Heilongjiang,0.15595028784046933,Power
2019-09-16,Heilongjiang,0.157162538365769,Power
2019-09-17,Heilongjiang,0.15464233332633026,Power
2019-09-18,Heilongjiang,0.1506495629119486,Power
2019-09-19,Heilongjiang,0.15359724576820352,Power
2019-09-20,Heilongjiang,0.15444071692317515,Power
2019-09-21,Heilongjiang,0.1487826971029871,Power
2019-09-22,Heilongjiang,0.14274441343381036,Power
2019-09-23,Heilongjiang,0.15030375249894207,Power
2019-09-24,Heilongjiang,0.15288393203805353,Power
2019-09-25,Heilongjiang,0.15087542432560969,Power
2019-09-26,Heilongjiang,0.14935309287647022,Power
2019-09-27,Heilongjiang,0.1506495629119486,Power
2019-09-28,Heilongjiang,0.14623952310622693,Power
2019-09-29,Heilongjiang,0.14576355526839874,Power
2019-09-30,Heilongjiang,0.13444751562802265,Power
2020-10-01,Shanghai,0.07198734763426293,Power
2020-10-02,Shanghai,0.052841734914170865,Power
2020-10-03,Shanghai,0.05820247995240892,Power
2020-10-04,Shanghai,0.06892404370496204,Power
2020-10-05,Shanghai,0.07198734763426293,Power
2020-10-06,Shanghai,0.06892404370496204,Power
2020-10-07,Shanghai,0.06968983284924876,Power
2020-10-08,Shanghai,0.06739239174031159,Power
2020-10-09,Shanghai,0.06739239174031159,Power
2020-10-10,Shanghai,0.07581636703177354,Power
2020-10-11,Shanghai,0.0819432695946833,Power
2020-10-12,Shanghai,0.07275313677854964,Power
2020-10-13,Shanghai,0.0842404896753895,Power
2020-10-14,Shanghai,0.08806943539682312,Power
2020-10-15,Shanghai,0.09189838111825674,Power
2020-10-16,Shanghai,0.09496183239971161,Power
2020-10-17,Shanghai,0.09266461231900543,Power
2020-10-18,Shanghai,0.08806943539682312,Power
2020-10-19,Shanghai,0.08347499523541074,Power
2020-10-20,Shanghai,0.0842404896753895,Power
2020-10-21,Shanghai,0.08577221531611694,Power
2020-10-22,Shanghai,0.09725978924118776,Power
2020-10-23,Shanghai,0.09419633795973287,Power
2020-10-24,Shanghai,0.091132886678278,Power
2020-10-25,Shanghai,0.09036739223829923,Power
2020-10-26,Shanghai,0.08960116103755056,Power
2020-10-27,Shanghai,0.09343010675898418,Power
2020-10-28,Shanghai,0.09189838111825674,Power
2020-10-29,Shanghai,0.091132886678278,Power
2020-10-30,Shanghai,0.09036739223829923,Power
2020-10-31,Shanghai,0.09036739223829923,Power
2020-10-01,Yunnan,0.008187462993428565,Power
2020-10-02,Yunnan,0.0060099415152284055,Power
2020-10-03,Yunnan,0.006619644512493576,Power
2020-10-04,Yunnan,0.007839058886554123,Power
2020-10-05,Yunnan,0.008187462993428565,Power
2020-10-06,Yunnan,0.007839058886554123,Power
2020-10-07,Yunnan,0.007926155723507631,Power
2020-10-08,Yunnan,0.007664856833116901,Power
2020-10-09,Yunnan,0.007664856833116901,Power
2020-10-10,Yunnan,0.00862295555772631,Power
2020-10-11,Yunnan,0.009319797289596015,Power
2020-10-12,Yunnan,0.008274559830382073,Power
2020-10-13,Yunnan,0.009581071041396128,Power
2020-10-14,Yunnan,0.010016555226163668,Power
2020-10-15,Yunnan,0.010452039410931207,Power
2020-10-16,Yunnan,0.010800460276866057,Power
2020-10-17,Yunnan,0.010539186525065945,Power
2020-10-18,Yunnan,0.010016555226163668,Power
2020-10-19,Yunnan,0.009494007722563442,Power
2020-10-20,Yunnan,0.009581071041396128,Power
2020-10-21,Yunnan,0.009755281474363555,Power
2020-10-22,Yunnan,0.011061817823968225,Power
2020-10-23,Yunnan,0.010713396958033371,Power
2020-10-24,Yunnan,0.010364976092098521,Power
2020-10-25,Yunnan,0.010277912773265832,Power
2020-10-26,Yunnan,0.010190765659131094,Power
2020-10-27,Yunnan,0.010626249843898634,Power
2020-10-28,Yunnan,0.010452039410931207,Power
2020-10-29,Yunnan,0.010364976092098521,Power
2020-10-30,Yunnan,0.010277912773265832,Power
2020-10-31,Yunnan,0.010277912773265832,Power
2020-10-01,InnerMongolia,0.9296991715486129,Power
2020-10-02,InnerMongolia,0.6824382170946071,Power
2020-10-03,InnerMongolia,0.7516709417985957,Power
2020-10-04,InnerMongolia,0.8901373427152758,Power
2020-10-05,InnerMongolia,0.9296991715486129,Power
2020-10-06,InnerMongolia,0.8901373427152758,Power
2020-10-07,InnerMongolia,0.9000273241692588,Power
2020-10-08,InnerMongolia,0.8703564282986072,Power
2020-10-09,InnerMongolia,0.8703564282986072,Power
2020-10-10,InnerMongolia,0.9791500303272307,Power
2020-10-11,InnerMongolia,1.058277494028715,Power
2020-10-12,InnerMongolia,0.9395891530025959,Power
2020-10-13,InnerMongolia,1.0879455353732592,Power
2020-10-14,InnerMongolia,1.1373954426431743,Power
2020-10-15,InnerMongolia,1.1868453499130895,Power
2020-10-16,InnerMongolia,1.2264090817638313,Power
2020-10-17,InnerMongolia,1.1967410404192873,Power
2020-10-18,InnerMongolia,1.1373954426431743,Power
2020-10-19,InnerMongolia,1.0780593599540862,Power
2020-10-20,InnerMongolia,1.0879455353732592,Power
2020-10-21,InnerMongolia,1.1077274012986302,Power
2020-10-22,InnerMongolia,1.256086638195401,Power
2020-10-23,InnerMongolia,1.2165229063446585,Power
2020-10-24,InnerMongolia,1.1769591744939165,Power
2020-10-25,InnerMongolia,1.1670729990747433,Power
2020-10-26,InnerMongolia,1.1571773085685453,Power
2020-10-27,InnerMongolia,1.2066272158384606,Power
2020-10-28,InnerMongolia,1.1868453499130895,Power
2020-10-29,InnerMongolia,1.1769591744939165,Power
2020-10-30,InnerMongolia,1.1670729990747433,Power
2020-10-31,InnerMongolia,1.1670729990747433,Power
2020-10-01,Beijing,0.04222917764015438,Power
2020-10-02,Beijing,0.030997989005534465,Power
2020-10-03,Beijing,0.03414270626409316,Power
2020-10-04,Beijing,0.040432184001029665,Power
2020-10-05,Beijing,0.04222917764015438,Power
2020-10-06,Beijing,0.040432184001029665,Power
2020-10-07,Beijing,0.04088141080090129,Power
2020-10-08,Beijing,0.039533687181467304,Power
2020-10-09,Beijing,0.039533687181467304,Power
2020-10-10,Beijing,0.04447535485933161,Power
2020-10-11,Beijing,0.0480695150168575,Power
2020-10-12,Beijing,0.042678404440026005,Power
2020-10-13,Beijing,0.04941710897683414,Power
2020-10-14,Beijing,0.05166324297619225,Power
2020-10-15,Beijing,0.053909376975550365,Power
2020-10-16,Beijing,0.0557064570543133,Power
2020-10-17,Beijing,0.05435886309433666,Power
2020-10-18,Beijing,0.05166324297619225,Power
2020-10-19,Beijing,0.048968055056238975,Power
2020-10-20,Beijing,0.04941710897683414,Power
2020-10-21,Beijing,0.050315649016215616,Power
2020-10-22,Beijing,0.05705448321248109,Power
2020-10-23,Beijing,0.05525740313371813,Power
2020-10-24,Beijing,0.0534603230549552,Power
2020-10-25,Beijing,0.05301126913436002,Power
2020-10-26,Beijing,0.052561783015573724,Power
2020-10-27,Beijing,0.05480791701493184,Power
2020-10-28,Beijing,0.053909376975550365,Power
2020-10-29,Beijing,0.0534603230549552,Power
2020-10-30,Beijing,0.05301126913436002,Power
2020-10-31,Beijing,0.05301126913436002,Power
2020-10-01,Jilin,0.11891935868932783,Power
2020-10-02,Jilin,0.08729180105301991,Power
2020-10-03,Jilin,0.09614747337592745,Power
2020-10-04,Jilin,0.11385893973079442,Power
2020-10-05,Jilin,0.11891935868932783,Power
2020-10-06,Jilin,0.11385893973079442,Power
2020-10-07,Jilin,0.11512398361590184,Power
2020-10-08,Jilin,0.1113287302515277,Power
2020-10-09,Jilin,0.1113287302515277,Power
2020-10-10,Jilin,0.1252446998239168,Power
2020-10-11,Jilin,0.13536602457719113,Power
2020-10-12,Jilin,0.12018440257443525,Power
2020-10-13,Jilin,0.13916091281440965,Power
2020-10-14,Jilin,0.14548613223994675,Power
2020-10-15,Jilin,0.15181135166548387,Power
2020-10-16,Jilin,0.15687201404212098,Power
2020-10-17,Jilin,0.15307712580490246,Power
2020-10-18,Jilin,0.14548613223994675,Power
2020-10-19,Jilin,0.13789635576550968,Power
2020-10-20,Jilin,0.13916091281440965,Power
2020-10-21,Jilin,0.14169124400272823,Power
2020-10-22,Jilin,0.16066811936985823,Power
2020-10-23,Jilin,0.15560745699322104,Power
2020-10-24,Jilin,0.1505467946165839,Power
2020-10-25,Jilin,0.1492822375676839,Power
2020-10-26,Jilin,0.14801646342826533,Power
2020-10-27,Jilin,0.15434168285380243,Power
2020-10-28,Jilin,0.15181135166548387,Power
2020-10-29,Jilin,0.1505467946165839,Power
2020-10-30,Jilin,0.1492822375676839,Power
2020-10-31,Jilin,0.1492822375676839,Power
2020-10-01,Sichuan,0.030698736677090634,Power
2020-10-02,Sichuan,0.02253416133529931,Power
2020-10-03,Sichuan,0.024820231120200827,Power
2020-10-04,Sichuan,0.0293924021088929,Power
2020-10-05,Sichuan,0.030698736677090634,Power
2020-10-06,Sichuan,0.0293924021088929,Power
2020-10-07,Sichuan,0.029718970041497816,Power
2020-10-08,Sichuan,0.028739234824794027,Power
2020-10-09,Sichuan,0.028739234824794027,Power
2020-10-10,Sichuan,0.032331607759004254,Power
2020-10-11,Sichuan,0.03494440257095585,Power
2020-10-12,Sichuan,0.03102530460969555,Power
2020-10-13,Sichuan,0.035924043530992544,Power
2020-10-14,Sichuan,0.03755688319401713,Power
2020-10-15,Sichuan,0.03918972285704172,Power
2020-10-16,Sichuan,0.04049612026301751,Power
2020-10-17,Sichuan,0.03951647930298082,Power
2020-10-18,Sichuan,0.03755688319401713,Power
2020-10-19,Sichuan,0.035597601273943756,Power
2020-10-20,Sichuan,0.035924043530992544,Power
2020-10-21,Sichuan,0.03657724223398044,Power
2020-10-22,Sichuan,0.04147607541194453,Power
2020-10-23,Sichuan,0.040169678005968726,Power
2020-10-24,Sichuan,0.03886328059999293,Power
2020-10-25,Sichuan,0.038536838342944135,Power
2020-10-26,Sichuan,0.03821008189700503,Power
2020-10-27,Sichuan,0.039842921560029616,Power
2020-10-28,Sichuan,0.03918972285704172,Power
2020-10-29,Sichuan,0.03886328059999293,Power
2020-10-30,Sichuan,0.038536838342944135,Power
2020-10-31,Sichuan,0.038536838342944135,Power
2020-10-01,Tianjin,0.14051839601178437,Power
2020-10-02,Tianjin,0.10314640109180932,Power
2020-10-03,Tianjin,0.11361050789608353,Power
2020-10-04,Tianjin,0.13453886531940643,Power
2020-10-05,Tianjin,0.14051839601178437,Power
2020-10-06,Tianjin,0.13453886531940643,Power
2020-10-07,Tianjin,0.1360336760851137,Power
2020-10-08,Tianjin,0.13154909997321743,Power
2020-10-09,Tianjin,0.13154909997321743,Power
2020-10-10,Tianjin,0.14799259365509515,Power
2020-10-11,Tianjin,0.15995223029894892,Power
2020-10-12,Tianjin,0.14201320677749163,Power
2020-10-13,Tianjin,0.1644363749665218,Power
2020-10-14,Tianjin,0.1719104287950581,Power
2020-10-15,Tianjin,0.17938448262359444,Power
2020-10-16,Tianjin,0.18536430094552128,Power
2020-10-17,Tianjin,0.1808801562779484,Power
2020-10-18,Tianjin,0.1719104287950581,Power
2020-10-19,Tianjin,0.16294213945991237,Power
2020-10-20,Tianjin,0.1644363749665218,Power
2020-10-21,Tianjin,0.16742628412748523,Power
2020-10-22,Tianjin,0.18984988376083878,Power
2020-10-23,Tianjin,0.18387006543891185,Power
2020-10-24,Tianjin,0.177890247116985,Power
2020-10-25,Tianjin,0.17639601161037552,Power
2020-10-26,Tianjin,0.17490033795602156,Power
2020-10-27,Tianjin,0.1823743917845579,Power
2020-10-28,Tianjin,0.17938448262359444,Power
2020-10-29,Tianjin,0.177890247116985,Power
2020-10-30,Tianjin,0.17639601161037552,Power
2020-10-31,Tianjin,0.17639601161037552,Power
2020-10-01,Ningxia,0.2294841054867454,Power
2020-10-02,Ningxia,0.16845096628306114,Power
2020-10-03,Ningxia,0.18554016070779145,Power
2020-10-04,Ningxia,0.21971878442475562,Power
2020-10-05,Ningxia,0.2294841054867454,Power
2020-10-06,Ningxia,0.21971878442475562,Power
2020-10-07,Ningxia,0.2221599972565013,Power
2020-10-08,Ningxia,0.21483612389376072,Power
2020-10-09,Ningxia,0.21483612389376072,Power
2020-10-10,Ningxia,0.2416904045129773,Power
2020-10-11,Ningxia,0.261221986106971,Power
2020-10-12,Ningxia,0.23192531831849106,Power
2020-10-13,Ningxia,0.26854515486720093,Power
2020-10-14,Ningxia,0.2807512190259293,Power
2020-10-15,Ningxia,0.2929572831846577,Power
2020-10-16,Ningxia,0.3027230739816545,Power
2020-10-17,Ningxia,0.2953999052214245,Power
2020-10-18,Ningxia,0.2807512190259293,Power
2020-10-19,Ningxia,0.2661048815054694,Power
2020-10-20,Ningxia,0.26854515486720093,Power
2020-10-21,Ningxia,0.2734280502656994,Power
2020-10-22,Ningxia,0.31004859141691987,Power
2020-10-23,Ningxia,0.30028280061992296,Power
2020-10-24,Ningxia,0.29051700982292616,Power
2020-10-25,Ningxia,0.2880767364611946,Power
2020-10-26,Ningxia,0.28563411442442777,Power
2020-10-27,Ningxia,0.29784017858315615,Power
2020-10-28,Ningxia,0.2929572831846577,Power
2020-10-29,Ningxia,0.29051700982292616,Power
2020-10-30,Ningxia,0.2880767364611946,Power
2020-10-31,Ningxia,0.2880767364611946,Power
2020-10-01,Anhui,0.45023113973759665,Power
2020-10-02,Anhui,0.33048855553049433,Power
2020-10-03,Anhui,0.36401631322301176,Power
2020-10-04,Anhui,0.43107228940102227,Power
2020-10-05,Anhui,0.45023113973759665,Power
2020-10-06,Anhui,0.43107228940102227,Power
2020-10-07,Anhui,0.43586177158867806,Power
2020-10-08,Anhui,0.42149286423273497,Power
2020-10-09,Anhui,0.42149286423273497,Power
2020-10-10,Anhui,0.4741790114688514,Power
2020-10-11,Anhui,0.5124985553139023,Power
2020-10-12,Anhui,0.4550206219252525,Power
2020-10-13,Anhui,0.5268660802909189,Power
2020-10-14,Anhui,0.550813491229198,Power
2020-10-15,Anhui,0.5747609021674772,Power
2020-10-16,Anhui,0.5939206740900026,Power
2020-10-17,Anhui,0.5795531491129862,Power
2020-10-18,Anhui,0.550813491229198,Power
2020-10-19,Anhui,0.5220784412751651,Power
2020-10-20,Anhui,0.5268660802909189,Power
2020-10-21,Anhui,0.5364459662521815,Power
2020-10-22,Anhui,0.6082928069967745,Power
2020-10-23,Anhui,0.5891330350742489,Power
2020-10-24,Anhui,0.5699732631517235,Power
2020-10-25,Anhui,0.5651856241359697,Power
2020-10-26,Anhui,0.5603933771904608,Power
2020-10-27,Anhui,0.58434078812874,Power
2020-10-28,Anhui,0.5747609021674772,Power
2020-10-29,Anhui,0.5699732631517235,Power
2020-10-30,Anhui,0.5651856241359697,Power
2020-10-31,Anhui,0.5651856241359697,Power
2020-10-01,Shandong,1.1585401787310303,Power
2020-10-02,Shandong,0.8504171222275101,Power
2020-10-03,Shandong,0.936691151190008,Power
2020-10-04,Shandong,1.1092403948330254,Power
2020-10-05,Shandong,1.1585401787310303,Power
2020-10-06,Shandong,1.1092403948330254,Power
2020-10-07,Shandong,1.1215647479485158,Power
2020-10-08,Shandong,1.0845905028840228,Power
2020-10-09,Shandong,1.0845905028840228,Power
2020-10-10,Shandong,1.2201631300265043,Power
2020-10-11,Shandong,1.3187674406946002,Power
2020-10-12,Shandong,1.1708645318465207,Power
2020-10-13,Shandong,1.3557381286050287,Power
2020-10-14,Shandong,1.4173598941824812,Power
2020-10-15,Shandong,1.4789816597599337,Power
2020-10-16,Shandong,1.5282838150939813,Power
2020-10-17,Shandong,1.4913131271835527,Power
2020-10-18,Shandong,1.4173598941824812,Power
2020-10-19,Shandong,1.343418518361624,Power
2020-10-20,Shandong,1.3557381286050287,Power
2020-10-21,Shandong,1.3803892062720526,Power
2020-10-22,Shandong,1.565266360184625,Power
2020-10-23,Shandong,1.5159642048505768,Power
2020-10-24,Shandong,1.466662049516529,Power
2020-10-25,Shandong,1.4543424392731243,Power
2020-10-26,Shandong,1.442010971849505,Power
2020-10-27,Shandong,1.5036327374269576,Power
2020-10-28,Shandong,1.4789816597599337,Power
2020-10-29,Shandong,1.466662049516529,Power
2020-10-30,Shandong,1.4543424392731243,Power
2020-10-31,Shandong,1.4543424392731243,Power
2020-10-01,Shanxi,0.5427183082093852,Power
2020-10-02,Shanxi,0.3983780194426558,Power
2020-10-03,Shanxi,0.4387931003354219,Power
2020-10-04,Shanxi,0.5196238175707267,Power
2020-10-05,Shanxi,0.5427183082093852,Power
2020-10-06,Shanxi,0.5196238175707267,Power
2020-10-07,Shanxi,0.525397162505505,Power
2020-10-08,Shanxi,0.5080765722513974,Power
2020-10-09,Shanxi,0.5080765722513974,Power
2020-10-10,Shanxi,0.5715855883330497,Power
2020-10-11,Shanxi,0.6177767914094565,Power
2020-10-12,Shanxi,0.5484916531441636,Power
2020-10-13,Shanxi,0.6350957153142468,Power
2020-10-14,Shanxi,0.6639624399881389,Power
2020-10-15,Shanxi,0.6928291646620309,Power
2020-10-16,Shanxi,0.7159247662002342,Power
2020-10-17,Shanxi,0.6986058422954439,Power
2020-10-18,Shanxi,0.6639624399881389,Power
2020-10-19,Shanxi,0.6293245921785582,Power
2020-10-20,Shanxi,0.6350957153142468,Power
2020-10-21,Shanxi,0.6466435160833486,Power
2020-10-22,Shanxi,0.7332492446027491,Power
2020-10-23,Shanxi,0.7101536430645455,Power
2020-10-24,Shanxi,0.6870580415263423,Power
2020-10-25,Shanxi,0.6812869183906535,Power
2020-10-26,Shanxi,0.6755102407572405,Power
2020-10-27,Shanxi,0.7043769654311326,Power
2020-10-28,Shanxi,0.6928291646620309,Power
2020-10-29,Shanxi,0.6870580415263423,Power
2020-10-30,Shanxi,0.6812869183906535,Power
2020-10-31,Shanxi,0.6812869183906535,Power
2020-10-01,Guangdong,0.42437688808429935,Power
2020-10-02,Guangdong,0.3115104495554167,Power
2020-10-03,Guangdong,0.34311289598390576,Power
2020-10-04,Guangdong,0.4063182231731008,Power
2020-10-05,Guangdong,0.42437688808429935,Power
2020-10-06,Guangdong,0.4063182231731008,Power
2020-10-07,Guangdong,0.41083267223479203,Power
2020-10-08,Guangdong,0.39728889071750145,Power
2020-10-09,Guangdong,0.39728889071750145,Power
2020-10-10,Guangdong,0.44694956772497235,Power
2020-10-11,Guangdong,0.48306863487623686,Power
2020-10-12,Guangdong,0.4288913371459906,Power
2020-10-13,Guangdong,0.4966111133968769,Power
2020-10-14,Guangdong,0.519183358705333,Power
2020-10-15,Guangdong,0.5417556040137892,Power
2020-10-16,Guangdong,0.5598151375894214,Power
2020-10-17,Guangdong,0.5462726590687813,Power
2020-10-18,Guangdong,0.519183358705333,Power
2020-10-19,Guangdong,0.49209840166405294,Power
2020-10-20,Guangdong,0.4966111133968769,Power
2020-10-21,Guangdong,0.505640880184693,Power
2020-10-22,Guangdong,0.5733619594322298,Power
2020-10-23,Guangdong,0.5553024258565975,Power
2020-10-24,Guangdong,0.5372428922809653,Power
2020-10-25,Guangdong,0.5327301805481413,Power
2020-10-26,Guangdong,0.5282131254931492,Power
2020-10-27,Guangdong,0.5507853708016054,Power
2020-10-28,Guangdong,0.5417556040137892,Power
2020-10-29,Guangdong,0.5372428922809653,Power
2020-10-30,Guangdong,0.5327301805481413,Power
2020-10-31,Guangdong,0.5327301805481413,Power
2020-10-01,Guangxi,0.12333038978993968,Power
2020-10-02,Guangxi,0.09052968303890593,Power
2020-10-03,Guangxi,0.09971383548871378,Power
2020-10-04,Guangxi,0.11808226661188947,Power
2020-10-05,Guangxi,0.12333038978993968,Power
2020-10-06,Guangxi,0.11808226661188947,Power
2020-10-07,Guangxi,0.11939423429462202,Power
2020-10-08,Guangxi,0.11545820502286437,Power
2020-10-09,Guangxi,0.11545820502286437,Power
2020-10-10,Guangxi,0.12989035442716243,Power
2020-10-11,Guangxi,0.14038710567750287,Power
2020-10-12,Guangxi,0.12464235747267222,Power
2020-10-13,Guangxi,0.1443227562785805,Power
2020-10-14,Guangxi,0.15088259469224322,Power
2020-10-15,Guangxi,0.15744243310590594,Power
2020-10-16,Guangxi,0.16269080873107614,Power
2020-10-17,Guangxi,0.15875515812999852,Power
2020-10-18,Guangxi,0.15088259469224322,Power
2020-10-19,Guangxi,0.14301129349008798,Power
2020-10-20,Guangxi,0.1443227562785805,Power
2020-10-21,Guangxi,0.1469469440911656,Power
2020-10-22,Guangxi,0.16662772156775388,Power
2020-10-23,Guangxi,0.16137934594258363,Power
2020-10-24,Guangxi,0.15613097031741344,Power
2020-10-25,Guangxi,0.1548195075289209,Power
2020-10-26,Guangxi,0.15350678250482833,Power
2020-10-27,Guangxi,0.16006662091849105,Power
2020-10-28,Guangxi,0.15744243310590594,Power
2020-10-29,Guangxi,0.15613097031741344,Power
2020-10-30,Guangxi,0.1548195075289209,Power
2020-10-31,Guangxi,0.1548195075289209,Power
2020-10-01,Xinjiang,0.5056962437117642,Power
2020-10-02,Xinjiang,0.37120227005822504,Power
2020-10-03,Xinjiang,0.40886039635989735,Power
2020-10-04,Xinjiang,0.4841771665224605,Power
2020-10-05,Xinjiang,0.5056962437117642,Power
2020-10-06,Xinjiang,0.4841771665224605,Power
2020-10-07,Xinjiang,0.4895566770401772,Power
2020-10-08,Xinjiang,0.4734176279278086,Power
2020-10-09,Xinjiang,0.4734176279278086,Power
2020-10-10,Xinjiang,0.5325943138595661,Power
2020-10-11,Xinjiang,0.575634538475048,Power
2020-10-12,Xinjiang,0.5110757542294809,Power
2020-10-13,Xinjiang,0.5917720349097608,Power
2020-10-14,Xinjiang,0.6186695874983442,Power
2020-10-15,Xinjiang,0.6455671400869275,Power
2020-10-16,Xinjiang,0.6670872523946683,Power
2020-10-17,Xinjiang,0.6509497559599554,Power
2020-10-18,Xinjiang,0.6186695874983442,Power
2020-10-19,Xinjiang,0.5863945946289184,Power
2020-10-20,Xinjiang,0.5917720349097608,Power
2020-10-21,Xinjiang,0.6025320910636313,Power
2020-10-22,Xinjiang,0.6832299244215668,Power
2020-10-23,Xinjiang,0.6617098121138258,Power
2020-10-24,Xinjiang,0.6401896998060851,Power
2020-10-25,Xinjiang,0.6348122595252426,Power
2020-10-26,Xinjiang,0.6294296436522147,Power
2020-10-27,Xinjiang,0.6563271962407979,Power
2020-10-28,Xinjiang,0.6455671400869275,Power
2020-10-29,Xinjiang,0.6401896998060851,Power
2020-10-30,Xinjiang,0.6348122595252426,Power
2020-10-31,Xinjiang,0.6348122595252426,Power
2020-10-01,Jiangsu,0.7169837835214191,Power
2020-10-02,Jiangsu,0.5262961933128045,Power
2020-10-03,Jiangsu,0.5796884544020326,Power
2020-10-04,Jiangsu,0.6864737103837777,Power
2020-10-05,Jiangsu,0.7169837835214191,Power
2020-10-06,Jiangsu,0.6864737103837777,Power
2020-10-07,Jiangsu,0.6941008617665437,Power
2020-10-08,Jiangsu,0.6712186738149569,Power
2020-10-09,Jiangsu,0.6712186738149569,Power
2020-10-10,Jiangsu,0.7551202742385379,Power
2020-10-11,Jiangsu,0.8161433557269756,Power
2020-10-12,Jiangsu,0.7246109349041852,Power
2020-10-13,Jiangsu,0.8390233422686962,Power
2020-10-14,Jiangsu,0.8771590991825263,Power
2020-10-15,Jiangsu,0.9152948560963564,Power
2020-10-16,Jiangsu,0.9458063968405751,Power
2020-10-17,Jiangsu,0.9229264102988545,Power
2020-10-18,Jiangsu,0.8771590991825263,Power
2020-10-19,Jiangsu,0.8313991260990851,Power
2020-10-20,Jiangsu,0.8390233422686962,Power
2020-10-21,Jiangsu,0.8542791126408057,Power
2020-10-22,Jiangsu,0.968693721415183,Power
2020-10-23,Jiangsu,0.9381821806709639,Power
2020-10-24,Jiangsu,0.9076706399267452,Power
2020-10-25,Jiangsu,0.9000464237571338,Power
2020-10-26,Jiangsu,0.8924148695546358,Power
2020-10-27,Jiangsu,0.9305506264684659,Power
2020-10-28,Jiangsu,0.9152948560963564,Power
2020-10-29,Jiangsu,0.9076706399267452,Power
2020-10-30,Jiangsu,0.9000464237571338,Power
2020-10-31,Jiangsu,0.9000464237571338,Power
2020-10-01,Jiangxi,0.1858242465968742,Power
2020-10-02,Jiangxi,0.13640279718576526,Power
2020-10-03,Jiangxi,0.15024073455483689,Power
2020-10-04,Jiangxi,0.17791679947642147,Power
2020-10-05,Jiangxi,0.1858242465968742,Power
2020-10-06,Jiangxi,0.17791679947642147,Power
2020-10-07,Jiangxi,0.17989356616481403,Power
2020-10-08,Jiangxi,0.1739630759161951,Power
2020-10-09,Jiangxi,0.1739630759161951,Power
2020-10-10,Jiangxi,0.19570827022227824,Power
2020-10-11,Jiangxi,0.21152392519694874,Power
2020-10-12,Jiangxi,0.18780101328526674,Power
2020-10-13,Jiangxi,0.2174538448952439,Power
2020-10-14,Jiangxi,0.22733767833720667,Power
2020-10-15,Jiangxi,0.23722151177916945,Power
2020-10-16,Jiangxi,0.24512933926650465,Power
2020-10-17,Jiangxi,0.2391994195682095,Power
2020-10-18,Jiangxi,0.22733767833720667,Power
2020-10-19,Jiangxi,0.21547783894061634,Power
2020-10-20,Jiangxi,0.2174538448952439,Power
2020-10-21,Jiangxi,0.22140775863891152,Power
2020-10-22,Jiangxi,0.2510611607992124,Power
2020-10-23,Jiangxi,0.2431533333118771,Power
2020-10-24,Jiangxi,0.23524550582454193,Power
2020-10-25,Jiangxi,0.23326949986991433,Power
2020-10-26,Jiangxi,0.2312915920808743,Power
2020-10-27,Jiangxi,0.24117542552283708,Power
2020-10-28,Jiangxi,0.23722151177916945,Power
2020-10-29,Jiangxi,0.23524550582454193,Power
2020-10-30,Jiangxi,0.23326949986991433,Power
2020-10-31,Jiangxi,0.23326949986991433,Power
2020-10-01,Hebei,0.620816506250854,Power
2020-10-02,Hebei,0.4557053750655974,Power
2020-10-03,Hebei,0.5019362630606504,Power
2020-10-04,Hebei,0.5943986744308088,Power
2020-10-05,Hebei,0.620816506250854,Power
2020-10-06,Hebei,0.5943986744308088,Power
2020-10-07,Hebei,0.6010028146957939,Power
2020-10-08,Hebei,0.5811897585207861,Power
2020-10-09,Hebei,0.5811897585207861,Power
2020-10-10,Hebei,0.653837842955832,Power
2020-10-11,Hebei,0.7066760481161324,Power
2020-10-12,Hebei,0.6274206465158392,Power
2020-10-13,Hebei,0.7264871981509828,Power
2020-10-14,Hebei,0.7595078994759084,Power
2020-10-15,Hebei,0.7925286008008339,Power
2020-10-16,Hebei,0.8189477033809839,Power
2020-10-17,Hebei,0.7991365533461334,Power
2020-10-18,Hebei,0.7595078994759084,Power
2020-10-19,Hebei,0.7198855994062074,Power
2020-10-20,Hebei,0.7264871981509828,Power
2020-10-21,Hebei,0.7396967494410579,Power
2020-10-22,Hebei,0.8387652072163587,Power
2020-10-23,Hebei,0.8123461046362085,Power
2020-10-24,Hebei,0.7859270020560585,Power
2020-10-25,Hebei,0.779325403311283,Power
2020-10-26,Hebei,0.7727174507659834,Power
2020-10-27,Hebei,0.8057381520909089,Power
2020-10-28,Hebei,0.7925286008008339,Power
2020-10-29,Hebei,0.7859270020560585,Power
2020-10-30,Hebei,0.779325403311283,Power
2020-10-31,Hebei,0.779325403311283,Power
2020-10-01,Henan,0.44143457482597187,Power
2020-10-02,Henan,0.32403150763956556,Power
2020-10-03,Henan,0.3569042038073396,Power
2020-10-04,Henan,0.4226500479329425,Power
2020-10-05,Henan,0.44143457482597187,Power
2020-10-06,Henan,0.4226500479329425,Power
2020-10-07,Henan,0.4273459537611725,Power
2020-10-08,Henan,0.41325778448642775,Power
2020-10-09,Henan,0.41325778448642775,Power
2020-10-10,Henan,0.4649145557571766,Power
2020-10-11,Henan,0.502485416703454,Power
2020-10-12,Henan,0.44613048065420186,Power
2020-10-13,Henan,0.5165722306080348,Power
2020-10-14,Henan,0.5400517597491848,Power
2020-10-15,Henan,0.5635312888903349,Power
2020-10-16,Henan,0.5823167193634735,Power
2020-10-17,Henan,0.5682299054588928,Power
2020-10-18,Henan,0.5400517597491848,Power
2020-10-19,Henan,0.5118781319400234,Power
2020-10-20,Henan,0.5165722306080348,Power
2020-10-21,Henan,0.5259649458446042,Power
2020-10-22,Henan,0.5964080511686011,Power
2020-10-23,Henan,0.5776226206954622,Power
2020-10-24,Henan,0.5588371902223236,Power
2020-10-25,Henan,0.5541430915543121,Power
2020-10-26,Henan,0.5494444749857542,Power
2020-10-27,Henan,0.5729240041269043,Power
2020-10-28,Henan,0.5635312888903349,Power
2020-10-29,Henan,0.5588371902223236,Power
2020-10-30,Henan,0.5541430915543121,Power
2020-10-31,Henan,0.5541430915543121,Power
2020-10-01,Zhejiang,0.3581774251889896,Power
2020-10-02,Zhejiang,0.26291726499266854,Power
2020-10-03,Zhejiang,0.2895899778789101,Power
2020-10-04,Zhejiang,0.3429357702311942,Power
2020-10-05,Zhejiang,0.3581774251889896,Power
2020-10-06,Zhejiang,0.3429357702311942,Power
2020-10-07,Zhejiang,0.3467460006807426,Power
2020-10-08,Zhejiang,0.33531494275229645,Power
2020-10-09,Zhejiang,0.33531494275229645,Power
2020-10-10,Zhejiang,0.37722894401653273,Power
2020-10-11,Zhejiang,0.40771372025132685,Power
2020-10-12,Zhejiang,0.3619876556385381,Power
2020-10-13,Zhejiang,0.4191436784403706,Power
2020-10-14,Zhejiang,0.43819483068811294,Power
2020-10-15,Zhejiang,0.4572459829358552,Power
2020-10-16,Zhejiang,0.4724883710532522,Power
2020-10-17,Zhejiang,0.4610584128642084,Power
2020-10-18,Zhejiang,0.43819483068811294,Power
2020-10-19,Zhejiang,0.41533491431002534,Power
2020-10-20,Zhejiang,0.4191436784403706,Power
2020-10-21,Zhejiang,0.42676487249906914,Power
2020-10-22,Zhejiang,0.4839219950403041,Power
2020-10-23,Zhejiang,0.46867960692290694,Power
2020-10-24,Zhejiang,0.45343721880550997,Power
2020-10-25,Zhejiang,0.4496284546751646,Power
2020-10-26,Zhejiang,0.4458160247468114,Power
2020-10-27,Zhejiang,0.46486717699455377,Power
2020-10-28,Zhejiang,0.4572459829358552,Power
2020-10-29,Zhejiang,0.45343721880550997,Power
2020-10-30,Zhejiang,0.4496284546751646,Power
2020-10-31,Zhejiang,0.4496284546751646,Power
2020-10-01,Hainan,0.028562630415137295,Power
2020-10-02,Hainan,0.020966169673540754,Power
2020-10-03,Hainan,0.023093168157425684,Power
2020-10-04,Hainan,0.02734719435786805,Power
2020-10-05,Hainan,0.028562630415137295,Power
2020-10-06,Hainan,0.02734719435786805,Power
2020-10-07,Hainan,0.02765103875584911,Power
2020-10-08,Hainan,0.026739476329233423,Power
2020-10-09,Hainan,0.026739476329233423,Power
2020-10-10,Hainan,0.0300818816377151,Power
2020-10-11,Hainan,0.032512870682943604,Power
2020-10-12,Hainan,0.028866474813118354,Power
2020-10-13,Hainan,0.03342434541154178,Power
2020-10-14,Hainan,0.034943567401447086,Power
2020-10-15,Hainan,0.0364627893913524,Power
2020-10-16,Hainan,0.03767828391396664,Power
2020-10-17,Hainan,0.036766809185368454,Power
2020-10-18,Hainan,0.034943567401447086,Power
2020-10-19,Hainan,0.03312061794425073,Power
2020-10-20,Hainan,0.03342434541154178,Power
2020-10-21,Hainan,0.03403209267284891,Power
2020-10-22,Hainan,0.038590050969289844,Power
2020-10-23,Hainan,0.03737455644667558,Power
2020-10-24,Hainan,0.03615906192406134,Power
2020-10-25,Hainan,0.03585533445677028,Power
2020-10-26,Hainan,0.03555131466275421,Power
2020-10-27,Hainan,0.03707053665265952,Power
2020-10-28,Hainan,0.0364627893913524,Power
2020-10-29,Hainan,0.03615906192406134,Power
2020-10-30,Hainan,0.03585533445677028,Power
2020-10-31,Hainan,0.03585533445677028,Power
2020-10-01,Hubei,0.1837051385279868,Power
2020-10-02,Hubei,0.13484728291123554,Power
2020-10-03,Hubei,0.1485274147986621,Power
2020-10-04,Hubei,0.17588786658813688,Power
2020-10-05,Hubei,0.1837051385279868,Power
2020-10-06,Hubei,0.17588786658813688,Power
2020-10-07,Hubei,0.1778420905657885,Power
2020-10-08,Hubei,0.17197923061821188,Power
2020-10-09,Hubei,0.17197923061821188,Power
2020-10-10,Hubei,0.19347644643086673,Power
2020-10-11,Hubei,0.2091117423690533,Power
2020-10-12,Hubei,0.18565936250563844,Power
2020-10-13,Hubei,0.2149740382727649,Power
2020-10-14,Hubei,0.22474515816102314,Power
2020-10-15,Hubei,0.23451627804928138,Power
2020-10-16,Hubei,0.24233392601837464,Power
2020-10-17,Hubei,0.23647163011466302,Power
2020-10-18,Hubei,0.22474515816102314,Power
2020-10-19,Hubei,0.21302056635359992,Power
2020-10-20,Hubei,0.2149740382727649,Power
2020-10-21,Hubei,0.21888286225731154,Power
2020-10-22,Hubei,0.24819810206830298,Power
2020-10-23,Hubei,0.24038045409920966,Power
2020-10-24,Hubei,0.23256280613011643,Power
2020-10-25,Hubei,0.23060933421095142,Power
2020-10-26,Hubei,0.22865398214556978,Power
2020-10-27,Hubei,0.23842510203382802,Power
2020-10-28,Hubei,0.23451627804928138,Power
2020-10-29,Hubei,0.23256280613011643,Power
2020-10-30,Hubei,0.23060933421095142,Power
2020-10-31,Hubei,0.23060933421095142,Power
2020-10-01,Hunan,0.1157293644572861,Power
2020-10-02,Hunan,0.08495021138307278,Power
2020-10-03,Hunan,0.09356833160393167,Power
2020-10-04,Hunan,0.11080469048987401,Power
2020-10-05,Hunan,0.1157293644572861,Power
2020-10-06,Hunan,0.11080469048987401,Power
2020-10-07,Hunan,0.11203579975961477,Power
2020-10-08,Hunan,0.10834235350616796,Power
2020-10-09,Hunan,0.10834235350616796,Power
2020-10-10,Hunan,0.12188502925021444,Power
2020-10-11,Hunan,0.13173485096193674,Power
2020-10-12,Hunan,0.11696047372702686,Power
2020-10-13,Hunan,0.13542794188270996,Power
2020-10-14,Hunan,0.14158348823141376,Power
2020-10-15,Hunan,0.14773903458011756,Power
2020-10-16,Hunan,0.1526639454359787,Power
2020-10-17,Hunan,0.14897085451520548,Power
2020-10-18,Hunan,0.14158348823141376,Power
2020-10-19,Hunan,0.13419730638986732,Power
2020-10-20,Hunan,0.13542794188270996,Power
2020-10-21,Hunan,0.13789039731064054,Power
2020-10-22,Hunan,0.15635822079899722,Power
2020-10-23,Hunan,0.15143330994313603,Power
2020-10-24,Hunan,0.14650839908727492,Power
2020-10-25,Hunan,0.14527776359443223,Power
2020-10-26,Hunan,0.14404594365934434,Power
2020-10-27,Hunan,0.15020149000804814,Power
2020-10-28,Hunan,0.14773903458011756,Power
2020-10-29,Hunan,0.14650839908727492,Power
2020-10-30,Hunan,0.14527776359443223,Power
2020-10-31,Hunan,0.14527776359443223,Power
2020-10-01,Gansu,0.1182365979345125,Power
2020-10-02,Gansu,0.08679062599932784,Power
2020-10-03,Gansu,0.09559545457748074,Power
2020-10-04,Gansu,0.113205232744061,Power
2020-10-05,Gansu,0.1182365979345125,Power
2020-10-06,Gansu,0.113205232744061,Power
2020-10-07,Gansu,0.11446301353653665,Power
2020-10-08,Gansu,0.11068955014883523,Power
2020-10-09,Gansu,0.11068955014883523,Power
2020-10-10,Gansu,0.12452562290716522,Power
2020-10-11,Gansu,0.13458883732916596,Power
2020-10-12,Gansu,0.11949437872698815,Power
2020-10-13,Gansu,0.13836193768604407,Power
2020-10-14,Gansu,0.14465084164842235,Power
2020-10-15,Gansu,0.15093974561080065,Power
2020-10-16,Gansu,0.155971352821801,Power
2020-10-17,Gansu,0.15219825246492288,Power
2020-10-18,Gansu,0.14465084164842235,Power
2020-10-19,Gansu,0.13710464093466615,Power
2020-10-20,Gansu,0.13836193768604407,Power
2020-10-21,Gansu,0.14087774129154426,Power
2020-10-22,Gansu,0.15974566328142348,Power
2020-10-23,Gansu,0.15471405607042307,Power
2020-10-24,Gansu,0.14968244885942272,Power
2020-10-25,Gansu,0.14842515210804477,Power
2020-10-26,Gansu,0.14716664525392253,Power
2020-10-27,Gansu,0.15345554921630084,Power
2020-10-28,Gansu,0.15093974561080065,Power
2020-10-29,Gansu,0.14968244885942272,Power
2020-10-30,Gansu,0.14842515210804477,Power
2020-10-31,Gansu,0.14842515210804477,Power
2020-10-01,Fujian,0.19664076345116843,Power
2020-10-02,Fujian,0.14434257459238883,Power
2020-10-03,Fujian,0.15898599502151528,Power
2020-10-04,Fujian,0.18827303713346774,Power
2020-10-05,Fujian,0.19664076345116843,Power
2020-10-06,Fujian,0.18827303713346774,Power
2020-10-07,Fujian,0.19036486808604317,Power
2020-10-08,Fujian,0.18408917397461735,Power
2020-10-09,Fujian,0.18408917397461735,Power
2020-10-10,Fujian,0.20710011946774506,Power
2020-10-11,Fujian,0.22383637711794446,Power
2020-10-12,Fujian,0.19873259440374386,Power
2020-10-13,Fujian,0.23011146746827174,Power
2020-10-14,Fujian,0.2405706222311489,Power
2020-10-15,Fujian,0.251029776994026,Power
2020-10-16,Fujian,0.25939790581912564,Power
2020-10-17,Fujian,0.2531228154687984,Power
2020-10-18,Fujian,0.2405706222311489,Power
2020-10-19,Fujian,0.2280204415304943,Power
2020-10-20,Fujian,0.23011146746827174,Power
2020-10-21,Fujian,0.23429553188082158,Power
2020-10-22,Fujian,0.26567500870644795,Power
2020-10-23,Fujian,0.2573068798813482,Power
2020-10-24,Fujian,0.24893875105624858,Power
2020-10-25,Fujian,0.24684772511847108,Power
2020-10-26,Fujian,0.24475468664369873,Power
2020-10-27,Fujian,0.2552138414065759,Power
2020-10-28,Fujian,0.251029776994026,Power
2020-10-29,Fujian,0.24893875105624858,Power
2020-10-30,Fujian,0.24684772511847108,Power
2020-10-31,Fujian,0.24684772511847108,Power
2020-10-01,Tibet,0.0009094033290278787,Power
2020-10-02,Tibet,0.0006675402167433627,Power
2020-10-03,Tibet,0.0007352615531177986,Power
2020-10-04,Tibet,0.0008707051566034165,Power
2020-10-05,Tibet,0.0009094033290278787,Power
2020-10-06,Tibet,0.0008707051566034165,Power
2020-10-07,Tibet,0.000880379234341159,Power
2020-10-08,Tibet,0.0008513560703911852,Power
2020-10-09,Tibet,0.0008513560703911852,Power
2020-10-10,Tibet,0.0009577746484533376,Power
2020-10-11,Tibet,0.001035174716249246,Power
2020-10-12,Tibet,0.0009190774067656212,Power
2020-10-13,Tibet,0.0010641950879889818,Power
2020-10-14,Tibet,0.0011125654766776945,Power
2020-10-15,Tibet,0.0011609358653664075,Power
2020-10-16,Tibet,0.0011996358992643614,Power
2020-10-17,Tibet,0.0011706155275246256,Power
2020-10-18,Tibet,0.0011125654766776945,Power
2020-10-19,Tibet,0.001054524733198223,Power
2020-10-20,Tibet,0.0010641950879889818,Power
2020-10-21,Tibet,0.001083545104937959,Power
2020-10-22,Tibet,0.0012286655783715573,Power
2020-10-23,Tibet,0.0011899655444736028,Power
2020-10-24,Tibet,0.0011512655105756489,Power
2020-10-25,Tibet,0.00114159515578489,Power
2020-10-26,Tibet,0.0011319154936266717,Power
2020-10-27,Tibet,0.0011802858823153845,Power
2020-10-28,Tibet,0.0011609358653664075,Power
2020-10-29,Tibet,0.0011512655105756489,Power
2020-10-30,Tibet,0.00114159515578489,Power
2020-10-31,Tibet,0.00114159515578489,Power
2020-10-01,Guizhou,0.15090145894289705,Power
2020-10-02,Guizhou,0.11076800512409724,Power
2020-10-03,Guizhou,0.12200531659445339,Power
2020-10-04,Guizhou,0.14448009397657624,Power
2020-10-05,Guizhou,0.15090145894289705,Power
2020-10-06,Guizhou,0.14448009397657624,Power
2020-10-07,Guizhou,0.14608535799745118,Power
2020-10-08,Guizhou,0.14126941149341582,Power
2020-10-09,Guizhou,0.14126941149341582,Power
2020-10-10,Guizhou,0.1589279334886823,Power
2020-10-11,Guizhou,0.171771281186966,Power
2020-10-12,Guizhou,0.152506722963772,Power
2020-10-13,Guizhou,0.17658676436676982,Power
2020-10-14,Guizhou,0.18461308447114455,Power
2020-10-15,Guizhou,0.19263940457551929,Power
2020-10-16,Guizhou,0.1990610784246611,Power
2020-10-17,Guizhou,0.19424559524485727,Power
2020-10-18,Guizhou,0.18461308447114455,Power
2020-10-19,Guizhou,0.1749821181115369,Power
2020-10-20,Guizhou,0.17658676436676982,Power
2020-10-21,Guizhou,0.17979760129134073,Power
2020-10-22,Guizhou,0.20387810601857007,Power
2020-10-23,Guizhou,0.19745643216942818,Power
2020-10-24,Guizhou,0.19103475832028638,Power
2020-10-25,Guizhou,0.18943011206505345,Power
2020-10-26,Guizhou,0.18782392139571547,Power
2020-10-27,Guizhou,0.1958502415000902,Power
2020-10-28,Guizhou,0.19263940457551929,Power
2020-10-29,Guizhou,0.19103475832028638,Power
2020-10-30,Guizhou,0.18943011206505345,Power
2020-10-31,Guizhou,0.18943011206505345,Power
2020-10-01,Liaoning,0.3116788680571062,Power
2020-10-02,Liaoning,0.2287853722281551,Power
2020-10-03,Liaoning,0.2519954362237001,Power
2020-10-04,Liaoning,0.29841588320523815,Power
2020-10-05,Liaoning,0.3116788680571062,Power
2020-10-06,Liaoning,0.29841588320523815,Power
2020-10-07,Liaoning,0.3017314699229811,Power
2020-10-08,Liaoning,0.2917843907793041,Power
2020-10-09,Liaoning,0.2917843907793041,Power
2020-10-10,Liaoning,0.32825712063626905,Power
2020-10-11,Liaoning,0.3547843663017976,Power
2020-10-12,Liaoning,0.3149944547748491,Power
2020-10-13,Liaoning,0.3647304884741302,Power
2020-10-14,Liaoning,0.381308422062845,Power
2020-10-15,Liaoning,0.3978863556515597,Power
2020-10-16,Liaoning,0.4111499784843239,Power
2020-10-17,Liaoning,0.4012038563119913,Power
2020-10-18,Liaoning,0.381308422062845,Power
2020-10-19,Liaoning,0.36141617771817974,Power
2020-10-20,Liaoning,0.3647304884741302,Power
2020-10-21,Liaoning,0.37136229989051234,Power
2020-10-22,Liaoning,0.42109929056113776,Power
2020-10-23,Liaoning,0.40783566772837343,Power
2020-10-24,Liaoning,0.3945720448956092,Power
2020-10-25,Liaoning,0.3912577341396587,Power
2020-10-26,Liaoning,0.3879402334792271,Power
2020-10-27,Liaoning,0.40451816706794186,Power
2020-10-28,Liaoning,0.3978863556515597,Power
2020-10-29,Liaoning,0.3945720448956092,Power
2020-10-30,Liaoning,0.3912577341396587,Power
2020-10-31,Liaoning,0.3912577341396587,Power
2020-10-01,Chongqing,0.04004774286335854,Power
2020-10-02,Chongqing,0.02939672431116565,Power
2020-10-03,Chongqing,0.0323789947503838,Power
2020-10-04,Chongqing,0.03834357661603082,Power
2020-10-05,Chongqing,0.04004774286335854,Power
2020-10-06,Chongqing,0.03834357661603082,Power
2020-10-07,Chongqing,0.03876959768425739,Power
2020-10-08,Chongqing,0.037491493492366953,Power
2020-10-09,Chongqing,0.037491493492366953,Power
2020-10-10,Chongqing,0.04217788919170211,Power
2020-10-11,Chongqing,0.045586385635200434,Power
2020-10-12,Chongqing,0.04047376393158511,Power
2020-10-13,Chongqing,0.0468643668654587,Power
2020-10-14,Chongqing,0.048994472206591554,Power
2020-10-15,Chongqing,0.051124577547724405,Power
2020-10-16,Chongqing,0.05282882576947356,Power
2020-10-17,Chongqing,0.05155084453921529,Power
2020-10-18,Chongqing,0.048994472206591554,Power
2020-10-19,Chongqing,0.04643850974607502,Power
2020-10-20,Chongqing,0.0468643668654587,Power
2020-10-21,Chongqing,0.047716490976333285,Power
2020-10-22,Chongqing,0.05410721687183904,Power
2020-10-23,Chongqing,0.052402968650089865,Power
2020-10-24,Chongqing,0.05069872042834071,Power
2020-10-25,Chongqing,0.050272863308957014,Power
2020-10-26,Chongqing,0.04984659631746614,Power
2020-10-27,Chongqing,0.05197670165859899,Power
2020-10-28,Chongqing,0.051124577547724405,Power
2020-10-29,Chongqing,0.05069872042834071,Power
2020-10-30,Chongqing,0.050272863308957014,Power
2020-10-31,Chongqing,0.050272863308957014,Power
2020-10-01,Shaanxi,0.36305590659891485,Power
2020-10-02,Shaanxi,0.2664982751273479,Power
2020-10-03,Shaanxi,0.2935342781732056,Power
2020-10-04,Shaanxi,0.34760665583764616,Power
2020-10-05,Shaanxi,0.36305590659891485,Power
2020-10-06,Shaanxi,0.34760665583764616,Power
2020-10-07,Shaanxi,0.3514687827416008,Power
2020-10-08,Shaanxi,0.33988203045701176,Power
2020-10-09,Shaanxi,0.33988203045701176,Power
2020-10-10,Shaanxi,0.38236691269141326,Power
2020-10-11,Shaanxi,0.4132669005048508,Power
2020-10-12,Shaanxi,0.36691803350286956,Power
2020-10-13,Shaanxi,0.4248525380712648,Power
2020-10-14,Shaanxi,0.4441631725910381,Power
2020-10-15,Shaanxi,0.4634738071108115,Power
2020-10-16,Shaanxi,0.4789238010175302,Power
2020-10-17,Shaanxi,0.46733816345111623,Power
2020-10-18,Shaanxi,0.4441631725910381,Power
2020-10-19,Shaanxi,0.4209918974582102,Power
2020-10-20,Shaanxi,0.4248525380712648,Power
2020-10-21,Shaanxi,0.43257753502462415,Power
2020-10-22,Shaanxi,0.49051315431119447,Power
2020-10-23,Shaanxi,0.4750631604044756,Power
2020-10-24,Shaanxi,0.4596131664977569,Power
2020-10-25,Shaanxi,0.4557525258847023,Power
2020-10-26,Shaanxi,0.45188816954439753,Power
2020-10-27,Shaanxi,0.47119880406417086,Power
2020-10-28,Shaanxi,0.4634738071108115,Power
2020-10-29,Shaanxi,0.4596131664977569,Power
2020-10-30,Shaanxi,0.4557525258847023,Power
2020-10-31,Shaanxi,0.4557525258847023,Power
2020-10-01,Qinghai,0.03158830878087491,Power
2020-10-02,Qinghai,0.02318714460027568,Power
2020-10-03,Qinghai,0.0255394589322849,Power
2020-10-04,Qinghai,0.030244119925632685,Power
2020-10-05,Qinghai,0.03158830878087491,Power
2020-10-06,Qinghai,0.030244119925632685,Power
2020-10-07,Qinghai,0.03058015097477857,Power
2020-10-08,Qinghai,0.02957202549801157,Power
2020-10-09,Qinghai,0.02957202549801157,Power
2020-10-10,Qinghai,0.03326849635593368,Power
2020-10-11,Qinghai,0.03595700338373549,Power
2020-10-12,Qinghai,0.0319243398300208,Power
2020-10-13,Qinghai,0.03696503187251447,Power
2020-10-14,Qinghai,0.038645187118243905,Power
2020-10-15,Qinghai,0.04032534236397334,Power
2020-10-16,Qinghai,0.041669595877874235,Power
2020-10-17,Qinghai,0.04066156738909525,Power
2020-10-18,Qinghai,0.038645187118243905,Power
2020-10-19,Qinghai,0.03662913014068594,Power
2020-10-20,Qinghai,0.03696503187251447,Power
2020-10-21,Qinghai,0.03763715862946492,Power
2020-10-22,Qinghai,0.04267794765994661,Power
2020-10-23,Qinghai,0.0413336941460457,Power
2020-10-24,Qinghai,0.0399894406321448,Power
2020-10-25,Qinghai,0.03965353890031627,Power
2020-10-26,Qinghai,0.039317313875194354,Power
2020-10-27,Qinghai,0.04099746912092379,Power
2020-10-28,Qinghai,0.04032534236397334,Power
2020-10-29,Qinghai,0.0399894406321448,Power
2020-10-30,Qinghai,0.03965353890031627,Power
2020-10-31,Qinghai,0.03965353890031627,Power
2020-10-01,Heilongjiang,0.15924473870609676,Power
2020-10-02,Heilongjiang,0.11689232268892341,Power
2020-10-03,Heilongjiang,0.12875094050078337,Power
2020-10-04,Heilongjiang,0.152468339104916,Power
2020-10-05,Heilongjiang,0.15924473870609676,Power
2020-10-06,Heilongjiang,0.152468339104916,Power
2020-10-07,Heilongjiang,0.15416235751500482,Power
2020-10-08,Heilongjiang,0.14908013930432562,Power
2020-10-09,Heilongjiang,0.14908013930432562,Power
2020-10-10,Heilongjiang,0.1677149937369536,Power
2020-10-11,Heilongjiang,0.18126844486096608,Power
2020-10-12,Heilongjiang,0.16093875711618558,Power
2020-10-13,Heilongjiang,0.18635017413040705,Power
2020-10-14,Heilongjiang,0.19482026618085113,Power
2020-10-15,Heilongjiang,0.2032903582312952,Power
2020-10-16,Heilongjiang,0.2100670837933014,Power
2020-10-17,Heilongjiang,0.20498535452386046,Power
2020-10-18,Heilongjiang,0.19482026618085113,Power
2020-10-19,Heilongjiang,0.1846568076419692,Power
2020-10-20,Heilongjiang,0.18635017413040705,Power
2020-10-21,Heilongjiang,0.18973853691141018,Power
2020-10-22,Heilongjiang,0.21515044286686988,Power
2020-10-23,Heilongjiang,0.2083737173048636,Power
2020-10-24,Heilongjiang,0.2015969917428574,Power
2020-10-25,Heilongjiang,0.19990362525441951,Power
2020-10-26,Heilongjiang,0.19820862896185426,Power
2020-10-27,Heilongjiang,0.20667872101229834,Power
2020-10-28,Heilongjiang,0.2032903582312952,Power
2020-10-29,Heilongjiang,0.2015969917428574,Power
2020-10-30,Heilongjiang,0.19990362525441951,Power
2020-10-31,Heilongjiang,0.19990362525441951,Power
2020-11-01,Shanghai,0.10240004425332704,Power
2020-11-02,Shanghai,0.09040707965890005,Power
2020-11-03,Shanghai,0.10240004425332704,Power
2020-11-04,Shanghai,0.09501982301580603,Power
2020-11-05,Shanghai,0.10424530972961801,Power
2020-11-06,Shanghai,0.10609057520590902,Power
2020-11-07,Shanghai,0.11531522125207803,Power
2020-11-08,Shanghai,0.11254774337146305,Power
2020-11-09,Shanghai,0.103323097325294,Power
2020-11-10,Shanghai,0.10701278761023303,Power
2020-11-11,Shanghai,0.11808353980033602,Power
2020-11-12,Shanghai,0.11992796460898404,Power
2020-11-13,Shanghai,0.11716048672836904,Power
2020-11-14,Shanghai,0.12177323008527505,Power
2020-11-15,Shanghai,0.11531522125207803,Power
2020-11-16,Shanghai,0.11900575220466003,Power
2020-11-17,Shanghai,0.12638597344218103,Power
2020-11-18,Shanghai,0.12730818584650505,Power
2020-11-19,Shanghai,0.11900575220466003,Power
2020-11-20,Shanghai,0.11900575220466003,Power
2020-11-21,Shanghai,0.12454070796589004,Power
2020-11-22,Shanghai,0.12546292037021403,Power
2020-11-23,Shanghai,0.12730818584650505,Power
2020-11-24,Shanghai,0.12546292037021403,Power
2020-11-25,Shanghai,0.138378938036608,Power
2020-11-26,Shanghai,0.12269544248959906,Power
2020-11-27,Shanghai,0.11808353980033602,Power
2020-11-28,Shanghai,0.11531522125207803,Power
2020-11-29,Shanghai,0.11162553096713901,Power
2020-11-30,Shanghai,0.11439300884775402,Power
2020-11-01,Yunnan,0.014318274586071269,Power
2020-11-02,Yunnan,0.012641336246677366,Power
2020-11-03,Yunnan,0.014318274586071269,Power
2020-11-04,Yunnan,0.013286321573205778,Power
2020-11-05,Yunnan,0.014576292226262605,Power
2020-11-06,Yunnan,0.014834309866453944,Power
2020-11-07,Yunnan,0.01612416297161091,Power
2020-11-08,Yunnan,0.015737195285273838,Power
2020-11-09,Yunnan,0.014447342180116866,Power
2020-11-10,Yunnan,0.014963259912599683,Power
2020-11-11,Yunnan,0.01651124820584785,Power
2020-11-12,Yunnan,0.016769148298139327,Power
2020-11-13,Yunnan,0.01638218061180225,Power
2020-11-14,Yunnan,0.017027165938330667,Power
2020-11-15,Yunnan,0.01612416297161091,Power
2020-11-16,Yunnan,0.016640198251993588,Power
2020-11-17,Yunnan,0.01767215126485908,Power
2020-11-18,Yunnan,0.01780110131100482,Power
2020-11-19,Yunnan,0.016640198251993588,Power
2020-11-20,Yunnan,0.016640198251993588,Power
2020-11-21,Yunnan,0.01741413362466774,Power
2020-11-22,Yunnan,0.01754308367081348,Power
2020-11-23,Yunnan,0.01780110131100482,Power
2020-11-24,Yunnan,0.01754308367081348,Power
2020-11-25,Yunnan,0.01934908960425298,Power
2020-11-26,Yunnan,0.017156115984476406,Power
2020-11-27,Yunnan,0.01651124820584785,Power
2020-11-28,Yunnan,0.01612416297161091,Power
2020-11-29,Yunnan,0.015608245239128096,Power
2020-11-30,Yunnan,0.01599521292546517,Power
2020-11-01,InnerMongolia,0.9862912198876004,Power
2020-11-02,InnerMongolia,0.8707780307463575,Power
2020-11-03,InnerMongolia,0.9862912198876004,Power
2020-11-04,InnerMongolia,0.9152068032696996,Power
2020-11-05,InnerMongolia,1.004064348316384,Power
2020-11-06,InnerMongolia,1.0218374767451677,Power
2020-11-07,InnerMongolia,1.1106869246946178,Power
2020-11-08,InnerMongolia,1.0840312806000596,Power
2020-11-09,InnerMongolia,0.9951818326506092,Power
2020-11-10,InnerMongolia,1.0307199924109425,Power
2020-11-11,InnerMongolia,1.1373506658864105,Power
2020-11-12,InnerMongolia,1.1551156972179601,Power
2020-11-13,InnerMongolia,1.1284600531234017,Power
2020-11-14,InnerMongolia,1.172888825646744,Power
2020-11-15,InnerMongolia,1.1106869246946178,Power
2020-11-16,InnerMongolia,1.1462331815521853,Power
2020-11-17,InnerMongolia,1.2173175981700861,Power
2020-11-18,InnerMongolia,1.226200113835861,Power
2020-11-19,InnerMongolia,1.1462331815521853,Power
2020-11-20,InnerMongolia,1.1462331815521853,Power
2020-11-21,InnerMongolia,1.1995444697413022,Power
2020-11-22,InnerMongolia,1.208426985407077,Power
2020-11-23,InnerMongolia,1.226200113835861,Power
2020-11-24,InnerMongolia,1.208426985407077,Power
2020-11-25,InnerMongolia,1.3328307873113288,Power
2020-11-26,InnerMongolia,1.1817713413125188,Power
2020-11-27,InnerMongolia,1.1373506658864105,Power
2020-11-28,InnerMongolia,1.1106869246946178,Power
2020-11-29,InnerMongolia,1.0751487649342846,Power
2020-11-30,InnerMongolia,1.101804409028843,Power
2020-11-01,Beijing,0.0841601287228354,Power
2020-11-02,Beijing,0.07430340013062496,Power
2020-11-03,Beijing,0.0841601287228354,Power
2020-11-04,Beijing,0.07809450273720414,Power
2020-11-05,Beijing,0.08567670795036252,Power
2020-11-06,Beijing,0.08719328717788964,Power
2020-11-07,Beijing,0.09477480146657077,Power
2020-11-08,Beijing,0.09250027808751873,Power
2020-11-09,Beijing,0.08491876379883757,Power
2020-11-10,Beijing,0.08795123132941458,Power
2020-11-11,Beijing,0.0970500157701001,Power
2020-11-12,Beijing,0.09856590407314998,Power
2020-11-13,Beijing,0.09629138069409791,Power
2020-11-14,Beijing,0.10008248330067711,Power
2020-11-15,Beijing,0.09477480146657077,Power
2020-11-16,Beijing,0.09780795992162504,Power
2020-11-17,Beijing,0.10387358590725629,Power
2020-11-18,Beijing,0.10463153005878123,Power
2020-11-19,Beijing,0.09780795992162504,Power
2020-11-20,Beijing,0.09780795992162504,Power
2020-11-21,Beijing,0.10235700667972916,Power
2020-11-22,Beijing,0.1031149508312541,Power
2020-11-23,Beijing,0.10463153005878123,Power
2020-11-24,Beijing,0.1031149508312541,Power
2020-11-25,Beijing,0.11373031449946672,Power
2020-11-26,Beijing,0.10084042745220205,Power
2020-11-27,Beijing,0.0970500157701001,Power
2020-11-28,Beijing,0.09477480146657077,Power
2020-11-29,Beijing,0.09174233393599376,Power
2020-11-30,Beijing,0.09401685731504583,Power
2020-11-01,Jilin,0.14043434640456276,Power
2020-11-02,Jilin,0.1239868521036343,Power
2020-11-03,Jilin,0.14043434640456276,Power
2020-11-04,Jilin,0.13031290013596253,Power
2020-11-05,Jilin,0.14296499620061895,Power
2020-11-06,Jilin,0.1454956459966752,Power
2020-11-07,Jilin,0.15814658914570698,Power
2020-11-08,Jilin,0.154351190909435,Power
2020-11-09,Jilin,0.14170024776040316,Power
2020-11-10,Jilin,0.14676039443689098,Power
2020-11-11,Jilin,0.16194314029760365,Power
2020-11-12,Jilin,0.16447263717803523,Power
2020-11-13,Jilin,0.1606772389417632,Power
2020-11-14,Jilin,0.16700328697409145,Power
2020-11-15,Jilin,0.15814658914570698,Power
2020-11-16,Jilin,0.16320788873781944,Power
2020-11-17,Jilin,0.17332933500641964,Power
2020-11-18,Jilin,0.17459408344663543,Power
2020-11-19,Jilin,0.16320788873781944,Power
2020-11-20,Jilin,0.16320788873781944,Power
2020-11-21,Jilin,0.17079868521036343,Power
2020-11-22,Jilin,0.17206343365057922,Power
2020-11-23,Jilin,0.17459408344663543,Power
2020-11-24,Jilin,0.17206343365057922,Power
2020-11-25,Jilin,0.18977682930734807,Power
2020-11-26,Jilin,0.16826803541430724,Power
2020-11-27,Jilin,0.16194314029760365,Power
2020-11-28,Jilin,0.15814658914570698,Power
2020-11-29,Jilin,0.15308644246921918,Power
2020-11-30,Jilin,0.1568818407054912,Power
2020-11-01,Sichuan,0.05374450807477647,Power
2020-11-02,Sichuan,0.04745001877854994,Power
2020-11-03,Sichuan,0.05374450807477647,Power
2020-11-04,Sichuan,0.04987101014041696,Power
2020-11-05,Sichuan,0.05471299286415102,Power
2020-11-06,Sichuan,0.05568147765352556,Power
2020-11-07,Sichuan,0.060523019154120936,Power
2020-11-08,Sichuan,0.059070512581628466,Power
2020-11-09,Sichuan,0.05422897108103308,Power
2020-11-10,Sichuan,0.0561654994366435,Power
2020-11-11,Sichuan,0.0619759669497521,Power
2020-11-12,Sichuan,0.06294401051598797,Power
2020-11-13,Sichuan,0.061491503943495486,Power
2020-11-14,Sichuan,0.06391249530536251,Power
2020-11-15,Sichuan,0.060523019154120936,Power
2020-11-16,Sichuan,0.06245998873287003,Power
2020-11-17,Sichuan,0.06633348666722953,Power
2020-11-18,Sichuan,0.06681750845034747,Power
2020-11-19,Sichuan,0.06245998873287003,Power
2020-11-20,Sichuan,0.06245998873287003,Power
2020-11-21,Sichuan,0.06536500187785499,Power
2020-11-22,Sichuan,0.06584902366097292,Power
2020-11-23,Sichuan,0.06681750845034747,Power
2020-11-24,Sichuan,0.06584902366097292,Power
2020-11-25,Sichuan,0.07262797596345606,Power
2020-11-26,Sichuan,0.06439651708848046,Power
2020-11-27,Sichuan,0.0619759669497521,Power
2020-11-28,Sichuan,0.060523019154120936,Power
2020-11-29,Sichuan,0.05858649079851052,Power
2020-11-30,Sichuan,0.060038997371003,Power
2020-11-01,Tianjin,0.16289438497094907,Power
2020-11-02,Tianjin,0.14381639915724587,Power
2020-11-03,Tianjin,0.16289438497094907,Power
2020-11-04,Tianjin,0.1511541888782461,Power
2020-11-05,Tianjin,0.1658297683202466,Power
2020-11-06,Tianjin,0.16876515166954412,Power
2020-11-07,Tianjin,0.18343939380705745,Power
2020-11-08,Tianjin,0.17903698743535476,Power
2020-11-09,Tianjin,0.1643627452978414,Power
2020-11-10,Tianjin,0.17023217469194932,Power
2020-11-11,Tianjin,0.18784313748324735,Power
2020-11-12,Tianjin,0.19077718352805773,Power
2020-11-13,Tianjin,0.18637477715635498,Power
2020-11-14,Tianjin,0.19371256687735525,Power
2020-11-15,Tianjin,0.18343939380705745,Power
2020-11-16,Tianjin,0.18931016050565252,Power
2020-11-17,Tianjin,0.2010503565983555,Power
2020-11-18,Tianjin,0.20251737962076066,Power
2020-11-19,Tianjin,0.18931016050565252,Power
2020-11-20,Tianjin,0.18931016050565252,Power
2020-11-21,Tianjin,0.19811497324905794,Power
2020-11-22,Tianjin,0.1995819962714631,Power
2020-11-23,Tianjin,0.20251737962076066,Power
2020-11-24,Tianjin,0.1995819962714631,Power
2020-11-25,Tianjin,0.22012834241205864,Power
2020-11-26,Tianjin,0.19517958989976045,Power
2020-11-27,Tianjin,0.18784313748324735,Power
2020-11-28,Tianjin,0.18343939380705745,Power
2020-11-29,Tianjin,0.17756996441294953,Power
2020-11-30,Tianjin,0.18197237078465225,Power
2020-11-01,Ningxia,0.2811642196323675,Power
2020-11-02,Ningxia,0.24823461930007934,Power
2020-11-03,Ningxia,0.2811642196323675,Power
2020-11-04,Ningxia,0.2609000277553762,Power
2020-11-05,Ningxia,0.28623084466596993,Power
2020-11-06,Ningxia,0.2912974696995724,Power
2020-11-07,Ningxia,0.3166259783527476,Power
2020-11-08,Ningxia,0.3090271949310532,Power
2020-11-09,Ningxia,0.2836986862778779,Power
2020-11-10,Ningxia,0.29382962808766433,Power
2020-11-11,Ningxia,0.3242270700318605,Power
2020-11-12,Ningxia,0.3292913868080445,Power
2020-11-13,Ningxia,0.32169260338635003,Power
2020-11-14,Ningxia,0.33435801184164693,Power
2020-11-15,Ningxia,0.3166259783527476,Power
2020-11-16,Ningxia,0.32675922841995253,Power
2020-11-17,Ningxia,0.3470234202969438,Power
2020-11-18,Ningxia,0.34955557868503573,Power
2020-11-19,Ningxia,0.32675922841995253,Power
2020-11-20,Ningxia,0.32675922841995253,Power
2020-11-21,Ningxia,0.34195679526334133,Power
2020-11-22,Ningxia,0.3444889536514333,Power
2020-11-23,Ningxia,0.34955557868503573,Power
2020-11-24,Ningxia,0.3444889536514333,Power
2020-11-25,Ningxia,0.37995302062923186,Power
2020-11-26,Ningxia,0.3368901702297389,Power
2020-11-27,Ningxia,0.3242270700318605,Power
2020-11-28,Ningxia,0.3166259783527476,Power
2020-11-29,Ningxia,0.3064950365429612,Power
2020-11-30,Ningxia,0.31409381996465563,Power
2020-11-01,Anhui,0.5304588266463257,Power
2020-11-02,Anhui,0.4683321549914551,Power
2020-11-03,Anhui,0.5304588266463257,Power
2020-11-04,Anhui,0.4922273636953857,Power
2020-11-05,Anhui,0.540017781103247,Power
2020-11-06,Anhui,0.5495767355601685,Power
2020-11-07,Anhui,0.5973627980912841,Power
2020-11-08,Anhui,0.583026543844275,Power
2020-11-09,Anhui,0.5352404813131593,Power
2020-11-10,Anhui,0.5543540353502564,Power
2020-11-11,Anhui,0.6117034072150392,Power
2020-11-12,Anhui,0.6212580067952149,Power
2020-11-13,Anhui,0.6069217525482056,Power
2020-11-14,Anhui,0.6308169612521364,Power
2020-11-15,Anhui,0.5973627980912841,Power
2020-11-16,Anhui,0.616480707005127,Power
2020-11-17,Anhui,0.654712169956067,Power
2020-11-18,Anhui,0.6594894697461549,Power
2020-11-19,Anhui,0.616480707005127,Power
2020-11-20,Anhui,0.616480707005127,Power
2020-11-21,Anhui,0.6451532154991455,Power
2020-11-22,Anhui,0.6499305152892334,Power
2020-11-23,Anhui,0.6594894697461549,Power
2020-11-24,Anhui,0.6499305152892334,Power
2020-11-25,Anhui,0.7168388416109376,Power
2020-11-26,Anhui,0.6355942610422242,Power
2020-11-27,Anhui,0.6117034072150392,Power
2020-11-28,Anhui,0.5973627980912841,Power
2020-11-29,Anhui,0.578249244054187,Power
2020-11-30,Anhui,0.5925854983011963,Power
2020-11-01,Shandong,1.1981957732249904,Power
2020-11-02,Shandong,1.0578645888953264,Power
2020-11-03,Shandong,1.1981957732249904,Power
2020-11-04,Shandong,1.1118388780034762,Power
2020-11-05,Shandong,1.2197874562197761,Power
2020-11-06,Shandong,1.2413791392145619,Power
2020-11-07,Shandong,1.3493178806732329,Power
2020-11-08,Shandong,1.316935274559869,Power
2020-11-09,Shandong,1.2089965331011976,Power
2020-11-10,Shandong,1.2521700623331404,Power
2020-11-11,Shandong,1.3817103235442258,Power
2020-11-12,Shandong,1.403292169781383,Power
2020-11-13,Shandong,1.3709095636680186,Power
2020-11-14,Shandong,1.4248838527761687,Power
2020-11-15,Shandong,1.3493178806732329,Power
2020-11-16,Shandong,1.3925012466628044,Power
2020-11-17,Shandong,1.4788581418843185,Power
2020-11-18,Shandong,1.489649065002897,Power
2020-11-19,Shandong,1.3925012466628044,Power
2020-11-20,Shandong,1.3925012466628044,Power
2020-11-21,Shandong,1.4572664588895328,Power
2020-11-22,Shandong,1.4680573820081113,Power
2020-11-23,Shandong,1.489649065002897,Power
2020-11-24,Shandong,1.4680573820081113,Power
2020-11-25,Shandong,1.6191893262139823,Power
2020-11-26,Shandong,1.4356747758947472,Power
2020-11-27,Shandong,1.3817103235442258,Power
2020-11-28,Shandong,1.3493178806732329,Power
2020-11-29,Shandong,1.30614435144129,Power
2020-11-30,Shandong,1.3385269575546543,Power
2020-11-01,Shanxi,0.6366711669194736,Power
2020-11-02,Shanxi,0.5621050393476129,Power
2020-11-03,Shanxi,0.6366711669194736,Power
2020-11-04,Shanxi,0.590784721247711,Power
2020-11-05,Shanxi,0.6481440850479072,Power
2020-11-06,Shanxi,0.6596170031763409,Power
2020-11-07,Shanxi,0.7169711401345651,Power
2020-11-08,Shanxi,0.6997643763629007,Power
2020-11-09,Shanxi,0.6424102394046763,Power
2020-11-10,Shanxi,0.6653508488195717,Power
2020-11-11,Shanxi,0.7341831307482016,Power
2020-11-12,Shanxi,0.7456508220346633,Power
2020-11-13,Shanxi,0.7284440582629987,Power
2020-11-14,Shanxi,0.757123740163097,Power
2020-11-15,Shanxi,0.7169711401345651,Power
2020-11-16,Shanxi,0.7399169763914325,Power
2020-11-17,Shanxi,0.785803422063195,Power
2020-11-18,Shanxi,0.7915372677064259,Power
2020-11-19,Shanxi,0.7399169763914325,Power
2020-11-20,Shanxi,0.7399169763914325,Power
2020-11-21,Shanxi,0.7743305039347613,Power
2020-11-22,Shanxi,0.7800643495779922,Power
2020-11-23,Shanxi,0.7915372677064259,Power
2020-11-24,Shanxi,0.7800643495779922,Power
2020-11-25,Shanxi,0.8603695496350556,Power
2020-11-26,Shanxi,0.7628575858063278,Power
2020-11-27,Shanxi,0.7341831307482016,Power
2020-11-28,Shanxi,0.7169711401345651,Power
2020-11-29,Shanxi,0.6940305307196697,Power
2020-11-30,Shanxi,0.7112372944913342,Power
2020-11-01,Guangdong,0.511415078156616,Power
2020-11-02,Guangdong,0.45151878641073495,Power
2020-11-03,Guangdong,0.511415078156616,Power
2020-11-04,Guangdong,0.47455614466179685,Power
2020-11-05,Guangdong,0.5206308611639207,Power
2020-11-06,Guangdong,0.5298466441712254,Power
2020-11-07,Guangdong,0.5759171621389496,Power
2020-11-08,Guangdong,0.5620955868951925,Power
2020-11-09,Guangdong,0.5160250689274682,Power
2020-11-10,Guangdong,0.5344524364076779,Power
2020-11-11,Guangdong,0.5897429359171066,Power
2020-11-12,Guangdong,0.5989545203900116,Power
2020-11-13,Guangdong,0.5851329451462544,Power
2020-11-14,Guangdong,0.6081703033973164,Power
2020-11-15,Guangdong,0.5759171621389496,Power
2020-11-16,Guangdong,0.5943487281535591,Power
2020-11-17,Guangdong,0.6312076616483783,Power
2020-11-18,Guangdong,0.6358134538848307,Power
2020-11-19,Guangdong,0.5943487281535591,Power
2020-11-20,Guangdong,0.5943487281535591,Power
2020-11-21,Guangdong,0.6219918786410735,Power
2020-11-22,Guangdong,0.6265976708775259,Power
2020-11-23,Guangdong,0.6358134538848307,Power
2020-11-24,Guangdong,0.6265976708775259,Power
2020-11-25,Guangdong,0.6911039533942592,Power
2020-11-26,Guangdong,0.6127760956337689,Power
2020-11-27,Guangdong,0.5897429359171066,Power
2020-11-28,Guangdong,0.5759171621389496,Power
2020-11-29,Guangdong,0.5574897946587398,Power
2020-11-30,Guangdong,0.5713113699024971,Power
2020-11-01,Guangxi,0.1839477158587038,Power
2020-11-02,Guangxi,0.1624039903690786,Power
2020-11-03,Guangxi,0.1839477158587038,Power
2020-11-04,Guangxi,0.17069015479930244,Power
2020-11-05,Guangxi,0.18726248365975015,Power
2020-11-06,Guangxi,0.19057725146079652,Power
2020-11-07,Guangxi,0.20714807017646014,Power
2020-11-08,Guangxi,0.2021766735472827,Power
2020-11-09,Guangxi,0.185605854831619,Power
2020-11-10,Guangxi,0.19223388028892766,Power
2020-11-11,Guangxi,0.21212097695042176,Power
2020-11-12,Guangxi,0.21543423460668404,Power
2020-11-13,Guangxi,0.2104628379775065,Power
2020-11-14,Guangxi,0.2187490024077304,Power
2020-11-15,Guangxi,0.20714807017646014,Power
2020-11-16,Guangxi,0.2137776057785529,Power
2020-11-17,Guangxi,0.22703516683795424,Power
2020-11-18,Guangxi,0.22869179566608538,Power
2020-11-19,Guangxi,0.2137776057785529,Power
2020-11-20,Guangxi,0.2137776057785529,Power
2020-11-21,Guangxi,0.22372039903690785,Power
2020-11-22,Guangxi,0.225377027865039,Power
2020-11-23,Guangxi,0.22869179566608538,Power
2020-11-24,Guangxi,0.225377027865039,Power
2020-11-25,Guangxi,0.24857889232757943,Power
2020-11-26,Guangxi,0.22040563123586154,Power
2020-11-27,Guangxi,0.21212097695042176,Power
2020-11-28,Guangxi,0.20714807017646014,Power
2020-11-29,Guangxi,0.2005200447191515,Power
2020-11-30,Guangxi,0.205491441348329,Power
2020-11-01,Xinjiang,0.6255711794385068,Power
2020-11-02,Xinjiang,0.5523050684616437,Power
2020-11-03,Xinjiang,0.6255711794385068,Power
2020-11-04,Xinjiang,0.5804847369692876,Power
2020-11-05,Xinjiang,0.6368440739845753,Power
2020-11-06,Xinjiang,0.648116968530644,Power
2020-11-07,Xinjiang,0.7044711698308765,Power
2020-11-08,Xinjiang,0.6875643958693014,Power
2020-11-09,Xinjiang,0.6312101945690687,Power
2020-11-10,Xinjiang,0.6537508479461507,Power
2020-11-11,Xinjiang,0.7213830795075071,Power
2020-11-12,Xinjiang,0.7326508383385205,Power
2020-11-13,Xinjiang,0.7157440643769452,Power
2020-11-14,Xinjiang,0.7439237328845891,Power
2020-11-15,Xinjiang,0.7044711698308765,Power
2020-11-16,Xinjiang,0.7270169589230139,Power
2020-11-17,Xinjiang,0.772103401392233,Power
2020-11-18,Xinjiang,0.7777372808077397,Power
2020-11-19,Xinjiang,0.7270169589230139,Power
2020-11-20,Xinjiang,0.7270169589230139,Power
2020-11-21,Xinjiang,0.7608305068461644,Power
2020-11-22,Xinjiang,0.766464386261671,Power
2020-11-23,Xinjiang,0.7777372808077397,Power
2020-11-24,Xinjiang,0.766464386261671,Power
2020-11-25,Xinjiang,0.845369512369096,Power
2020-11-26,Xinjiang,0.7495576123000959,Power
2020-11-27,Xinjiang,0.7213830795075071,Power
2020-11-28,Xinjiang,0.7044711698308765,Power
2020-11-29,Xinjiang,0.6819305164537945,Power
2020-11-30,Xinjiang,0.6988372904153699,Power
2020-11-01,Jiangsu,0.80002657373468,Power
2020-11-02,Jiangsu,0.7063284660496434,Power
2020-11-03,Jiangsu,0.80002657373468,Power
2020-11-04,Jiangsu,0.7423667050001407,Power
2020-11-05,Jiangsu,0.8144431829011356,Power
2020-11-06,Jiangsu,0.8288597920675912,Power
2020-11-07,Jiangsu,0.9009297020373028,Power
2020-11-08,Jiangsu,0.8793080722532612,Power
2020-11-09,Jiangsu,0.8072381622835494,Power
2020-11-10,Jiangsu,0.8360648126851774,Power
2020-11-11,Jiangsu,0.9225578997526279,Power
2020-11-12,Jiangsu,0.9369679409878003,Power
2020-11-13,Jiangsu,0.9153463112037585,Power
2020-11-14,Jiangsu,0.951384550154256,Power
2020-11-15,Jiangsu,0.9009297020373028,Power
2020-11-16,Jiangsu,0.9297629203702141,Power
2020-11-17,Jiangsu,0.9874227891047533,Power
2020-11-18,Jiangsu,0.9946278097223396,Power
2020-11-19,Jiangsu,0.9297629203702141,Power
2020-11-20,Jiangsu,0.9297629203702141,Power
2020-11-21,Jiangsu,0.9730061799382977,Power
2020-11-22,Jiangsu,0.980211200555884,Power
2020-11-23,Jiangsu,0.9946278097223396,Power
2020-11-24,Jiangsu,0.980211200555884,Power
2020-11-25,Jiangsu,1.0811208967897898,Power
2020-11-26,Jiangsu,0.9585895707718423,Power
2020-11-27,Jiangsu,0.9225578997526279,Power
2020-11-28,Jiangsu,0.9009297020373028,Power
2020-11-29,Jiangsu,0.8721030516356748,Power
2020-11-30,Jiangsu,0.8937246814197166,Power
2020-11-01,Jiangxi,0.22873776118924993,Power
2020-11-02,Jiangxi,0.20194828183546495,Power
2020-11-03,Jiangxi,0.22873776118924993,Power
2020-11-04,Jiangxi,0.21225207219115105,Power
2020-11-05,Jiangxi,0.2328596529025233,Power
2020-11-06,Jiangxi,0.23698154461579668,Power
2020-11-07,Jiangxi,0.25758724747217426,Power
2020-11-08,Jiangxi,0.25140534882976157,Power
2020-11-09,Jiangxi,0.23079964597338393,Power
2020-11-10,Jiangxi,0.23904155154493603,Power
2020-11-11,Jiangxi,0.2637710239695817,Power
2020-11-12,Jiangxi,0.2678910378278604,Power
2020-11-13,Jiangxi,0.26170913918544764,Power
2020-11-14,Jiangxi,0.27201292954113376,Power
2020-11-15,Jiangxi,0.25758724747217426,Power
2020-11-16,Jiangxi,0.265831030898721,Power
2020-11-17,Jiangxi,0.2823167198968199,Power
2020-11-18,Jiangxi,0.2843767268259592,Power
2020-11-19,Jiangxi,0.265831030898721,Power
2020-11-20,Jiangxi,0.265831030898721,Power
2020-11-21,Jiangxi,0.27819482818354646,Power
2020-11-22,Jiangxi,0.28025483511268584,Power
2020-11-23,Jiangxi,0.2843767268259592,Power
2020-11-24,Jiangxi,0.28025483511268584,Power
2020-11-25,Jiangxi,0.3091061992506048,Power
2020-11-26,Jiangxi,0.27407293647027314,Power
2020-11-27,Jiangxi,0.2637710239695817,Power
2020-11-28,Jiangxi,0.25758724747217426,Power
2020-11-29,Jiangxi,0.24934534190062213,Power
2020-11-30,Jiangxi,0.2555272405430349,Power
2020-11-01,Hebei,0.7518645673509436,Power
2020-11-02,Hebei,0.6638071333742873,Power
2020-11-03,Hebei,0.7518645673509436,Power
2020-11-04,Hebei,0.6976758520221151,Power
2020-11-05,Hebei,0.7654132893177711,Power
2020-11-06,Hebei,0.7789620112845986,Power
2020-11-07,Hebei,0.846693276041773,Power
2020-11-08,Hebei,0.8263732793607727,Power
2020-11-09,Hebei,0.758642014603598,Power
2020-11-10,Hebei,0.7857332859987716,Power
2020-11-11,Hebei,0.8670194452612551,Power
2020-11-12,Hebei,0.8805619946896011,Power
2020-11-13,Hebei,0.8602419980086005,Power
2020-11-14,Hebei,0.8941107166564285,Power
2020-11-15,Hebei,0.846693276041773,Power
2020-11-16,Hebei,0.873790719975428,Power
2020-11-17,Hebei,0.9279794353042564,Power
2020-11-18,Hebei,0.9347507100184295,Power
2020-11-19,Hebei,0.873790719975428,Power
2020-11-20,Hebei,0.873790719975428,Power
2020-11-21,Hebei,0.9144307133374289,Power
2020-11-22,Hebei,0.9212019880516019,Power
2020-11-23,Hebei,0.9347507100184295,Power
2020-11-24,Hebei,0.9212019880516019,Power
2020-11-25,Hebei,1.0160368692809127,Power
2020-11-26,Hebei,0.9008819913706015,Power
2020-11-27,Hebei,0.8670194452612551,Power
2020-11-28,Hebei,0.846693276041773,Power
2020-11-29,Hebei,0.8196020046465995,Power
2020-11-30,Hebei,0.8399220013276,Power
2020-11-01,Henan,0.5417272644165403,Power
2020-11-02,Henan,0.47828084748032623,Power
2020-11-03,Henan,0.5417272644165403,Power
2020-11-04,Henan,0.5026836576393762,Power
2020-11-05,Henan,0.551489277957476,Power
2020-11-06,Henan,0.5612512914984119,Power
2020-11-07,Henan,0.6100524644299327,Power
2020-11-08,Henan,0.5954116678118186,Power
2020-11-09,Henan,0.5466104948802977,Power
2020-11-10,Henan,0.5661300745755903,Power
2020-11-11,Henan,0.624697708434626,Power
2020-11-12,Henan,0.6344552745889828,Power
2020-11-13,Henan,0.6198144779708685,Power
2020-11-14,Henan,0.6442172881299185,Power
2020-11-15,Henan,0.6100524644299327,Power
2020-11-16,Henan,0.6295764915118044,Power
2020-11-17,Henan,0.6686200982889684,Power
2020-11-18,Henan,0.6734988813661468,Power
2020-11-19,Henan,0.6295764915118044,Power
2020-11-20,Henan,0.6295764915118044,Power
2020-11-21,Henan,0.6588580847480326,Power
2020-11-22,Henan,0.663736867825211,Power
2020-11-23,Henan,0.6734988813661468,Power
2020-11-24,Henan,0.663736867825211,Power
2020-11-25,Henan,0.7320665152251824,Power
2020-11-26,Henan,0.6490960712070969,Power
2020-11-27,Henan,0.624697708434626,Power
2020-11-28,Henan,0.6100524644299327,Power
2020-11-29,Henan,0.5905328847346402,Power
2020-11-30,Henan,0.6051736813527543,Power
2020-11-01,Zhejiang,0.42847843048200224,Power
2020-11-02,Zhejiang,0.3782955747643462,Power
2020-11-03,Zhejiang,0.42847843048200224,Power
2020-11-04,Zhejiang,0.3975969437060803,Power
2020-11-05,Zhejiang,0.43619968158954847,Power
2020-11-06,Zhejiang,0.44392093269709476,Power
2020-11-07,Zhejiang,0.4825201529262998,Power
2020-11-08,Zhejiang,0.4709400350921121,Power
2020-11-09,Zhejiang,0.43234081486290693,Power
2020-11-10,Zhejiang,0.44777979942373636,Power
2020-11-11,Zhejiang,0.49410378841475083,Power
2020-11-12,Zhejiang,0.501821521868034,Power
2020-11-13,Zhejiang,0.4902414040338461,Power
2020-11-14,Zhejiang,0.5095427729755803,Power
2020-11-15,Zhejiang,0.4825201529262998,Power
2020-11-16,Zhejiang,0.4979626551413924,Power
2020-11-17,Zhejiang,0.5288441419173143,Power
2020-11-18,Zhejiang,0.5327030086439558,Power
2020-11-19,Zhejiang,0.4979626551413924,Power
2020-11-20,Zhejiang,0.4979626551413924,Power
2020-11-21,Zhejiang,0.521122890809768,Power
2020-11-22,Zhejiang,0.5249817575364095,Power
2020-11-23,Zhejiang,0.5327030086439558,Power
2020-11-24,Zhejiang,0.5249817575364095,Power
2020-11-25,Zhejiang,0.5790269976349702,Power
2020-11-26,Zhejiang,0.5134016397022219,Power
2020-11-27,Zhejiang,0.49410378841475083,Power
2020-11-28,Zhejiang,0.4825201529262998,Power
2020-11-29,Zhejiang,0.46708116836547037,Power
2020-11-30,Zhejiang,0.47866128619965825,Power
2020-11-01,Hainan,0.02433958916220494,Power
2020-11-02,Hainan,0.02148896704388746,Power
2020-11-03,Hainan,0.02433958916220494,Power
2020-11-04,Hainan,0.02258537553703256,Power
2020-11-05,Hainan,0.02477819252332276,Power
2020-11-06,Hainan,0.025216795884440587,Power
2020-11-07,Hainan,0.027409413051431873,Power
2020-11-08,Hainan,0.026751607919404598,Power
2020-11-09,Hainan,0.024558990752413308,Power
2020-11-10,Hainan,0.02543599765535004,Power
2020-11-11,Hainan,0.02806741800275807,Power
2020-11-12,Hainan,0.028505821544576978,Power
2020-11-13,Hainan,0.0278480164125497,Power
2020-11-14,Hainan,0.028944424905694804,Power
2020-11-15,Hainan,0.027409413051431873,Power
2020-11-16,Hainan,0.02828661977366752,Power
2020-11-17,Hainan,0.0300408333988399,Power
2020-11-18,Hainan,0.030260035169749355,Power
2020-11-19,Hainan,0.02828661977366752,Power
2020-11-20,Hainan,0.02828661977366752,Power
2020-11-21,Hainan,0.029602230037722076,Power
2020-11-22,Hainan,0.02982143180863153,Power
2020-11-23,Hainan,0.030260035169749355,Power
2020-11-24,Hainan,0.02982143180863153,Power
2020-11-25,Hainan,0.03289145551715738,Power
2020-11-26,Hainan,0.029163626676604257,Power
2020-11-27,Hainan,0.02806741800275807,Power
2020-11-28,Hainan,0.027409413051431873,Power
2020-11-29,Hainan,0.026532406148495138,Power
2020-11-30,Hainan,0.02719021128052242,Power
2020-11-01,Hubei,0.29888400795395326,Power
2020-11-02,Hubei,0.26387908826500756,Power
2020-11-03,Hubei,0.29888400795395326,Power
2020-11-04,Hubei,0.2773427076631041,Power
2020-11-05,Hubei,0.3042699464592971,Power
2020-11-06,Hubei,0.309655884964641,Power
2020-11-07,Hubei,0.3365806700303077,Power
2020-11-08,Hubei,0.3285029891375551,Power
2020-11-09,Hubei,0.30157820407188834,Power
2020-11-10,Hubei,0.3123476273520498,Power
2020-11-11,Hubei,0.3446608046535867,Power
2020-11-12,Hubei,0.35004428942840426,Power
2020-11-13,Hubei,0.3419666085356516,Power
2020-11-14,Hubei,0.3554302279337482,Power
2020-11-15,Hubei,0.3365806700303077,Power
2020-11-16,Hubei,0.3473525470409955,Power
2020-11-17,Hubei,0.36889384733184466,Power
2020-11-18,Hubei,0.37158558971925343,Power
2020-11-19,Hubei,0.3473525470409955,Power
2020-11-20,Hubei,0.3473525470409955,Power
2020-11-21,Hubei,0.36350790882650075,Power
2020-11-22,Hubei,0.3661996512139095,Power
2020-11-23,Hubei,0.37158558971925343,Power
2020-11-24,Hubei,0.3661996512139095,Power
2020-11-25,Hubei,0.4038987670207903,Power
2020-11-26,Hubei,0.35812197032115695,Power
2020-11-27,Hubei,0.3446608046535867,Power
2020-11-28,Hubei,0.3365806700303077,Power
2020-11-29,Hubei,0.3258112467501463,Power
2020-11-30,Hubei,0.33388892764289896,Power
2020-11-01,Hunan,0.22365469982948882,Power
2020-11-02,Hunan,0.19746054223912132,Power
2020-11-03,Hunan,0.22365469982948882,Power
2020-11-04,Hunan,0.20753535947579216,Power
2020-11-05,Hunan,0.22768499394913388,Power
2020-11-06,Hunan,0.231715288068779,Power
2020-11-07,Hunan,0.25186308641723704,Power
2020-11-08,Hunan,0.2458185633002113,Power
2020-11-09,Hunan,0.2256707649517532,Power
2020-11-10,Hunan,0.2337295170661597,Power
2020-11-11,Hunan,0.25790944565914653,Power
2020-11-12,Hunan,0.26193790365390796,Power
2020-11-13,Hunan,0.25589338053688215,Power
2020-11-14,Hunan,0.265968197773553,Power
2020-11-15,Hunan,0.25186308641723704,Power
2020-11-16,Hunan,0.2599236746565272,Power
2020-11-17,Hunan,0.2760430150102239,Power
2020-11-18,Hunan,0.27805724400760456,Power
2020-11-19,Hunan,0.2599236746565272,Power
2020-11-20,Hunan,0.2599236746565272,Power
2020-11-21,Hunan,0.27201272089057876,Power
2020-11-22,Hunan,0.2740269498879595,Power
2020-11-23,Hunan,0.27805724400760456,Power
2020-11-24,Hunan,0.2740269498879595,Power
2020-11-25,Hunan,0.30223717260059135,Power
2020-11-26,Hunan,0.26798242677093376,Power
2020-11-27,Hunan,0.25790944565914653,Power
2020-11-28,Hunan,0.25186308641723704,Power
2020-11-29,Hunan,0.24380433430283055,Power
2020-11-30,Hunan,0.24984885741985635,Power
2020-11-01,Gansu,0.22959478897665153,Power
2020-11-02,Gansu,0.20270493560461594,Power
2020-11-03,Gansu,0.22959478897665153,Power
2020-11-04,Gansu,0.21304733189315928,Power
2020-11-05,Gansu,0.23373212447024594,Power
2020-11-06,Gansu,0.2378694599638404,Power
2020-11-07,Gansu,0.2585523676500416,Power
2020-11-08,Gansu,0.2523473068550927,Power
2020-11-09,Gansu,0.23166439916889148,Power
2020-11-10,Gansu,0.23993718526519486,Power
2020-11-11,Gansu,0.264759313335876,Power
2020-11-12,Gansu,0.26889476393858497,Power
2020-11-13,Gansu,0.26268970314363604,Power
2020-11-14,Gansu,0.2730320994321794,Power
2020-11-15,Gansu,0.2585523676500416,Power
2020-11-16,Gansu,0.26682703863723045,Power
2020-11-17,Gansu,0.2833744957207227,Power
2020-11-18,Gansu,0.28544222102207717,Power
2020-11-19,Gansu,0.26682703863723045,Power
2020-11-20,Gansu,0.26682703863723045,Power
2020-11-21,Gansu,0.27923716022712824,Power
2020-11-22,Gansu,0.28130488552848276,Power
2020-11-23,Gansu,0.28544222102207717,Power
2020-11-24,Gansu,0.28130488552848276,Power
2020-11-25,Gansu,0.31026434909275824,Power
2020-11-26,Gansu,0.2750998247335339,Power
2020-11-27,Gansu,0.264759313335876,Power
2020-11-28,Gansu,0.2585523676500416,Power
2020-11-29,Gansu,0.2502795815537382,Power
2020-11-30,Gansu,0.2564846423486871,Power
2020-11-01,Fujian,0.21617787120146817,Power
2020-11-02,Fujian,0.19085939039101119,Power
2020-11-03,Fujian,0.21617787120146817,Power
2020-11-04,Fujian,0.20059740414447938,Power
2020-11-05,Fujian,0.2200734316514158,Power
2020-11-06,Fujian,0.22396899210136345,Power
2020-11-07,Fujian,0.24344324486549807,Power
2020-11-08,Fujian,0.23760079156197755,Power
2020-11-09,Fujian,0.21812653879784288,Power
2020-11-10,Fujian,0.2259158849549364,Power
2020-11-11,Fujian,0.24928747291182046,Power
2020-11-12,Fujian,0.2531812586189663,Power
2020-11-13,Fujian,0.24733880531544572,Power
2020-11-14,Fujian,0.25707681906891394,Power
2020-11-15,Fujian,0.24344324486549807,Power
2020-11-16,Fujian,0.2512343657653934,Power
2020-11-17,Fujian,0.26681483282238216,Power
2020-11-18,Fujian,0.2687617256759551,Power
2020-11-19,Fujian,0.2512343657653934,Power
2020-11-20,Fujian,0.2512343657653934,Power
2020-11-21,Fujian,0.2629192723724345,Power
2020-11-22,Fujian,0.2648661652260074,Power
2020-11-23,Fujian,0.2687617256759551,Power
2020-11-24,Fujian,0.2648661652260074,Power
2020-11-25,Fujian,0.2921333136328391,Power
2020-11-26,Fujian,0.2590237119224869,Power
2020-11-27,Fujian,0.24928747291182046,Power
2020-11-28,Fujian,0.24344324486549807,Power
2020-11-29,Fujian,0.23565389870840459,Power
2020-11-30,Fujian,0.24149635201192515,Power
2020-11-01,Tibet,0.0009486411026065793,Power
2020-11-02,Tibet,0.0008375374479222774,Power
2020-11-03,Tibet,0.0009486411026065793,Power
2020-11-04,Tibet,0.0008802702218780298,Power
2020-11-05,Tibet,0.0009657357697895348,Power
2020-11-06,Tibet,0.0009828304369724904,Power
2020-11-07,Tibet,0.0010682881968807228,Power
2020-11-08,Tibet,0.001042650090107926,Power
2020-11-09,Tibet,0.0009571923301996933,Power
2020-11-10,Tibet,0.0009913738765623319,Power
2020-11-11,Tibet,0.0010939340916567924,Power
2020-11-12,Tibet,0.0011110209708364756,Power
2020-11-13,Tibet,0.0010853828640636784,Power
2020-11-14,Tibet,0.001128115638019431,Power
2020-11-15,Tibet,0.0010682881968807228,Power
2020-11-16,Tibet,0.0011024775312466339,Power
2020-11-17,Tibet,0.0011708484119751835,Power
2020-11-18,Tibet,0.001179391851565025,Power
2020-11-19,Tibet,0.0011024775312466339,Power
2020-11-20,Tibet,0.0011024775312466339,Power
2020-11-21,Tibet,0.0011537537447922279,Power
2020-11-22,Tibet,0.0011622971843820694,Power
2020-11-23,Tibet,0.001179391851565025,Power
2020-11-24,Tibet,0.0011622971843820694,Power
2020-11-25,Tibet,0.0012819520666594853,Power
2020-11-26,Tibet,0.0011366590776092725,Power
2020-11-27,Tibet,0.0010939340916567924,Power
2020-11-28,Tibet,0.0010682881968807228,Power
2020-11-29,Tibet,0.0010341066505180842,Power
2020-11-30,Tibet,0.0010597447572908813,Power
2020-11-01,Guizhou,0.3053205821641624,Power
2020-11-02,Guizhou,0.2695618189864242,Power
2020-11-03,Guizhou,0.3053205821641624,Power
2020-11-04,Guizhou,0.28331538225266906,Power
2020-11-05,Guizhou,0.3108225087851588,Power
2020-11-06,Guizhou,0.31632443540615535,Power
2020-11-07,Guizhou,0.3438290553661526,Power
2020-11-08,Guizhou,0.33557741872090424,Power
2020-11-09,Guizhou,0.3080727987609069,Power
2020-11-10,Guizhou,0.3190741454304073,Power
2020-11-11,Guizhou,0.3520831985838936,Power
2020-11-12,Guizhou,0.35758261863239754,Power
2020-11-13,Guizhou,0.3493309819871491,Power
2020-11-14,Guizhou,0.36308454525339406,Power
2020-11-15,Guizhou,0.3438290553661526,Power
2020-11-16,Guizhou,0.3548329086081456,Power
2020-11-17,Guizhou,0.3768381085196389,Power
2020-11-18,Guizhou,0.3795878185438909,Power
2020-11-19,Guizhou,0.3548329086081456,Power
2020-11-20,Guizhou,0.3548329086081456,Power
2020-11-21,Guizhou,0.3713361818986424,Power
2020-11-22,Guizhou,0.37408589192289443,Power
2020-11-23,Guizhou,0.3795878185438909,Power
2020-11-24,Guizhou,0.37408589192289443,Power
2020-11-25,Guizhou,0.41259687169737713,Power
2020-11-26,Guizhou,0.365834255277646,Power
2020-11-27,Guizhou,0.3520831985838936,Power
2020-11-28,Guizhou,0.3438290553661526,Power
2020-11-29,Guizhou,0.3328277086966522,Power
2020-11-30,Guizhou,0.34107934534190065,Power
2020-11-01,Liaoning,0.3960532274358982,Power
2020-11-02,Liaoning,0.3496679707811586,Power
2020-11-03,Liaoning,0.3960532274358982,Power
2020-11-04,Liaoning,0.36750870422182563,Power
2020-11-05,Liaoning,0.40319017110315974,Power
2020-11-06,Liaoning,0.41032711477042133,Power
2020-11-07,Liaoning,0.44600533019678174,Power
2020-11-08,Liaoning,0.4353015404233763,Power
2020-11-09,Liaoning,0.3996233249970158,Power
2020-11-10,Liaoning,0.41389396087656527,Power
2020-11-11,Liaoning,0.45671237142516097,Power
2020-11-12,Liaoning,0.46384606363744885,Power
2020-11-13,Liaoning,0.4531422738640433,Power
2020-11-14,Liaoning,0.47098300730471043,Power
2020-11-15,Liaoning,0.44600533019678174,Power
2020-11-16,Liaoning,0.4602792175313049,Power
2020-11-17,Liaoning,0.48882374074537743,Power
2020-11-18,Liaoning,0.4923905868515214,Power
2020-11-19,Liaoning,0.4602792175313049,Power
2020-11-20,Liaoning,0.4602792175313049,Power
2020-11-21,Liaoning,0.48168679707811585,Power
2020-11-22,Liaoning,0.4852536431842598,Power
2020-11-23,Liaoning,0.4923905868515214,Power
2020-11-24,Liaoning,0.4852536431842598,Power
2020-11-25,Liaoning,0.5352089974001171,Power
2020-11-26,Liaoning,0.47454985341085437,Power
2020-11-27,Liaoning,0.45671237142516097,Power
2020-11-28,Liaoning,0.44600533019678174,Power
2020-11-29,Liaoning,0.43173469431723227,Power
2020-11-30,Liaoning,0.4424384840906378,Power
2020-11-01,Chongqing,0.08119303941748648,Power
2020-11-02,Chongqing,0.07168381259880575,Power
2020-11-03,Chongqing,0.08119303941748648,Power
2020-11-04,Chongqing,0.07534125880335511,Power
2020-11-05,Chongqing,0.08265615121245383,Power
2020-11-06,Chongqing,0.08411926300742117,Power
2020-11-07,Chongqing,0.09143348885078187,Power
2020-11-08,Chongqing,0.08923915444119987,Power
2020-11-09,Chongqing,0.08192492859783916,Power
2020-11-10,Chongqing,0.08485048562203584,Power
2020-11-11,Chongqing,0.09362848982610192,Power
2020-11-12,Chongqing,0.09509093505533124,Power
2020-11-13,Chongqing,0.09289660064574923,Power
2020-11-14,Chongqing,0.09655404685029859,Power
2020-11-15,Chongqing,0.09143348885078187,Power
2020-11-16,Chongqing,0.09435971244071657,Power
2020-11-17,Chongqing,0.10021149305484794,Power
2020-11-18,Chongqing,0.1009427156694626,Power
2020-11-19,Chongqing,0.09435971244071657,Power
2020-11-20,Chongqing,0.09435971244071657,Power
2020-11-21,Chongqing,0.09874838125988059,Power
2020-11-22,Chongqing,0.09947960387449524,Power
2020-11-23,Chongqing,0.1009427156694626,Power
2020-11-24,Chongqing,0.09947960387449524,Power
2020-11-25,Chongqing,0.10972071987352866,Power
2020-11-26,Chongqing,0.09728526946491325,Power
2020-11-27,Chongqing,0.09362848982610192,Power
2020-11-28,Chongqing,0.09143348885078187,Power
2020-11-29,Chongqing,0.08850793182658519,Power
2020-11-30,Chongqing,0.0907022662361672,Power
2020-11-01,Shaanxi,0.46819428025748455,Power
2020-11-02,Shaanxi,0.4133599540871733,Power
2020-11-03,Shaanxi,0.46819428025748455,Power
2020-11-04,Shaanxi,0.4344503752070736,Power
2020-11-05,Shaanxi,0.4766312174468742,Power
2020-11-06,Shaanxi,0.4850681546362639,Power
2020-11-07,Shaanxi,0.5272451531689167,Power
2020-11-08,Shaanxi,0.5145916692384062,Power
2020-11-09,Shaanxi,0.47241467070575327,Power
2020-11-10,Shaanxi,0.48928470137738483,Power
2020-11-11,Shaanxi,0.5399024808065752,Power
2020-11-12,Shaanxi,0.5483355742888171,Power
2020-11-13,Shaanxi,0.5356820903583064,Power
2020-11-14,Shaanxi,0.5567725114782068,Power
2020-11-15,Shaanxi,0.5272451531689167,Power
2020-11-16,Shaanxi,0.5441190275476961,Power
2020-11-17,Shaanxi,0.5778629325981071,Power
2020-11-18,Shaanxi,0.582079479339228,Power
2020-11-19,Shaanxi,0.5441190275476961,Power
2020-11-20,Shaanxi,0.5441190275476961,Power
2020-11-21,Shaanxi,0.5694259954087173,Power
2020-11-22,Shaanxi,0.5736425421498383,Power
2020-11-23,Shaanxi,0.582079479339228,Power
2020-11-24,Shaanxi,0.5736425421498383,Power
2020-11-25,Shaanxi,0.6326972587684182,Power
2020-11-26,Shaanxi,0.5609890582193278,Power
2020-11-27,Shaanxi,0.5399024808065752,Power
2020-11-28,Shaanxi,0.5272451531689167,Power
2020-11-29,Shaanxi,0.5103751224972851,Power
2020-11-30,Shaanxi,0.5230286064277958,Power
2020-11-01,Qinghai,0.06590248158294927,Power
2020-11-02,Qinghai,0.05818406569678126,Power
2020-11-03,Qinghai,0.06590248158294927,Power
2020-11-04,Qinghai,0.06115272880959521,Power
2020-11-05,Qinghai,0.06709005503522313,Power
2020-11-06,Qinghai,0.06827762848749698,Power
2020-11-07,Qinghai,0.07421441367738354,Power
2020-11-08,Qinghai,0.07243332401684345,Power
2020-11-09,Qinghai,0.06649653882695687,Power
2020-11-10,Qinghai,0.06887114469576323,Power
2020-11-11,Qinghai,0.07599604437366501,Power
2020-11-12,Qinghai,0.07718307679019751,Power
2020-11-13,Qinghai,0.0754019871296574,Power
2020-11-14,Qinghai,0.07837065024247136,Power
2020-11-15,Qinghai,0.07421441367738354,Power
2020-11-16,Qinghai,0.07658956058193125,Power
2020-11-17,Qinghai,0.08133931335528531,Power
2020-11-18,Qinghai,0.08193282956355157,Power
2020-11-19,Qinghai,0.07658956058193125,Power
2020-11-20,Qinghai,0.07658956058193125,Power
2020-11-21,Qinghai,0.08015173990301146,Power
2020-11-22,Qinghai,0.08074525611127771,Power
2020-11-23,Qinghai,0.08193282956355157,Power
2020-11-24,Qinghai,0.08074525611127771,Power
2020-11-25,Qinghai,0.08905772924145333,Power
2020-11-26,Qinghai,0.07896416645073762,Power
2020-11-27,Qinghai,0.07599604437366501,Power
2020-11-28,Qinghai,0.07421441367738354,Power
2020-11-29,Qinghai,0.07183980780857718,Power
2020-11-30,Qinghai,0.07362089746911729,Power
2020-11-01,Heilongjiang,0.17452927600198365,Power
2020-11-02,Heilongjiang,0.15408862636120227,Power
2020-11-03,Heilongjiang,0.17452927600198365,Power
2020-11-04,Heilongjiang,0.16195052490171588,Power
2020-11-05,Heilongjiang,0.17767432198274316,Power
2020-11-06,Heilongjiang,0.18081936796350268,Power
2020-11-07,Heilongjiang,0.19654173222175964,Power
2020-11-08,Heilongjiang,0.19182487966200557,Power
2020-11-09,Heilongjiang,0.17610251540374855,Power
2020-11-10,Heilongjiang,0.1823911745424973,Power
2020-11-11,Heilongjiang,0.20126001760428408,Power
2020-11-12,Heilongjiang,0.2044036307622733,Power
2020-11-13,Heilongjiang,0.19968677820251918,Power
2020-11-14,Heilongjiang,0.20754867674303282,Power
2020-11-15,Heilongjiang,0.19654173222175964,Power
2020-11-16,Heilongjiang,0.2028318241832787,Power
2020-11-17,Heilongjiang,0.21541057528354643,Power
2020-11-18,Heilongjiang,0.21698238186254104,Power
2020-11-19,Heilongjiang,0.2028318241832787,Power
2020-11-20,Heilongjiang,0.2028318241832787,Power
2020-11-21,Heilongjiang,0.21226552930278692,Power
2020-11-22,Heilongjiang,0.21383733588178153,Power
2020-11-23,Heilongjiang,0.21698238186254104,Power
2020-11-24,Heilongjiang,0.21383733588178153,Power
2020-11-25,Heilongjiang,0.23585122492432778,Power
2020-11-26,Heilongjiang,0.20912048332202743,Power
2020-11-27,Heilongjiang,0.20126001760428408,Power
2020-11-28,Heilongjiang,0.19654173222175964,Power
2020-11-29,Heilongjiang,0.1902530730830109,Power
2020-11-30,Heilongjiang,0.19496992564276502,Power
2020-12-01,Shanghai,0.1743288535206815,Power
2020-12-02,Shanghai,0.1800443490988767,Power
2020-12-03,Shanghai,0.18290266401394953,Power
2020-12-04,Shanghai,0.1800443490988767,Power
2020-12-05,Shanghai,0.17289969606314506,Power
2020-12-06,Shanghai,0.18290266401394953,Power
2020-12-07,Shanghai,0.18290266401394953,Power
2020-12-08,Shanghai,0.1743288535206815,Power
2020-12-09,Shanghai,0.18147350655641312,Power
2020-12-10,Shanghai,0.17575801097821792,Power
2020-12-11,Shanghai,0.18290266401394953,Power
2020-12-12,Shanghai,0.17861519164134032,Power
2020-12-13,Shanghai,0.17289969606314506,Power
2020-12-14,Shanghai,0.17147053860560868,Power
2020-12-15,Shanghai,0.18290266401394953,Power
2020-12-16,Shanghai,0.1771871684357543,Power
2020-12-17,Shanghai,0.17861519164134032,Power
2020-12-18,Shanghai,0.1800443490988767,Power
2020-12-19,Shanghai,0.18147350655641312,Power
2020-12-20,Shanghai,0.18433182147148594,Power
2020-12-21,Shanghai,0.17147053860560868,Power
2020-12-22,Shanghai,0.18038349043205398,Power
2020-12-23,Shanghai,0.1822810939451162,Power
2020-12-24,Shanghai,0.18344823920210432,Power
2020-12-25,Shanghai,0.18325541637053194,Power
2020-12-26,Shanghai,0.18203722977577472,Power
2020-12-27,Shanghai,0.184606310443489,Power
2020-12-28,Shanghai,0.18488533642329372,Power
2020-12-29,Shanghai,0.18320097227691154,Power
2020-12-30,Shanghai,0.18500556713003882,Power
2020-12-31,Shanghai,0.18389740297447288,Power
2020-12-01,Yunnan,0.029251023214119546,Power
2020-12-02,Yunnan,0.030210038835811522,Power
2020-12-03,Yunnan,0.030689641805976987,Power
2020-12-04,Yunnan,0.030210038835811522,Power
2020-12-05,Yunnan,0.02901122172903681,Power
2020-12-06,Yunnan,0.030689641805976987,Power
2020-12-07,Yunnan,0.030689641805976987,Power
2020-12-08,Yunnan,0.029251023214119546,Power
2020-12-09,Yunnan,0.03044984032089425,Power
2020-12-10,Yunnan,0.029490824699202278,Power
2020-12-11,Yunnan,0.030689641805976987,Power
2020-12-12,Yunnan,0.02997023735072879,Power
2020-12-13,Yunnan,0.02901122172903681,Power
2020-12-14,Yunnan,0.028771420243954078,Power
2020-12-15,Yunnan,0.030689641805976987,Power
2020-12-16,Yunnan,0.029730626184285007,Power
2020-12-17,Yunnan,0.02997023735072879,Power
2020-12-18,Yunnan,0.030210038835811522,Power
2020-12-19,Yunnan,0.03044984032089425,Power
2020-12-20,Yunnan,0.03092944329105972,Power
2020-12-21,Yunnan,0.028771420243954078,Power
2020-12-22,Yunnan,0.03026694410885893,Power
2020-12-23,Yunnan,0.030585347191829888,Power
2020-12-24,Yunnan,0.030781185071314127,Power
2020-12-25,Yunnan,0.030748830902691857,Power
2020-12-26,Yunnan,0.030544428684454665,Power
2020-12-27,Yunnan,0.03097550040168672,Power
2020-12-28,Yunnan,0.031022318786869545,Power
2020-12-29,Yunnan,0.03073969560802204,Power
2020-12-30,Yunnan,0.031042492562598726,Power
2020-12-31,Yunnan,0.030856551252340127,Power
2020-12-01,InnerMongolia,1.1215754774829907,Power
2020-12-02,InnerMongolia,1.1583471280313935,Power
2020-12-03,InnerMongolia,1.1767366020107497,Power
2020-12-04,InnerMongolia,1.1583471280313935,Power
2020-12-05,InnerMongolia,1.1123807404933126,Power
2020-12-06,InnerMongolia,1.1767366020107497,Power
2020-12-07,InnerMongolia,1.1767366020107497,Power
2020-12-08,InnerMongolia,1.1215754774829907,Power
2020-12-09,InnerMongolia,1.1675418650210716,Power
2020-12-10,InnerMongolia,1.1307702144726688,Power
2020-12-11,InnerMongolia,1.1767366020107497,Power
2020-12-12,InnerMongolia,1.1491523910417156,Power
2020-12-13,InnerMongolia,1.1123807404933126,Power
2020-12-14,InnerMongolia,1.1031860035036345,Power
2020-12-15,InnerMongolia,1.1767366020107497,Power
2020-12-16,InnerMongolia,1.1399649514623467,Power
2020-12-17,InnerMongolia,1.1491523910417156,Power
2020-12-18,InnerMongolia,1.1583471280313935,Power
2020-12-19,InnerMongolia,1.1675418650210716,Power
2020-12-20,InnerMongolia,1.1859313390004278,Power
2020-12-21,InnerMongolia,1.1031860035036345,Power
2020-12-22,InnerMongolia,1.1605290537138648,Power
2020-12-23,InnerMongolia,1.1727376211612706,Power
2020-12-24,InnerMongolia,1.1802466563695078,Power
2020-12-25,InnerMongolia,1.1790060966169322,Power
2020-12-26,InnerMongolia,1.171168677944778,Power
2020-12-27,InnerMongolia,1.1876973122952708,Power
2020-12-28,InnerMongolia,1.189492475231351,Power
2020-12-29,InnerMongolia,1.1786558209220874,Power
2020-12-30,InnerMongolia,1.1902660007241332,Power
2020-12-31,InnerMongolia,1.183136430851978,Power
2020-12-01,Beijing,0.0952695864435101,Power
2020-12-02,Beijing,0.09839306766338612,Power
2020-12-03,Beijing,0.09995511820398696,Power
2020-12-04,Beijing,0.09839306766338612,Power
2020-12-05,Beijing,0.09448856117320967,Power
2020-12-06,Beijing,0.09995511820398696,Power
2020-12-07,Beijing,0.09995511820398696,Power
2020-12-08,Beijing,0.0952695864435101,Power
2020-12-09,Beijing,0.09917409293368654,Power
2020-12-10,Beijing,0.0960506117138105,Power
2020-12-11,Beijing,0.09995511820398696,Power
2020-12-12,Beijing,0.09761204239308571,Power
2020-12-13,Beijing,0.09448856117320967,Power
2020-12-14,Beijing,0.09370753590290926,Power
2020-12-15,Beijing,0.09995511820398696,Power
2020-12-16,Beijing,0.09683163698411092,Power
2020-12-17,Beijing,0.09761204239308571,Power
2020-12-18,Beijing,0.09839306766338612,Power
2020-12-19,Beijing,0.09917409293368654,Power
2020-12-20,Beijing,0.10073614347428737,Power
2020-12-21,Beijing,0.09370753590290926,Power
2020-12-22,Beijing,0.09857840619975106,Power
2020-12-23,Beijing,0.09961543419753884,Power
2020-12-24,Beijing,0.10025327150161753,Power
2020-12-25,Beijing,0.10014789507625954,Power
2020-12-26,Beijing,0.09948216401252727,Power
2020-12-27,Beijing,0.10088614991509112,Power
2020-12-28,Beijing,0.1010386358011974,Power
2020-12-29,Beijing,0.10011814173262906,Power
2020-12-30,Beijing,0.10110434110171472,Power
2020-12-31,Beijing,0.10049873658656908,Power
2020-12-01,Jilin,0.16728075280601643,Power
2020-12-02,Jilin,0.17276517138430145,Power
2020-12-03,Jilin,0.17550792487056424,Power
2020-12-04,Jilin,0.17276517138430145,Power
2020-12-05,Jilin,0.165909376062885,Power
2020-12-06,Jilin,0.17550792487056424,Power
2020-12-07,Jilin,0.17550792487056424,Power
2020-12-08,Jilin,0.16728075280601643,Power
2020-12-09,Jilin,0.17413654812743282,Power
2020-12-10,Jilin,0.16865212954914782,Power
2020-12-11,Jilin,0.17550792487056424,Power
2020-12-12,Jilin,0.17139379464117005,Power
2020-12-13,Jilin,0.165909376062885,Power
2020-12-14,Jilin,0.16453799931975363,Power
2020-12-15,Jilin,0.17550792487056424,Power
2020-12-16,Jilin,0.17002350629227922,Power
2020-12-17,Jilin,0.17139379464117005,Power
2020-12-18,Jilin,0.17276517138430145,Power
2020-12-19,Jilin,0.17413654812743282,Power
2020-12-20,Jilin,0.17687930161369564,Power
2020-12-21,Jilin,0.16453799931975363,Power
2020-12-22,Jilin,0.173090601262235,Power
2020-12-23,Jilin,0.1749114848267261,Power
2020-12-24,Jilin,0.17603144250028346,Power
2020-12-25,Jilin,0.1758464154793848,Power
2020-12-26,Jilin,0.17467748006500133,Power
2020-12-27,Jilin,0.17714269301991614,Power
2020-12-28,Jilin,0.17741043800309894,Power
2020-12-29,Jilin,0.17579417255583696,Power
2020-12-30,Jilin,0.17752580779260047,Power
2020-12-31,Jilin,0.17646244661955332,Power
2020-12-01,Sichuan,0.10505635987716555,Power
2020-12-02,Sichuan,0.10850070743187477,Power
2020-12-03,Sichuan,0.11022322297818701,Power
2020-12-04,Sichuan,0.10850070743187477,Power
2020-12-05,Sichuan,0.10419510210400942,Power
2020-12-06,Sichuan,0.11022322297818701,Power
2020-12-07,Sichuan,0.11022322297818701,Power
2020-12-08,Sichuan,0.10505635987716555,Power
2020-12-09,Sichuan,0.10936196520503089,Power
2020-12-10,Sichuan,0.10591761765032165,Power
2020-12-11,Sichuan,0.11022322297818701,Power
2020-12-12,Sichuan,0.10763944965871867,Power
2020-12-13,Sichuan,0.10419510210400942,Power
2020-12-14,Sichuan,0.10333384433085331,Power
2020-12-15,Sichuan,0.11022322297818701,Power
2020-12-16,Sichuan,0.10677887542347775,Power
2020-12-17,Sichuan,0.10763944965871867,Power
2020-12-18,Sichuan,0.10850070743187477,Power
2020-12-19,Sichuan,0.10936196520503089,Power
2020-12-20,Sichuan,0.11108448075134311,Power
2020-12-21,Sichuan,0.10333384433085331,Power
2020-12-22,Sichuan,0.10870508526852055,Power
2020-12-23,Sichuan,0.1098486442006556,Power
2020-12-24,Sichuan,0.11055200471539978,Power
2020-12-25,Sichuan,0.11043580326981522,Power
2020-12-26,Sichuan,0.10970168354888692,Power
2020-12-27,Sichuan,0.11124989692682231,Power
2020-12-28,Sichuan,0.11141804725396232,Power
2020-12-29,Sichuan,0.11040299344988548,Power
2020-12-30,Sichuan,0.11149050227297386,Power
2020-12-31,Sichuan,0.11082268572982026,Power
2020-12-01,Tianjin,0.20235574936211664,Power
2020-12-02,Tianjin,0.20899012667455819,Power
2020-12-03,Tianjin,0.21230797363374707,Power
2020-12-04,Tianjin,0.20899012667455819,Power
2020-12-05,Tianjin,0.2006968258825222,Power
2020-12-06,Tianjin,0.21230797363374707,Power
2020-12-07,Tianjin,0.21230797363374707,Power
2020-12-08,Tianjin,0.20235574936211664,Power
2020-12-09,Tianjin,0.2106490501541526,Power
2020-12-10,Tianjin,0.20401467284171107,Power
2020-12-11,Tianjin,0.21230797363374707,Power
2020-12-12,Tianjin,0.20733120319496376,Power
2020-12-13,Tianjin,0.2006968258825222,Power
2020-12-14,Tianjin,0.19903790240292776,Power
2020-12-15,Tianjin,0.21230797363374707,Power
2020-12-16,Tianjin,0.20567359632130547,Power
2020-12-17,Tianjin,0.20733120319496376,Power
2020-12-18,Tianjin,0.20899012667455819,Power
2020-12-19,Tianjin,0.2106490501541526,Power
2020-12-20,Tianjin,0.2139668971133415,Power
2020-12-21,Tianjin,0.19903790240292776,Power
2020-12-22,Tianjin,0.2093837918494778,Power
2020-12-23,Tianjin,0.21158647358071705,Power
2020-12-24,Tianjin,0.21294126108905256,Power
2020-12-25,Tianjin,0.21271743807990096,Power
2020-12-26,Tianjin,0.2113034033044371,Power
2020-12-27,Tianjin,0.21428551574989854,Power
2020-12-28,Tianjin,0.21460940081020033,Power
2020-12-29,Tianjin,0.21265424099496405,Power
2020-12-30,Tianjin,0.21474896103943603,Power
2020-12-31,Tianjin,0.21346263703978222,Power
2020-12-01,Ningxia,0.347524140112066,Power
2020-12-02,Ningxia,0.3589179664696228,Power
2020-12-03,Ningxia,0.364616010212636,Power
2020-12-04,Ningxia,0.3589179664696228,Power
2020-12-05,Ningxia,0.3446751182405594,Power
2020-12-06,Ningxia,0.364616010212636,Power
2020-12-07,Ningxia,0.364616010212636,Power
2020-12-08,Ningxia,0.347524140112066,Power
2020-12-09,Ningxia,0.36176698834112936,Power
2020-12-10,Ningxia,0.35037316198357255,Power
2020-12-11,Ningxia,0.364616010212636,Power
2020-12-12,Ningxia,0.3560689445981163,Power
2020-12-13,Ningxia,0.3446751182405594,Power
2020-12-14,Ningxia,0.3418260963690528,Power
2020-12-15,Ningxia,0.364616010212636,Power
2020-12-16,Ningxia,0.3532221838550791,Power
2020-12-17,Ningxia,0.3560689445981163,Power
2020-12-18,Ningxia,0.3589179664696228,Power
2020-12-19,Ningxia,0.36176698834112936,Power
2020-12-20,Ningxia,0.36746503208414255,Power
2020-12-21,Ningxia,0.3418260963690528,Power
2020-12-22,Ningxia,0.35959404388198823,Power
2020-12-23,Ningxia,0.3633769118113775,Power
2020-12-24,Ningxia,0.3657036130064413,Power
2020-12-25,Ningxia,0.36531922116663484,Power
2020-12-26,Ningxia,0.3628907691904459,Power
2020-12-27,Ningxia,0.3680122251737494,Power
2020-12-28,Ningxia,0.36856846277723404,Power
2020-12-29,Ningxia,0.36521068700010134,Power
2020-12-30,Ningxia,0.3688081423949957,Power
2020-12-31,Ningxia,0.3665990198803433,Power
2020-12-01,Anhui,0.7239276933429722,Power
2020-12-02,Anhui,0.7476621781782319,Power
2020-12-03,Anhui,0.7595317756747302,Power
2020-12-04,Anhui,0.7476621781782319,Power
2020-12-05,Anhui,0.717992894594723,Power
2020-12-06,Anhui,0.7595317756747302,Power
2020-12-07,Anhui,0.7595317756747302,Power
2020-12-08,Anhui,0.7239276933429722,Power
2020-12-09,Anhui,0.753596976926481,Power
2020-12-10,Anhui,0.7298624920912213,Power
2020-12-11,Anhui,0.7595317756747302,Power
2020-12-12,Anhui,0.7417273794299829,Power
2020-12-13,Anhui,0.717992894594723,Power
2020-12-14,Anhui,0.7120580958464741,Power
2020-12-15,Anhui,0.7595317756747302,Power
2020-12-16,Anhui,0.7357972908394703,Power
2020-12-17,Anhui,0.7417273794299829,Power
2020-12-18,Anhui,0.7476621781782319,Power
2020-12-19,Anhui,0.753596976926481,Power
2020-12-20,Anhui,0.7654665744229792,Power
2020-12-21,Anhui,0.7120580958464741,Power
2020-12-22,Anhui,0.7490705153415068,Power
2020-12-23,Anhui,0.7569506092350153,Power
2020-12-24,Anhui,0.7617973615460856,Power
2020-12-25,Anhui,0.7609966347308457,Power
2020-12-26,Anhui,0.7559379253216237,Power
2020-12-27,Anhui,0.7666064325952621,Power
2020-12-28,Anhui,0.7677651313984917,Power
2020-12-29,Anhui,0.7607705471594839,Power
2020-12-30,Anhui,0.7682644081185824,Power
2020-12-31,Anhui,0.7636625840098209,Power
2020-12-01,Shandong,1.402000574592838,Power
2020-12-02,Shandong,1.4479661616020008,Power
2020-12-03,Shandong,1.4709535160896157,Power
2020-12-04,Shandong,1.4479661616020008,Power
2020-12-05,Shandong,1.3905068973490304,Power
2020-12-06,Shandong,1.4709535160896157,Power
2020-12-07,Shandong,1.4709535160896157,Power
2020-12-08,Shandong,1.402000574592838,Power
2020-12-09,Shandong,1.459459838845808,Power
2020-12-10,Shandong,1.4134942518366451,Power
2020-12-11,Shandong,1.4709535160896157,Power
2020-12-12,Shandong,1.4364724843581935,Power
2020-12-13,Shandong,1.3905068973490304,Power
2020-12-14,Shandong,1.379013220105223,Power
2020-12-15,Shandong,1.4709535160896157,Power
2020-12-16,Shandong,1.4249879290804524,Power
2020-12-17,Shandong,1.4364724843581935,Power
2020-12-18,Shandong,1.4479661616020008,Power
2020-12-19,Shandong,1.459459838845808,Power
2020-12-20,Shandong,1.482447193333423,Power
2020-12-21,Shandong,1.379013220105223,Power
2020-12-22,Shandong,1.4506936294558883,Power
2020-12-23,Shandong,1.4659546786851658,Power
2020-12-24,Shandong,1.4753411817676088,Power
2020-12-25,Shandong,1.4737904475363015,Power
2020-12-26,Shandong,1.4639934559808656,Power
2020-12-27,Shandong,1.4846547091215194,Power
2020-12-28,Shandong,1.486898712773882,Power
2020-12-29,Shandong,1.473352593165109,Power
2020-12-30,Shandong,1.4878656411769322,Power
2020-12-31,Shandong,1.4789534803299482,Power
2020-12-01,Shanxi,0.7251268385243774,Power
2020-12-02,Shanxi,0.7489006381881552,Power
2020-12-03,Shanxi,0.7607898969999671,Power
2020-12-04,Shanxi,0.7489006381881552,Power
2020-12-05,Shanxi,0.7191822091184713,Power
2020-12-06,Shanxi,0.7607898969999671,Power
2020-12-07,Shanxi,0.7607898969999671,Power
2020-12-08,Shanxi,0.7251268385243774,Power
2020-12-09,Shanxi,0.7548452675940611,Power
2020-12-10,Shanxi,0.7310714679302833,Power
2020-12-11,Shanxi,0.7607898969999671,Power
2020-12-12,Shanxi,0.7429560087822493,Power
2020-12-13,Shanxi,0.7191822091184713,Power
2020-12-14,Shanxi,0.7132375797125654,Power
2020-12-15,Shanxi,0.7607898969999671,Power
2020-12-16,Shanxi,0.7370160973361892,Power
2020-12-17,Shanxi,0.7429560087822493,Power
2020-12-18,Shanxi,0.7489006381881552,Power
2020-12-19,Shanxi,0.7548452675940611,Power
2020-12-20,Shanxi,0.766734526405873,Power
2020-12-21,Shanxi,0.7132375797125654,Power
2020-12-22,Shanxi,0.7503113081820963,Power
2020-12-23,Shanxi,0.7582044550043825,Power
2020-12-24,Shanxi,0.7630592356858725,Power
2020-12-25,Shanxi,0.7622571825120599,Power
2020-12-26,Shanxi,0.7571900936375019,Power
2020-12-27,Shanxi,0.7678762726885947,Power
2020-12-28,Shanxi,0.7690368908107003,Power
2020-12-29,Shanxi,0.762030720439454,Power
2020-12-30,Shanxi,0.7695369945543716,Power
2020-12-31,Shanxi,0.7649275477848715,Power
2020-12-01,Guangdong,0.6119575120292676,Power
2020-12-02,Guangdong,0.632020974751643,Power
2020-12-03,Guangdong,0.6420546969307234,Power
2020-12-04,Guangdong,0.632020974751643,Power
2020-12-05,Guangdong,0.6069406509397274,Power
2020-12-06,Guangdong,0.6420546969307234,Power
2020-12-07,Guangdong,0.6420546969307234,Power
2020-12-08,Guangdong,0.6119575120292676,Power
2020-12-09,Guangdong,0.6370378358411831,Power
2020-12-10,Guangdong,0.6169743731188078,Power
2020-12-11,Guangdong,0.6420546969307234,Power
2020-12-12,Guangdong,0.6270041136621028,Power
2020-12-13,Guangdong,0.6069406509397274,Power
2020-12-14,Guangdong,0.6019237898501872,Power
2020-12-15,Guangdong,0.6420546969307234,Power
2020-12-16,Guangdong,0.6219912342083479,Power
2020-12-17,Guangdong,0.6270041136621028,Power
2020-12-18,Guangdong,0.632020974751643,Power
2020-12-19,Guangdong,0.6370378358411831,Power
2020-12-20,Guangdong,0.6470715580202635,Power
2020-12-21,Guangdong,0.6019237898501872,Power
2020-12-22,Guangdong,0.6332114838514623,Power
2020-12-23,Guangdong,0.6398727605203518,Power
2020-12-24,Guangdong,0.6439698637434764,Power
2020-12-25,Guangdong,0.6432929856599671,Power
2020-12-26,Guangdong,0.6390167088265017,Power
2020-12-27,Guangdong,0.6480351138803181,Power
2020-12-28,Guangdong,0.6490145962835141,Power
2020-12-29,Guangdong,0.6431018671422704,Power
2020-12-30,Guangdong,0.6494366496767611,Power
2020-12-31,Guangdong,0.6455465915144747,Power
2020-12-01,Guangxi,0.23313068624427188,Power
2020-12-02,Guangxi,0.24077404177298056,Power
2020-12-03,Guangxi,0.24459647795721276,Power
2020-12-04,Guangxi,0.24077404177298056,Power
2020-12-05,Guangxi,0.23121946815215574,Power
2020-12-06,Guangxi,0.24459647795721276,Power
2020-12-07,Guangxi,0.24459647795721276,Power
2020-12-08,Guangxi,0.23313068624427188,Power
2020-12-09,Guangxi,0.24268525986509665,Power
2020-12-10,Guangxi,0.23504190433638794,Power
2020-12-11,Guangxi,0.24459647795721276,Power
2020-12-12,Guangxi,0.2388628236808645,Power
2020-12-13,Guangxi,0.23121946815215574,Power
2020-12-14,Guangxi,0.2293082500600397,Power
2020-12-15,Guangxi,0.24459647795721276,Power
2020-12-16,Guangxi,0.23695312242850403,Power
2020-12-17,Guangxi,0.2388628236808645,Power
2020-12-18,Guangxi,0.24077404177298056,Power
2020-12-19,Guangxi,0.24268525986509665,Power
2020-12-20,Guangxi,0.24650769604932884,Power
2020-12-21,Guangxi,0.2293082500600397,Power
2020-12-22,Guangxi,0.24122757685991922,Power
2020-12-23,Guangxi,0.2437652497711178,Power
2020-12-24,Guangxi,0.2453260778796793,Power
2020-12-25,Guangxi,0.2450682151212192,Power
2020-12-26,Guangxi,0.24343912922365357,Power
2020-12-27,Guangxi,0.2468747712701956,Power
2020-12-28,Guangxi,0.24724791385008496,Power
2020-12-29,Guangxi,0.24499540681294815,Power
2020-12-30,Guangxi,0.2474086988641836,Power
2020-12-31,Guangxi,0.24592674642291576,Power
2020-12-01,Xinjiang,0.7795068233915364,Power
2020-12-02,Xinjiang,0.805063509575667,Power
2020-12-03,Xinjiang,0.8178443885564189,Power
2020-12-04,Xinjiang,0.805063509575667,Power
2020-12-05,Xinjiang,0.7731163839011603,Power
2020-12-06,Xinjiang,0.8178443885564189,Power
2020-12-07,Xinjiang,0.8178443885564189,Power
2020-12-08,Xinjiang,0.7795068233915364,Power
2020-12-09,Xinjiang,0.8114539490660428,Power
2020-12-10,Xinjiang,0.7858972628819123,Power
2020-12-11,Xinjiang,0.8178443885564189,Power
2020-12-12,Xinjiang,0.798673070085291,Power
2020-12-13,Xinjiang,0.7731163839011603,Power
2020-12-14,Xinjiang,0.7667259444107845,Power
2020-12-15,Xinjiang,0.8178443885564189,Power
2020-12-16,Xinjiang,0.7922877023722882,Power
2020-12-17,Xinjiang,0.798673070085291,Power
2020-12-18,Xinjiang,0.805063509575667,Power
2020-12-19,Xinjiang,0.8114539490660428,Power
2020-12-20,Xinjiang,0.8242348280467948,Power
2020-12-21,Xinjiang,0.7667259444107845,Power
2020-12-22,Xinjiang,0.8065799710102879,Power
2020-12-23,Xinjiang,0.8150650545558425,Power
2020-12-24,Xinjiang,0.8202839134729831,Power
2020-12-25,Xinjiang,0.8194217113195197,Power
2020-12-26,Xinjiang,0.8139746224205802,Power
2020-12-27,Xinjiang,0.825462198171137,Power
2020-12-28,Xinjiang,0.8267098554049723,Power
2020-12-29,Xinjiang,0.8191782660056007,Power
2020-12-30,Xinjiang,0.8272474638065436,Power
2020-12-31,Xinjiang,0.8222923373128155,Power
2020-12-01,Jiangsu,1.1280333739286832,Power
2020-12-02,Jiangsu,1.165016751209835,Power
2020-12-03,Jiangsu,1.1835121095643701,Power
2020-12-04,Jiangsu,1.165016751209835,Power
2020-12-05,Jiangsu,1.1187856947514154,Power
2020-12-06,Jiangsu,1.1835121095643701,Power
2020-12-07,Jiangsu,1.1835121095643701,Power
2020-12-08,Jiangsu,1.1280333739286832,Power
2020-12-09,Jiangsu,1.1742644303871026,Power
2020-12-10,Jiangsu,1.1372810531059507,Power
2020-12-11,Jiangsu,1.1835121095643701,Power
2020-12-12,Jiangsu,1.1557690720325675,Power
2020-12-13,Jiangsu,1.1187856947514154,Power
2020-12-14,Jiangsu,1.109538015574148,Power
2020-12-15,Jiangsu,1.1835121095643701,Power
2020-12-16,Jiangsu,1.1465287322832183,Power
2020-12-17,Jiangsu,1.1557690720325675,Power
2020-12-18,Jiangsu,1.165016751209835,Power
2020-12-19,Jiangsu,1.1742644303871026,Power
2020-12-20,Jiangsu,1.1927597887416377,Power
2020-12-21,Jiangsu,1.109538015574148,Power
2020-12-22,Jiangsu,1.1672112401574564,Power
2020-12-23,Jiangsu,1.1794901030650504,Power
2020-12-24,Jiangsu,1.1870423743931526,Power
2020-12-25,Jiangsu,1.1857946716470134,Power
2020-12-26,Jiangsu,1.1779121260625804,Power
2020-12-27,Jiangsu,1.1945359302979066,Power
2020-12-28,Jiangsu,1.1963414295658494,Power
2020-12-29,Jiangsu,1.185442379106927,Power
2020-12-30,Jiangsu,1.1971194089252069,Power
2020-12-31,Jiangsu,1.189948787848865,Power
2020-12-01,Jiangxi,0.29566423379020373,Power
2020-12-02,Jiangxi,0.30535779619671555,Power
2020-12-03,Jiangxi,0.31020553925375266,Power
2020-12-04,Jiangxi,0.30535779619671555,Power
2020-12-05,Jiangxi,0.29324036226168515,Power
2020-12-06,Jiangxi,0.31020553925375266,Power
2020-12-07,Jiangxi,0.31020553925375266,Power
2020-12-08,Jiangxi,0.29566423379020373,Power
2020-12-09,Jiangxi,0.3077816677252341,Power
2020-12-10,Jiangxi,0.29808810531872226,Power
2020-12-11,Jiangxi,0.31020553925375266,Power
2020-12-12,Jiangxi,0.302933924668197,Power
2020-12-13,Jiangxi,0.29324036226168515,Power
2020-12-14,Jiangxi,0.2908164907331666,Power
2020-12-15,Jiangxi,0.31020553925375266,Power
2020-12-16,Jiangxi,0.3005119768472408,Power
2020-12-17,Jiangxi,0.302933924668197,Power
2020-12-18,Jiangxi,0.30535779619671555,Power
2020-12-19,Jiangxi,0.3077816677252341,Power
2020-12-20,Jiangxi,0.31262941078227113,Power
2020-12-21,Jiangxi,0.2908164907331666,Power
2020-12-22,Jiangxi,0.3059329847578481,Power
2020-12-23,Jiangxi,0.30915134750960327,Power
2020-12-24,Jiangxi,0.31113084259122675,Power
2020-12-25,Jiangxi,0.31080381230563303,Power
2020-12-26,Jiangxi,0.30873775038370527,Power
2020-12-27,Jiangxi,0.3130949480123517,Power
2020-12-28,Jiangxi,0.31356818007268156,Power
2020-12-29,Jiangxi,0.3107114743426419,Power
2020-12-30,Jiangxi,0.31377209307428705,Power
2020-12-31,Jiangxi,0.311892630785904,Power
2020-12-01,Hebei,0.9312111799349256,Power
2020-12-02,Hebei,0.9617416014560686,Power
2020-12-03,Hebei,0.977009841629373,Power
2020-12-04,Hebei,0.9617416014560686,Power
2020-12-05,Hebei,0.9235770598482733,Power
2020-12-06,Hebei,0.977009841629373,Power
2020-12-07,Hebei,0.977009841629373,Power
2020-12-08,Hebei,0.9312111799349256,Power
2020-12-09,Hebei,0.9693757215427207,Power
2020-12-10,Hebei,0.9388453000215777,Power
2020-12-11,Hebei,0.977009841629373,Power
2020-12-12,Hebei,0.9541074813694165,Power
2020-12-13,Hebei,0.9235770598482733,Power
2020-12-14,Hebei,0.9159429397616212,Power
2020-12-15,Hebei,0.977009841629373,Power
2020-12-16,Hebei,0.9464794201082298,Power
2020-12-17,Hebei,0.9541074813694165,Power
2020-12-18,Hebei,0.9617416014560686,Power
2020-12-19,Hebei,0.9693757215427207,Power
2020-12-20,Hebei,0.9846439617160251,Power
2020-12-21,Hebei,0.9159429397616212,Power
2020-12-22,Hebei,0.9635531902702821,Power
2020-12-23,Hebei,0.9736896052742257,Power
2020-12-24,Hebei,0.9799241366783251,Power
2020-12-25,Hebei,0.9788941363491738,Power
2020-12-26,Hebei,0.9723869577991225,Power
2020-12-27,Hebei,0.9861101974786997,Power
2020-12-28,Hebei,0.9876006685432366,Power
2020-12-29,Hebei,0.9786033127268252,Power
2020-12-30,Hebei,0.9882429040425899,Power
2020-12-31,Hebei,0.9823234315627015,Power
2020-12-01,Henan,0.6889838532910882,Power
2020-12-02,Henan,0.7115726794515606,Power
2020-12-03,Henan,0.7228693339314951,Power
2020-12-04,Henan,0.7115726794515606,Power
2020-12-05,Henan,0.6833355260511209,Power
2020-12-06,Henan,0.7228693339314951,Power
2020-12-07,Henan,0.7228693339314951,Power
2020-12-08,Henan,0.6889838532910882,Power
2020-12-09,Henan,0.7172210066915278,Power
2020-12-10,Henan,0.6946321805310555,Power
2020-12-11,Henan,0.7228693339314951,Power
2020-12-12,Henan,0.7059243522115933,Power
2020-12-13,Henan,0.6833355260511209,Power
2020-12-14,Henan,0.6776871988111537,Power
2020-12-15,Henan,0.7228693339314951,Power
2020-12-16,Henan,0.7002805077710227,Power
2020-12-17,Henan,0.7059243522115933,Power
2020-12-18,Henan,0.7115726794515606,Power
2020-12-19,Henan,0.7172210066915278,Power
2020-12-20,Henan,0.7285176611714623,Power
2020-12-21,Henan,0.6776871988111537,Power
2020-12-22,Henan,0.7129130364712035,Power
2020-12-23,Henan,0.7204127598620489,Power
2020-12-24,Henan,0.7250255604413557,Power
2020-12-25,Henan,0.7242634845438998,Power
2020-12-26,Henan,0.7194489579917371,Power
2020-12-27,Henan,0.7296024986254879,Power
2020-12-28,Henan,0.7307052672771006,Power
2020-12-29,Henan,0.7240483101728535,Power
2020-12-30,Henan,0.7311804440131613,Power
2020-12-31,Henan,0.7268007490024881,Power
2020-12-01,Zhejiang,0.5199262421303334,Power
2020-12-02,Zhejiang,0.5369723941463049,Power
2020-12-03,Zhejiang,0.5454971615763999,Power
2020-12-04,Zhejiang,0.5369723941463049,Power
2020-12-05,Zhejiang,0.515663858415286,Power
2020-12-06,Zhejiang,0.5454971615763999,Power
2020-12-07,Zhejiang,0.5454971615763999,Power
2020-12-08,Zhejiang,0.5199262421303334,Power
2020-12-09,Zhejiang,0.5412347778613524,Power
2020-12-10,Zhejiang,0.5241886258453808,Power
2020-12-11,Zhejiang,0.5454971615763999,Power
2020-12-12,Zhejiang,0.5327100104312575,Power
2020-12-13,Zhejiang,0.515663858415286,Power
2020-12-14,Zhejiang,0.5114014747002384,Power
2020-12-15,Zhejiang,0.5454971615763999,Power
2020-12-16,Zhejiang,0.5284510095604283,Power
2020-12-17,Zhejiang,0.5327100104312575,Power
2020-12-18,Zhejiang,0.5369723941463049,Power
2020-12-19,Zhejiang,0.5412347778613524,Power
2020-12-20,Zhejiang,0.5497595452914473,Power
2020-12-21,Zhejiang,0.5114014747002384,Power
2020-12-22,Zhejiang,0.5379838645675741,Power
2020-12-23,Zhejiang,0.543643362944776,Power
2020-12-24,Zhejiang,0.5471243096453982,Power
2020-12-25,Zhejiang,0.5465492261282887,Power
2020-12-26,Zhejiang,0.5429160514378434,Power
2020-12-27,Zhejiang,0.550578193592274,Power
2020-12-28,Zhejiang,0.5514103732699738,Power
2020-12-29,Zhejiang,0.5463868496058107,Power
2020-12-30,Zhejiang,0.5517689547571126,Power
2020-12-31,Zhejiang,0.5484639159558417,Power
2020-12-01,Hainan,0.03525299466896504,Power
2020-12-02,Hainan,0.03640878919797974,Power
2020-12-03,Hainan,0.03698680114739769,Power
2020-12-04,Hainan,0.03640878919797974,Power
2020-12-05,Hainan,0.034963988694256064,Power
2020-12-06,Hainan,0.03698680114739769,Power
2020-12-07,Hainan,0.03698680114739769,Power
2020-12-08,Hainan,0.03525299466896504,Power
2020-12-09,Hainan,0.036697795172688716,Power
2020-12-10,Hainan,0.035542000643674014,Power
2020-12-11,Hainan,0.03698680114739769,Power
2020-12-12,Hainan,0.036119783223270766,Power
2020-12-13,Hainan,0.034963988694256064,Power
2020-12-14,Hainan,0.03467498271954709,Power
2020-12-15,Hainan,0.03698680114739769,Power
2020-12-16,Hainan,0.03583100661838298,Power
2020-12-17,Hainan,0.036119783223270766,Power
2020-12-18,Hainan,0.03640878919797974,Power
2020-12-19,Hainan,0.036697795172688716,Power
2020-12-20,Hainan,0.037275807122106666,Power
2020-12-21,Hainan,0.03467498271954709,Power
2020-12-22,Hainan,0.03647737077451782,Power
2020-12-23,Hainan,0.0368611064853814,Power
2020-12-24,Hainan,0.03709712803139374,Power
2020-12-25,Hainan,0.03705813516179015,Power
2020-12-26,Hainan,0.03681179197382392,Power
2020-12-27,Hainan,0.037331314618836486,Power
2020-12-28,Hainan,0.0373877395948511,Power
2020-12-29,Hainan,0.03704712541037267,Power
2020-12-30,Hainan,0.03741205279589804,Power
2020-12-31,Hainan,0.037187958480587986,Power
2020-12-01,Hubei,0.44365873492862085,Power
2020-12-02,Hubei,0.4582044024214171,Power
2020-12-03,Hubei,0.46547867947675475,Power
2020-12-04,Hubei,0.4582044024214171,Power
2020-12-05,Hubei,0.44002159640095195,Power
2020-12-06,Hubei,0.46547867947675475,Power
2020-12-07,Hubei,0.46547867947675475,Power
2020-12-08,Hubei,0.44365873492862085,Power
2020-12-09,Hubei,0.46184154094908586,Power
2020-12-10,Hubei,0.4472958734562896,Power
2020-12-11,Hubei,0.46547867947675475,Power
2020-12-12,Hubei,0.45456726389374824,Power
2020-12-13,Hubei,0.44002159640095195,Power
2020-12-14,Hubei,0.4363844578732831,Power
2020-12-15,Hubei,0.46547867947675475,Power
2020-12-16,Hubei,0.45093301198395846,Power
2020-12-17,Hubei,0.45456726389374824,Power
2020-12-18,Hubei,0.4582044024214171,Power
2020-12-19,Hubei,0.46184154094908586,Power
2020-12-20,Hubei,0.46911581800442353,Power
2020-12-21,Hubei,0.4363844578732831,Power
2020-12-22,Hubei,0.4590675011672686,Power
2020-12-23,Hubei,0.46389681287900664,Power
2020-12-24,Hubei,0.46686714267660295,Power
2020-12-25,Hubei,0.4663764176371556,Power
2020-12-26,Hubei,0.4632761900349997,Power
2020-12-27,Hubei,0.46981437953116634,Power
2020-12-28,Hubei,0.47052448752942555,Power
2020-12-29,Hubei,0.4662378599789587,Power
2020-12-30,Hubei,0.47083046902461034,Power
2020-12-31,Hubei,0.4680102433567274,Power
2020-12-01,Hunan,0.3158248621525776,Power
2020-12-02,Hunan,0.32617940511355115,Power
2020-12-03,Hunan,0.33135770403430004,Power
2020-12-04,Hunan,0.32617940511355115,Power
2020-12-05,Hunan,0.3132357126922031,Power
2020-12-06,Hunan,0.33135770403430004,Power
2020-12-07,Hunan,0.33135770403430004,Power
2020-12-08,Hunan,0.3158248621525776,Power
2020-12-09,Hunan,0.32876855457392556,Power
2020-12-10,Hunan,0.31841401161295196,Power
2020-12-11,Hunan,0.33135770403430004,Power
2020-12-12,Hunan,0.32359025565317673,Power
2020-12-13,Hunan,0.3132357126922031,Power
2020-12-14,Hunan,0.3106465632318287,Power
2020-12-15,Hunan,0.33135770403430004,Power
2020-12-16,Hunan,0.3210031610733264,Power
2020-12-17,Hunan,0.32359025565317673,Power
2020-12-18,Hunan,0.32617940511355115,Power
2020-12-19,Hunan,0.32876855457392556,Power
2020-12-20,Hunan,0.33394685349467446,Power
2020-12-21,Hunan,0.3106465632318287,Power
2020-12-22,Hunan,0.326793814390259,Power
2020-12-23,Hunan,0.3302316295070895,Power
2020-12-24,Hunan,0.3323461015663953,Power
2020-12-25,Hunan,0.3319967718772972,Power
2020-12-26,Hunan,0.3297898301944066,Power
2020-12-27,Hunan,0.3344441345815083,Power
2020-12-28,Hunan,0.3349496351904386,Power
2020-12-29,Hunan,0.33189813761214015,Power
2020-12-30,Hunan,0.33516745252599384,Power
2020-12-31,Hunan,0.3331598342539416,Power
2020-12-01,Gansu,0.30259679187020216,Power
2020-12-02,Gansu,0.31251764312908464,Power
2020-12-03,Gansu,0.31747905316527913,Power
2020-12-04,Gansu,0.31251764312908464,Power
2020-12-05,Gansu,0.3001160868521049,Power
2020-12-06,Gansu,0.31747905316527913,Power
2020-12-07,Gansu,0.31747905316527913,Power
2020-12-08,Gansu,0.30259679187020216,Power
2020-12-09,Gansu,0.31499834814718186,Power
2020-12-10,Gansu,0.3050774968882994,Power
2020-12-11,Gansu,0.31747905316527913,Power
2020-12-12,Gansu,0.3100369381109874,Power
2020-12-13,Gansu,0.3001160868521049,Power
2020-12-14,Gansu,0.2976353818340077,Power
2020-12-15,Gansu,0.31747905316527913,Power
2020-12-16,Gansu,0.3075582019063966,Power
2020-12-17,Gansu,0.3100369381109874,Power
2020-12-18,Gansu,0.31251764312908464,Power
2020-12-19,Gansu,0.31499834814718186,Power
2020-12-20,Gansu,0.31995975818337635,Power
2020-12-21,Gansu,0.2976353818340077,Power
2020-12-22,Gansu,0.31310631836750613,Power
2020-12-23,Gansu,0.31640014336375744,Power
2020-12-24,Gansu,0.3184260524618702,Power
2020-12-25,Gansu,0.3180913541657778,Power
2020-12-26,Gansu,0.3159768484598758,Power
2020-12-27,Gansu,0.32043621105193154,Power
2020-12-28,Gansu,0.32092053917451246,Power
2020-12-29,Gansu,0.31799685111746934,Power
2020-12-30,Gansu,0.32112923340619365,Power
2020-12-31,Gansu,0.31920570261041503,Power
2020-12-01,Fujian,0.2548808065267895,Power
2020-12-02,Fujian,0.26323725523421976,Power
2020-12-03,Fujian,0.26741630876522277,Power
2020-12-04,Fujian,0.26323725523421976,Power
2020-12-05,Fujian,0.25279127976128796,Power
2020-12-06,Fujian,0.26741630876522277,Power
2020-12-07,Fujian,0.26741630876522277,Power
2020-12-08,Fujian,0.2548808065267895,Power
2020-12-09,Fujian,0.26532678199972126,Power
2020-12-10,Fujian,0.256970333292291,Power
2020-12-11,Fujian,0.26741630876522277,Power
2020-12-12,Fujian,0.26114772846871825,Power
2020-12-13,Fujian,0.25279127976128796,Power
2020-12-14,Fujian,0.2507017529957865,Power
2020-12-15,Fujian,0.26741630876522277,Power
2020-12-16,Fujian,0.2590598600577925,Power
2020-12-17,Fujian,0.26114772846871825,Power
2020-12-18,Fujian,0.26323725523421976,Power
2020-12-19,Fujian,0.26532678199972126,Power
2020-12-20,Fujian,0.26950583553072427,Power
2020-12-21,Fujian,0.2507017529957865,Power
2020-12-22,Fujian,0.26373310325238236,Power
2020-12-23,Fujian,0.26650753045768716,Power
2020-12-24,Fujian,0.26821397731618013,Power
2020-12-25,Fujian,0.267932057038295,Power
2020-12-26,Fujian,0.26615098422389133,Power
2020-12-27,Fujian,0.26990715733806664,Power
2020-12-28,Fujian,0.2703151125637122,Power
2020-12-29,Fujian,0.26785245601865687,Power
2020-12-30,Fujian,0.27049089814874644,Power
2020-12-31,Fujian,0.26887068572819484,Power
2020-12-01,Tibet,0.0010024104250808557,Power
2020-12-02,Tibet,0.0010352751645452652,Power
2020-12-03,Tibet,0.0010517107953153212,Power
2020-12-04,Tibet,0.0010352751645452652,Power
2020-12-05,Tibet,0.0009941926096958275,Power
2020-12-06,Tibet,0.0010517107953153212,Power
2020-12-07,Tibet,0.0010517107953153212,Power
2020-12-08,Tibet,0.0010024104250808557,Power
2020-12-09,Tibet,0.001043492979930293,Power
2020-12-10,Tibet,0.0010106282404658835,Power
2020-12-11,Tibet,0.0010517107953153212,Power
2020-12-12,Tibet,0.0010270573491602372,Power
2020-12-13,Tibet,0.0009941926096958275,Power
2020-12-14,Tibet,0.0009859747943107996,Power
2020-12-15,Tibet,0.0010517107953153212,Power
2020-12-16,Tibet,0.0010188460558509115,Power
2020-12-17,Tibet,0.0010270573491602372,Power
2020-12-18,Tibet,0.0010352751645452652,Power
2020-12-19,Tibet,0.001043492979930293,Power
2020-12-20,Tibet,0.0010599286107003491,Power
2020-12-21,Tibet,0.0009859747943107996,Power
2020-12-22,Tibet,0.0010372252651802837,Power
2020-12-23,Tibet,0.001048136697830404,Power
2020-12-24,Tibet,0.0010548479137281771,Power
2020-12-25,Tibet,0.0010537391608587687,Power
2020-12-26,Tibet,0.0010467344515543875,Power
2020-12-27,Tibet,0.0010615069530203307,Power
2020-12-28,Tibet,0.001063111383643122,Power
2020-12-29,Tibet,0.0010534261012250534,Power
2020-12-30,Tibet,0.0010638027236675766,Power
2020-12-31,Tibet,0.0010574306557063287,Power
2020-12-01,Guizhou,0.4065258303658906,Power
2020-12-02,Guizhou,0.4198540691453806,Power
2020-12-03,Guizhou,0.4265195110434387,Power
2020-12-04,Guizhou,0.4198540691453806,Power
2020-12-05,Guizhou,0.40319310941686143,Power
2020-12-06,Guizhou,0.4265195110434387,Power
2020-12-07,Guizhou,0.4265195110434387,Power
2020-12-08,Guizhou,0.4065258303658906,Power
2020-12-09,Guizhou,0.4231867900944096,Power
2020-12-10,Guizhou,0.4098585513149196,Power
2020-12-11,Guizhou,0.4265195110434387,Power
2020-12-12,Guizhou,0.41652134819635156,Power
2020-12-13,Guizhou,0.40319310941686143,Power
2020-12-14,Guizhou,0.3998603884678324,Power
2020-12-15,Guizhou,0.4265195110434387,Power
2020-12-16,Guizhou,0.41319127226394864,Power
2020-12-17,Guizhou,0.41652134819635156,Power
2020-12-18,Guizhou,0.4198540691453806,Power
2020-12-19,Guizhou,0.4231867900944096,Power
2020-12-20,Guizhou,0.42985223199246775,Power
2020-12-21,Guizhou,0.3998603884678324,Power
2020-12-22,Guizhou,0.4206449291166184,Power
2020-12-23,Guizhou,0.42507004193227366,Power
2020-12-24,Guizhou,0.42779176404064745,Power
2020-12-25,Guizhou,0.4273421112141912,Power
2020-12-26,Guizhou,0.4245013633576378,Power
2020-12-27,Guizhou,0.4304923260160115,Power
2020-12-28,Guizhou,0.43114300010606005,Power
2020-12-29,Guizhou,0.42721515041613295,Power
2020-12-30,Guizhou,0.43142337186843865,Power
2020-12-31,Guizhou,0.428839190624628,Power
2020-12-01,Liaoning,0.45957239077351825,Power
2020-12-02,Liaoning,0.4746397988031077,Power
2020-12-03,Liaoning,0.4821749978970878,Power
2020-12-04,Liaoning,0.4746397988031077,Power
2020-12-05,Liaoning,0.4558047912265281,Power
2020-12-06,Liaoning,0.4821749978970878,Power
2020-12-07,Liaoning,0.4821749978970878,Power
2020-12-08,Liaoning,0.45957239077351825,Power
2020-12-09,Liaoning,0.4784073983500977,Power
2020-12-10,Liaoning,0.4633399903205082,Power
2020-12-11,Liaoning,0.4821749978970878,Power
2020-12-12,Liaoning,0.47087219925611773,Power
2020-12-13,Liaoning,0.4558047912265281,Power
2020-12-14,Liaoning,0.45203719167953815,Power
2020-12-15,Liaoning,0.4821749978970878,Power
2020-12-16,Liaoning,0.46710758986749823,Power
2020-12-17,Liaoning,0.47087219925611773,Power
2020-12-18,Liaoning,0.4746397988031077,Power
2020-12-19,Liaoning,0.4784073983500977,Power
2020-12-20,Liaoning,0.4859425974440778,Power
2020-12-21,Liaoning,0.45203719167953815,Power
2020-12-22,Liaoning,0.47553385615592514,Power
2020-12-23,Liaoning,0.4805363911099841,Power
2020-12-24,Liaoning,0.48361326407335936,Power
2020-12-25,Liaoning,0.4831049371503528,Power
2020-12-26,Liaoning,0.4798935070602994,Power
2020-12-27,Liaoning,0.48666621576976954,Power
2020-12-28,Liaoning,0.48740179472894385,Power
2020-12-29,Liaoning,0.48296140954856276,Power
2020-12-30,Liaoning,0.4877187515162303,Power
2020-12-31,Liaoning,0.4847973667881276,Power
2020-12-01,Chongqing,0.13616855634159097,Power
2020-12-02,Chongqing,0.1406329394080881,Power
2020-12-03,Chongqing,0.14286557392437563,Power
2020-12-04,Chongqing,0.1406329394080881,Power
2020-12-05,Chongqing,0.1350522390834472,Power
2020-12-06,Chongqing,0.14286557392437563,Power
2020-12-07,Chongqing,0.14286557392437563,Power
2020-12-08,Chongqing,0.13616855634159097,Power
2020-12-09,Chongqing,0.14174925666623184,Power
2020-12-10,Chongqing,0.13728487359973474,Power
2020-12-11,Chongqing,0.14286557392437563,Power
2020-12-12,Chongqing,0.13951662214994437,Power
2020-12-13,Chongqing,0.1350522390834472,Power
2020-12-14,Chongqing,0.13393592182530345,Power
2020-12-15,Chongqing,0.14286557392437563,Power
2020-12-16,Chongqing,0.13840119085787847,Power
2020-12-17,Chongqing,0.13951662214994437,Power
2020-12-18,Chongqing,0.1406329394080881,Power
2020-12-19,Chongqing,0.14174925666623184,Power
2020-12-20,Chongqing,0.14398189118251936,Power
2020-12-21,Chongqing,0.13393592182530345,Power
2020-12-22,Chongqing,0.14089784326537777,Power
2020-12-23,Chongqing,0.14238006451369084,Power
2020-12-24,Chongqing,0.14329172360784162,Power
2020-12-25,Chongqing,0.1431411093746,Power
2020-12-26,Chongqing,0.14218958180694413,Power
2020-12-27,Chongqing,0.14419629497336922,Power
2020-12-28,Chongqing,0.14441424262853061,Power
2020-12-29,Chongqing,0.1430985830028612,Power
2020-12-30,Chongqing,0.14450815503278716,Power
2020-12-31,Chongqing,0.1436425661746868,Power
2020-12-01,Shaanxi,0.6063927289218095,Power
2020-12-02,Shaanxi,0.6262737462680927,Power
2020-12-03,Shaanxi,0.6362162276557954,Power
2020-12-04,Shaanxi,0.6262737462680927,Power
2020-12-05,Shaanxi,0.6014214882279582,Power
2020-12-06,Shaanxi,0.6362162276557954,Power
2020-12-07,Shaanxi,0.6362162276557954,Power
2020-12-08,Shaanxi,0.6063927289218095,Power
2020-12-09,Shaanxi,0.631244986961944,Power
2020-12-10,Shaanxi,0.6113639696156609,Power
2020-12-11,Shaanxi,0.6362162276557954,Power
2020-12-12,Shaanxi,0.6213025055742414,Power
2020-12-13,Shaanxi,0.6014214882279582,Power
2020-12-14,Shaanxi,0.5964502475341069,Power
2020-12-15,Shaanxi,0.6362162276557954,Power
2020-12-16,Shaanxi,0.6163352103095121,Power
2020-12-17,Shaanxi,0.6213025055742414,Power
2020-12-18,Shaanxi,0.6262737462680927,Power
2020-12-19,Shaanxi,0.631244986961944,Power
2020-12-20,Shaanxi,0.6411874683496467,Power
2020-12-21,Shaanxi,0.5964502475341069,Power
2020-12-22,Shaanxi,0.6274534295756018,Power
2020-12-23,Shaanxi,0.6340541324968821,Power
2020-12-24,Shaanxi,0.6381139790635275,Power
2020-12-25,Shaanxi,0.6374432561127699,Power
2020-12-26,Shaanxi,0.6332058652356298,Power
2020-12-27,Shaanxi,0.642142262197196,Power
2020-12-28,Shaanxi,0.6431128377612336,Power
2020-12-29,Shaanxi,0.637253875514909,Power
2020-12-30,Shaanxi,0.6435310532481766,Power
2020-12-31,Shaanxi,0.6396763689958808,Power
2020-12-01,Qinghai,0.12116987325229707,Power
2020-12-02,Qinghai,0.12514251381521924,Power
2020-12-03,Qinghai,0.12712922828605946,Power
2020-12-04,Qinghai,0.12514251381521924,Power
2020-12-05,Qinghai,0.12017651601687694,Power
2020-12-06,Qinghai,0.12712922828605946,Power
2020-12-07,Qinghai,0.12712922828605946,Power
2020-12-08,Qinghai,0.12116987325229707,Power
2020-12-09,Qinghai,0.12613587105063934,Power
2020-12-10,Qinghai,0.12216323048771717,Power
2020-12-11,Qinghai,0.12712922828605946,Power
2020-12-12,Qinghai,0.12414915657979914,Power
2020-12-13,Qinghai,0.12017651601687694,Power
2020-12-14,Qinghai,0.11918315878145684,Power
2020-12-15,Qinghai,0.12712922828605946,Power
2020-12-16,Qinghai,0.12315658772313727,Power
2020-12-17,Qinghai,0.12414915657979914,Power
2020-12-18,Qinghai,0.12514251381521924,Power
2020-12-19,Qinghai,0.12613587105063934,Power
2020-12-20,Qinghai,0.12812258552147957,Power
2020-12-21,Qinghai,0.11918315878145684,Power
2020-12-22,Qinghai,0.12537823906394194,Power
2020-12-23,Qinghai,0.12669719672652752,Power
2020-12-24,Qinghai,0.12750843846878732,Power
2020-12-25,Qinghai,0.12737441407988143,Power
2020-12-26,Qinghai,0.1265276952934995,Power
2020-12-27,Qinghai,0.1283133731809809,Power
2020-12-28,Qinghai,0.12850731435551532,Power
2020-12-29,Qinghai,0.1273365718994845,Power
2020-12-30,Qinghai,0.12859088250389192,Power
2020-12-31,Qinghai,0.12782063645706218,Power
2020-12-01,Heilongjiang,0.20037903347714411,Power
2020-12-02,Heilongjiang,0.20694860275195023,Power
2020-12-03,Heilongjiang,0.21023403926167666,Power
2020-12-04,Heilongjiang,0.20694860275195023,Power
2020-12-05,Heilongjiang,0.19873631522228088,Power
2020-12-06,Heilongjiang,0.21023403926167666,Power
2020-12-07,Heilongjiang,0.21023403926167666,Power
2020-12-08,Heilongjiang,0.20037903347714411,Power
2020-12-09,Heilongjiang,0.20859132100681343,Power
2020-12-10,Heilongjiang,0.20202175173200732,Power
2020-12-11,Heilongjiang,0.21023403926167666,Power
2020-12-12,Heilongjiang,0.20530588449708703,Power
2020-12-13,Heilongjiang,0.19873631522228088,Power
2020-12-14,Heilongjiang,0.19709359696741768,Power
2020-12-15,Heilongjiang,0.21023403926167666,Power
2020-12-16,Heilongjiang,0.20366446998687052,Power
2020-12-17,Heilongjiang,0.20530588449708703,Power
2020-12-18,Heilongjiang,0.20694860275195023,Power
2020-12-19,Heilongjiang,0.20859132100681343,Power
2020-12-20,Heilongjiang,0.21187675751653987,Power
2020-12-21,Heilongjiang,0.19709359696741768,Power
2020-12-22,Heilongjiang,0.20733842240131856,Power
2020-12-23,Heilongjiang,0.2095195871952758,Power
2020-12-24,Heilongjiang,0.21086114043674747,Power
2020-12-25,Heilongjiang,0.21063950384680563,Power
2020-12-26,Heilongjiang,0.20923928209623172,Power
2020-12-27,Heilongjiang,0.21219226372104535,Power
2020-12-28,Heilongjiang,0.21251298490413773,Power
2020-12-29,Heilongjiang,0.21057692410376325,Power
2020-12-30,Heilongjiang,0.21265118183668968,Power
2020-12-31,Heilongjiang,0.2113774233168473,Power
2020-01-01,Shanghai,0.1262381645074908,Power
2020-01-02,Shanghai,0.13537060412084495,Power
2020-01-03,Shanghai,0.13526628660562867,Power
2020-01-04,Shanghai,0.13363353121121666,Power
2020-01-05,Shanghai,0.12892154630515254,Power
2020-01-06,Shanghai,0.13091009893896294,Power
2020-01-07,Shanghai,0.1288814958305606,Power
2020-01-08,Shanghai,0.13086166580689826,Power
2020-01-09,Shanghai,0.13546747038497434,Power
2020-01-10,Shanghai,0.1315238957472445,Power
2020-01-11,Shanghai,0.12953627451981994,Power
2020-01-12,Shanghai,0.12444427580832512,Power
2020-01-13,Shanghai,0.12838785044605497,Power
2020-01-14,Shanghai,0.12623071325640395,Power
2020-01-15,Shanghai,0.12937420980868036,Power
2020-01-16,Shanghai,0.12867099798735632,Power
2020-01-17,Shanghai,0.12336105018157031,Power
2020-01-18,Shanghai,0.11483495612541085,Power
2020-01-19,Shanghai,0.1095492248856572,Power
2020-01-20,Shanghai,0.1068099587048439,Power
2020-01-21,Shanghai,0.10238112134008118,Power
2020-01-22,Shanghai,0.1009346472228411,Power
2020-01-23,Shanghai,0.09709539010032753,Power
2020-01-24,Shanghai,0.09590691555197058,Power
2020-01-25,Shanghai,0.0914218212415019,Power
2020-01-26,Shanghai,0.08954690018676638,Power
2020-01-27,Shanghai,0.09152688388182686,Power
2020-01-28,Shanghai,0.09191481464153743,Power
2020-01-29,Shanghai,0.08799517714792417,Power
2020-01-30,Shanghai,0.08753450354947796,Power
2020-01-31,Shanghai,0.08439063443464724,Power
2020-01-01,Yunnan,0.01861894235434695,Power
2020-01-02,Yunnan,0.01996589133272429,Power
2020-01-03,Yunnan,0.019950505480039103,Power
2020-01-04,Yunnan,0.019709689410778983,Power
2020-01-05,Yunnan,0.019014715939936457,Power
2020-01-06,Yunnan,0.01930800875674784,Power
2020-01-07,Yunnan,0.019008808871494826,Power
2020-01-08,Yunnan,0.019300865325144002,Power
2020-01-09,Yunnan,0.01998017819593196,Power
2020-01-10,Yunnan,0.019398538014958007,Power
2020-01-11,Yunnan,0.019105382571831312,Power
2020-01-12,Yunnan,0.01835436063763561,Power
2020-01-13,Yunnan,0.018936000818609564,Power
2020-01-14,Yunnan,0.01861784336486944,Power
2020-01-15,Yunnan,0.019081479550695397,Power
2020-01-16,Yunnan,0.01897776241875507,Power
2020-01-17,Yunnan,0.0181945950423421,Power
2020-01-18,Yunnan,0.016937076332697417,Power
2020-01-19,Yunnan,0.016157480672086364,Power
2020-01-20,Yunnan,0.01575346466541551,Power
2020-01-21,Yunnan,0.015100252794718499,Power
2020-01-22,Yunnan,0.014886911462396214,Power
2020-01-23,Yunnan,0.014320657134107446,Power
2020-01-24,Yunnan,0.014145368312444062,Power
2020-01-25,Yunnan,0.01348385907119182,Power
2020-01-26,Yunnan,0.013207325843912519,Power
2020-01-27,Yunnan,0.01349935482282476,Power
2020-01-28,Yunnan,0.0135565709624978,Power
2020-01-29,Yunnan,0.012978461285220356,Power
2020-01-30,Yunnan,0.012910516260773093,Power
2020-01-31,Yunnan,0.012446825125473262,Power
2020-01-01,InnerMongolia,0.9614531734485442,Power
2020-01-02,InnerMongolia,1.0310075200428779,Power
2020-01-03,InnerMongolia,1.0302130185825447,Power
2020-01-04,InnerMongolia,1.0177776519757251,Power
2020-01-05,InnerMongolia,0.9818903047630037,Power
2020-01-06,InnerMongolia,0.997035488850602,Power
2020-01-07,InnerMongolia,0.9815852729523402,Power
2020-01-08,InnerMongolia,0.9966666131725902,Power
2020-01-09,InnerMongolia,1.031745271398901,Power
2020-01-10,InnerMongolia,1.0017102786930974,Power
2020-01-11,InnerMongolia,0.9865721883685377,Power
2020-01-12,InnerMongolia,0.9477905858360317,Power
2020-01-13,InnerMongolia,0.9778255785418356,Power
2020-01-14,InnerMongolia,0.9613964233442347,Power
2020-01-15,InnerMongolia,0.985337873599806,Power
2020-01-16,InnerMongolia,0.9799820825055967,Power
2020-01-17,InnerMongolia,0.9395405394220379,Power
2020-01-18,InnerMongolia,0.8746042325658901,Power
2020-01-19,InnerMongolia,0.8343471273213371,Power
2020-01-20,InnerMongolia,0.8134843702245564,Power
2020-01-21,InnerMongolia,0.7797535269755963,Power
2020-01-22,InnerMongolia,0.7687369129765143,Power
2020-01-23,InnerMongolia,0.7394964217310432,Power
2020-01-24,InnerMongolia,0.7304447800936777,Power
2020-01-25,InnerMongolia,0.6962854735571806,Power
2020-01-26,InnerMongolia,0.6820057285603023,Power
2020-01-27,InnerMongolia,0.6970856500279446,Power
2020-01-28,InnerMongolia,0.7000402023335581,Power
2020-01-29,InnerMongolia,0.6701875193378485,Power
2020-01-30,InnerMongolia,0.6666789441389135,Power
2020-01-31,InnerMongolia,0.642734656378127,Power
2020-01-01,Beijing,0.07957048045288659,Power
2020-01-02,Beijing,0.08532684272713718,Power
2020-01-03,Beijing,0.08526108927739562,Power
2020-01-04,Beijing,0.08423193037206554,Power
2020-01-05,Beijing,0.08126187053061386,Power
2020-01-06,Beijing,0.08251529566631248,Power
2020-01-07,Beijing,0.0812366259025881,Power
2020-01-08,Beijing,0.08248476727893247,Power
2020-01-09,Beijing,0.0853878995018972,Power
2020-01-10,Beijing,0.0829021842679169,Power
2020-01-11,Beijing,0.08164934621659097,Power
2020-01-12,Beijing,0.07843975595108071,Power
2020-01-13,Beijing,0.08092547118506103,Power
2020-01-14,Beijing,0.07956578377790505,Power
2020-01-15,Beijing,0.08154719353574245,Power
2020-01-16,Beijing,0.08110394483435956,Power
2020-01-17,Beijing,0.07775697682563927,Power
2020-01-18,Beijing,0.07238280647801154,Power
2020-01-19,Beijing,0.06905110266298123,Power
2020-01-20,Beijing,0.06732448752289241,Power
2020-01-21,Beijing,0.06453290133073927,Power
2020-01-22,Beijing,0.06362115929994773,Power
2020-01-23,Beijing,0.061201197515708974,Power
2020-01-24,Beijing,0.060452077856153266,Power
2020-01-25,Beijing,0.05762503176788949,Power
2020-01-26,Beijing,0.05644323092565936,Power
2020-01-27,Beijing,0.05769125488512921,Power
2020-01-28,Beijing,0.05793577552635567,Power
2020-01-29,Beijing,0.05546514836075355,Power
2020-01-30,Beijing,0.055174776430019806,Power
2020-01-31,Beijing,0.053193131838433334,Power
2020-01-01,Jilin,0.15806701153582225,Power
2020-01-02,Jilin,0.16950204343244485,Power
2020-01-03,Jilin,0.1693714239961958,Power
2020-01-04,Jilin,0.16732699656990518,Power
2020-01-05,Jilin,0.16142696328433523,Power
2020-01-06,Jilin,0.16391689628783232,Power
2020-01-07,Jilin,0.16137681475077534,Power
2020-01-08,Jilin,0.16385625154957387,Power
2020-01-09,Jilin,0.16962333290896175,Power
2020-01-10,Jilin,0.1646854517207619,Power
2020-01-11,Jilin,0.1621966849622313,Power
2020-01-12,Jilin,0.1558208237303256,Power
2020-01-13,Jilin,0.16075870491852548,Power
2020-01-14,Jilin,0.15805768157609018,Power
2020-01-15,Jilin,0.1619937583380587,Power
2020-01-16,Jilin,0.16111324338834426,Power
2020-01-17,Jilin,0.1544644808342754,Power
2020-01-18,Jilin,0.14378867441085033,Power
2020-01-19,Jilin,0.1371702342259107,Power
2020-01-20,Jilin,0.1337403077794072,Power
2020-01-21,Jilin,0.12819481296365604,Power
2020-01-22,Jilin,0.12638363453066728,Power
2020-01-23,Jilin,0.12157637277871641,Power
2020-01-24,Jilin,0.1200882442014507,Power
2020-01-25,Jilin,0.11447230818972236,Power
2020-01-26,Jilin,0.11212465707213938,Power
2020-01-27,Jilin,0.1146038606219446,Power
2020-01-28,Jilin,0.11508960165049568,Power
2020-01-29,Jilin,0.11018169295793508,Power
2020-01-30,Jilin,0.10960486819749964,Power
2020-01-31,Jilin,0.10566832493754455,Power
2020-01-01,Sichuan,0.0721281422885622,Power
2020-01-02,Sichuan,0.07734610396000761,Power
2020-01-03,Sichuan,0.07728650052225117,Power
2020-01-04,Sichuan,0.07635360028665261,Power
2020-01-05,Sichuan,0.07366133429013631,Power
2020-01-06,Sichuan,0.07479752482236843,Power
2020-01-07,Sichuan,0.07363845082742626,Power
2020-01-08,Sichuan,0.0747698517976958,Power
2020-01-09,Sichuan,0.07740145000935286,Power
2020-01-10,Sichuan,0.07514822719273892,Power
2020-01-11,Sichuan,0.0740125688340582,Power
2020-01-12,Sichuan,0.07110317602857202,Power
2020-01-13,Sichuan,0.07335639884518597,Power
2020-01-14,Sichuan,0.07212388490015102,Power
2020-01-15,Sichuan,0.07391997063611515,Power
2020-01-16,Sichuan,0.0735181796048106,Power
2020-01-17,Sichuan,0.07048425818829757,Power
2020-01-18,Sichuan,0.06561274149881147,Power
2020-01-19,Sichuan,0.06259265659463474,Power
2020-01-20,Sichuan,0.061027534179976826,Power
2020-01-21,Sichuan,0.058497048943085155,Power
2020-01-22,Sichuan,0.057670583417765965,Power
2020-01-23,Sichuan,0.05547696403890844,Power
2020-01-24,Sichuan,0.05479791058732616,Power
2020-01-25,Sichuan,0.05223528206793011,Power
2020-01-26,Sichuan,0.0511640167089684,Power
2020-01-27,Sichuan,0.052295311244527666,Power
2020-01-28,Sichuan,0.05251696152868443,Power
2020-01-29,Sichuan,0.05027741557234137,Power
2020-01-30,Sichuan,0.05001420253382052,Power
2020-01-31,Sichuan,0.04821790392843585,Power
2020-01-01,Tianjin,0.15284133106496364,Power
2020-01-02,Tianjin,0.16389832188720124,Power
2020-01-03,Tianjin,0.1637720207171767,Power
2020-01-04,Tianjin,0.16179518186848904,Power
2020-01-05,Tianjin,0.1560902031260413,Power
2020-01-06,Tianjin,0.15849781917963407,Power
2020-01-07,Tianjin,0.15604171249826404,Power
2020-01-08,Tianjin,0.15843917935069413,Power
2020-01-09,Tianjin,0.16401560154508113,Power
2020-01-10,Tianjin,0.15924096624254636,Power
2020-01-11,Tianjin,0.15683447787797164,Power
2020-01-12,Tianjin,0.1506694020161488,Power
2020-01-13,Tianjin,0.15544403731868364,Power
2020-01-14,Tianjin,0.15283230955281904,Power
2020-01-15,Tianjin,0.15663825998882636,Power
2020-01-16,Tianjin,0.1557868547801788,Power
2020-01-17,Tianjin,0.14935789968812613,Power
2020-01-18,Tianjin,0.1390350344166562,Power
2020-01-19,Tianjin,0.13263539923907353,Power
2020-01-20,Tianjin,0.1293188658369113,Power
2020-01-21,Tianjin,0.12395670455595877,Power
2020-01-22,Tianjin,0.12220540351088637,Power
2020-01-23,Tianjin,0.11755706937837608,Power
2020-01-24,Tianjin,0.1161181381913108,Power
2020-01-25,Tianjin,0.11068786449366644,Power
2020-01-26,Tianjin,0.10841782650027897,Power
2020-01-27,Tianjin,0.11081506781490544,Power
2020-01-28,Tianjin,0.11128475029093421,Power
2020-01-29,Tianjin,0.10653909659616395,Power
2020-01-30,Tianjin,0.10598134160782344,Power
2020-01-31,Tianjin,0.1021749400962089,Power
2020-01-01,Ningxia,0.26686823284308897,Power
2020-01-02,Ningxia,0.28617426466532303,Power
2020-01-03,Ningxia,0.28595373681584924,Power
2020-01-04,Ningxia,0.2825020821718537,Power
2020-01-05,Ningxia,0.2725409179710702,Power
2020-01-06,Ningxia,0.2767447301016637,Power
2020-01-07,Ningxia,0.27245625102886156,Power
2020-01-08,Ningxia,0.2766423421715509,Power
2020-01-09,Ningxia,0.2863790405255486,Power
2020-01-10,Ningxia,0.27804230021597814,Power
2020-01-11,Ningxia,0.2738404570840406,Power
2020-01-12,Ningxia,0.26307594143160273,Power
2020-01-13,Ningxia,0.2714126817411732,Power
2020-01-14,Ningxia,0.26685248085384083,Power
2020-01-15,Ningxia,0.27349785131789384,Power
2020-01-16,Ningxia,0.272011257332602,Power
2020-01-17,Ningxia,0.26078599599465646,Power
2020-01-18,Ningxia,0.24276178229748865,Power
2020-01-19,Ningxia,0.2315877149245995,Power
2020-01-20,Ningxia,0.22579688987725732,Power
2020-01-21,Ningxia,0.21643430126790264,Power
2020-01-22,Ningxia,0.21337644635511024,Power
2020-01-23,Ningxia,0.2052602338950135,Power
2020-01-24,Ningxia,0.20274779160993747,Power
2020-01-25,Ningxia,0.1932662754817594,Power
2020-01-26,Ningxia,0.18930268118719978,Power
2020-01-27,Ningxia,0.19348837853015796,Power
2020-01-28,Ningxia,0.19430846647038852,Power
2020-01-29,Ningxia,0.1860223294262776,Power
2020-01-30,Ningxia,0.18504846269101224,Power
2020-01-31,Ningxia,0.17840230462749684,Power
2020-01-01,Anhui,0.4780466246532209,Power
2020-01-02,Anhui,0.5126299216224528,Power
2020-01-03,Anhui,0.5122348854918506,Power
2020-01-04,Anhui,0.5060518646262654,Power
2020-01-05,Anhui,0.4882082236912991,Power
2020-01-06,Anhui,0.49573859993090236,Power
2020-01-07,Anhui,0.48805655803401443,Power
2020-01-08,Anhui,0.4955551902988371,Power
2020-01-09,Anhui,0.5129967408865832,Power
2020-01-10,Anhui,0.49806296430649893,Power
2020-01-11,Anhui,0.4905361151752046,Power
2020-01-12,Anhui,0.4712534140501878,Power
2020-01-13,Anhui,0.48618719063027216,Power
2020-01-14,Anhui,0.4780184077867493,Power
2020-01-15,Anhui,0.4899223983294477,Power
2020-01-16,Anhui,0.4872594315561922,Power
2020-01-17,Anhui,0.46715138708688164,Power
2020-01-18,Anhui,0.43486423762677473,Power
2020-01-19,Anhui,0.41484789797349675,Power
2020-01-20,Anhui,0.4044746724368817,Power
2020-01-21,Anhui,0.38770327242783564,Power
2020-01-22,Anhui,0.38222567322403994,Power
2020-01-23,Anhui,0.36768693277455766,Power
2020-01-24,Anhui,0.36318634257234045,Power
2020-01-25,Anhui,0.34620190522143385,Power
2020-01-26,Anhui,0.33910183619552225,Power
2020-01-27,Anhui,0.3465997630386832,Power
2020-01-28,Anhui,0.3480688036493599,Power
2020-01-29,Anhui,0.3332256737528154,Power
2020-01-30,Anhui,0.3314811659832099,Power
2020-01-31,Anhui,0.319575764597188,Power
2020-01-01,Shandong,1.165156484735512,Power
2020-01-02,Shandong,1.2494473271956272,Power
2020-01-03,Shandong,1.2484844945229567,Power
2020-01-04,Shandong,1.2334144438516073,Power
2020-01-05,Shandong,1.1899236358958987,Power
2020-01-06,Shandong,1.2082776337186774,Power
2020-01-07,Shandong,1.1895539769233556,Power
2020-01-08,Shandong,1.207830604263509,Power
2020-01-09,Shandong,1.2503413861059638,Power
2020-01-10,Shandong,1.2139428723909078,Power
2020-01-11,Shandong,1.1955974712884205,Power
2020-01-12,Shandong,1.1485992014536985,Power
2020-01-13,Shandong,1.184997715168755,Power
2020-01-14,Shandong,1.1650877109731783,Power
2020-01-15,Shandong,1.1941016419576647,Power
2020-01-16,Shandong,1.1876111181374316,Power
2020-01-17,Shandong,1.1386012157544518,Power
2020-01-18,Shandong,1.0599068382042331,Power
2020-01-19,Shandong,1.0111204505488376,Power
2020-01-20,Shandong,0.985837496170949,Power
2020-01-21,Shandong,0.9449600911839173,Power
2020-01-22,Shandong,0.9316093845709078,Power
2020-01-23,Shandong,0.8961737035285218,Power
2020-01-24,Shandong,0.885204288436313,Power
2020-01-25,Shandong,0.8438076415436624,Power
2020-01-26,Shandong,0.8265024435964711,Power
2020-01-27,Shandong,0.8447773515925662,Power
2020-01-28,Shandong,0.8483578855940591,Power
2020-01-29,Shandong,0.8121803075904994,Power
2020-01-30,Shandong,0.8079283697342248,Power
2020-01-31,Shandong,0.778911000061622,Power
2020-01-01,Shanxi,0.5775653872293571,Power
2020-01-02,Shanxi,0.6193481637947009,Power
2020-01-03,Shanxi,0.6188708898553517,Power
2020-01-04,Shanxi,0.6114007004296457,Power
2020-01-05,Shanxi,0.5898424070442225,Power
2020-01-06,Shanxi,0.5989404415130658,Power
2020-01-07,Shanxi,0.5896591679425082,Power
2020-01-08,Shanxi,0.5987188500412252,Power
2020-01-09,Shanxi,0.6197913467383821,Power
2020-01-10,Shanxi,0.6017486872812007,Power
2020-01-11,Shanxi,0.5926549141868158,Power
2020-01-12,Shanxi,0.5693579800223351,Power
2020-01-13,Shanxi,0.5874006394795166,Power
2020-01-14,Shanxi,0.5775312962336894,Power
2020-01-15,Shanxi,0.5919134350310412,Power
2020-01-16,Shanxi,0.5886960973148929,Power
2020-01-17,Shanxi,0.564402001527129,Power
2020-01-18,Shanxi,0.5253933797342525,Power
2020-01-19,Shanxi,0.5012100796824089,Power
2020-01-20,Shanxi,0.48867737740003514,Power
2020-01-21,Shanxi,0.4684145418499884,Power
2020-01-22,Shanxi,0.4617966273159773,Power
2020-01-23,Shanxi,0.44423124179814494,Power
2020-01-24,Shanxi,0.4387937279891313,Power
2020-01-25,Shanxi,0.4182735054217926,Power
2020-01-26,Shanxi,0.4096953586368832,Power
2020-01-27,Shanxi,0.41875418846070855,Power
2020-01-28,Shanxi,0.42052905092266324,Power
2020-01-29,Shanxi,0.4025959087890645,Power
2020-01-30,Shanxi,0.40048823298190295,Power
2020-01-31,Shanxi,0.3861043896347678,Power
2020-01-01,Guangdong,0.3429352809000991,Power
2020-01-02,Guangdong,0.3677442264066139,Power
2020-01-03,Guangdong,0.3674608401856318,Power
2020-01-04,Guangdong,0.36302533978043844,Power
2020-01-05,Guangdong,0.3502248853880409,Power
2020-01-06,Guangdong,0.3556269352255125,Power
2020-01-07,Guangdong,0.3501160853210567,Power
2020-01-08,Guangdong,0.35549536305148505,Power
2020-01-09,Guangdong,0.36800737075466866,Power
2020-01-10,Guangdong,0.3572943595078984,Power
2020-01-11,Guangdong,0.3518948399045427,Power
2020-01-12,Guangdong,0.33806204999285316,Power
2020-01-13,Guangdong,0.3487750612396235,Power
2020-01-14,Guangdong,0.34291503902717185,Power
2020-01-15,Guangdong,0.351454579168374,Power
2020-01-16,Guangdong,0.3495442524108607,Power
2020-01-17,Guangdong,0.33511938771604777,Power
2020-01-18,Guangdong,0.31195762461899157,Power
2020-01-19,Guangdong,0.2975985460111924,Power
2020-01-20,Guangdong,0.2901571274762959,Power
2020-01-21,Guangdong,0.2781258642551356,Power
2020-01-22,Guangdong,0.27419641067312467,Power
2020-01-23,Guangdong,0.2637667856473364,Power
2020-01-24,Guangdong,0.260538206915433,Power
2020-01-25,Guangdong,0.24835411755367154,Power
2020-01-26,Guangdong,0.2432607562783412,Power
2020-01-27,Guangdong,0.24863952796194638,Power
2020-01-28,Guangdong,0.24969337047122364,Power
2020-01-29,Guangdong,0.23904538624123223,Power
2020-01-30,Guangdong,0.23779393244750227,Power
2020-01-31,Guangdong,0.22925338021265376,Power
2020-01-01,Guangxi,0.17657299275217134,Power
2020-01-02,Guangxi,0.18934680168665355,Power
2020-01-03,Guangxi,0.18920088974369972,Power
2020-01-04,Guangxi,0.18691710727943178,Power
2020-01-05,Guangxi,0.18032631692761686,Power
2020-01-06,Guangxi,0.18310776334017365,Power
2020-01-07,Guangxi,0.18027029716380424,Power
2020-01-08,Guangxi,0.18304001850951654,Power
2020-01-09,Guangxi,0.18948229134796774,Power
2020-01-10,Guangxi,0.18396629879023219,Power
2020-01-11,Guangxi,0.18118615516288034,Power
2020-01-12,Guangxi,0.174063828447448,Power
2020-01-13,Guangxi,0.17957982100518358,Power
2020-01-14,Guangxi,0.17656257047053178,Power
2020-01-15,Guangxi,0.18095947053721995,Power
2020-01-16,Guangxi,0.17997586770748675,Power
2020-01-17,Guangxi,0.1725486892540974,Power
2020-01-18,Guangxi,0.16062299348803416,Power
2020-01-19,Guangxi,0.15322968744997334,Power
2020-01-20,Guangxi,0.14939819616223118,Power
2020-01-21,Guangxi,0.14320345251271943,Power
2020-01-22,Guangxi,0.14118022708944042,Power
2020-01-23,Guangxi,0.1358101464746586,Power
2020-01-24,Guangxi,0.13414779255314926,Power
2020-01-25,Guangxi,0.12787436067725885,Power
2020-01-26,Guangxi,0.1252518540597053,Power
2020-01-27,Guangxi,0.12802131484837662,Power
2020-01-28,Guangxi,0.12856392488623605,Power
2020-01-29,Guangxi,0.12308141390826753,Power
2020-01-30,Guangxi,0.12243705634590192,Power
2020-01-31,Guangxi,0.1180396351651318,Power
2020-01-01,Xinjiang,0.6221539314976234,Power
2020-01-02,Xinjiang,0.6671623743229764,Power
2020-01-03,Xinjiang,0.6666482544253283,Power
2020-01-04,Xinjiang,0.6586013599558899,Power
2020-01-05,Xinjiang,0.6353787477933747,Power
2020-01-06,Xinjiang,0.6451791583422914,Power
2020-01-07,Xinjiang,0.6351813624755278,Power
2020-01-08,Xinjiang,0.6449404598183834,Power
2020-01-09,Xinjiang,0.6676397713707923,Power
2020-01-10,Xinjiang,0.6482042030972031,Power
2020-01-11,Xinjiang,0.6384083829045153,Power
2020-01-12,Xinjiang,0.6133129054005679,Power
2020-01-13,Xinjiang,0.6327484736741573,Power
2020-01-14,Xinjiang,0.6221172086477914,Power
2020-01-15,Xinjiang,0.6376096609206692,Power
2020-01-16,Xinjiang,0.6341439419677736,Power
2020-01-17,Xinjiang,0.60797432110624,Power
2020-01-18,Xinjiang,0.5659542001859666,Power
2020-01-19,Xinjiang,0.5399039285863871,Power
2020-01-20,Xinjiang,0.5264036909168958,Power
2020-01-21,Xinjiang,0.504576547047997,Power
2020-01-22,Xinjiang,0.49744772382435876,Power
2020-01-23,Xinjiang,0.4785262754484174,Power
2020-01-24,Xinjiang,0.4726689809002124,Power
2020-01-25,Xinjiang,0.45056457951508194,Power
2020-01-26,Xinjiang,0.4413241924261033,Power
2020-01-27,Xinjiang,0.4510823716977132,Power
2020-01-28,Xinjiang,0.45299425506709207,Power
2020-01-29,Xinjiang,0.433676658948588,Power
2020-01-30,Xinjiang,0.4314062687577242,Power
2020-01-31,Xinjiang,0.41591198034235494,Power
2020-01-01,Jiangsu,0.7305998982114765,Power
2020-01-02,Jiangsu,0.7834536408016824,Power
2020-01-03,Jiangsu,0.7828499060571538,Power
2020-01-04,Jiangsu,0.7734003792075228,Power
2020-01-05,Jiangsu,0.746129896416717,Power
2020-01-06,Jiangsu,0.7576385899842937,Power
2020-01-07,Jiangsu,0.7458981053987285,Power
2020-01-08,Jiangsu,0.7573582845671911,Power
2020-01-09,Jiangsu,0.7840142516358873,Power
2020-01-10,Jiangsu,0.7611909220971899,Power
2020-01-11,Jiangsu,0.7496876190184035,Power
2020-01-12,Jiangsu,0.7202178168011008,Power
2020-01-13,Jiangsu,0.7430411463397983,Power
2020-01-14,Jiangsu,0.7305567743011531,Power
2020-01-15,Jiangsu,0.7487496739688679,Power
2020-01-16,Jiangsu,0.7446798549320903,Power
2020-01-17,Jiangsu,0.7139486783378259,Power
2020-01-18,Jiangsu,0.6646041439501927,Power
2020-01-19,Jiangsu,0.6340131200644796,Power
2020-01-20,Jiangsu,0.6181596925318131,Power
2020-01-21,Jiangsu,0.5925279183332993,Power
2020-01-22,Jiangsu,0.5841564892417553,Power
2020-01-23,Jiangsu,0.5619368944475862,Power
2020-01-24,Jiangsu,0.5550586307509924,Power
2020-01-25,Jiangsu,0.5291012710295363,Power
2020-01-26,Jiangsu,0.5182502170943926,Power
2020-01-27,Jiangsu,0.5297093181650973,Power
2020-01-28,Jiangsu,0.531954456746313,Power
2020-01-29,Jiangsu,0.5092696627695295,Power
2020-01-30,Jiangsu,0.5066035270137809,Power
2020-01-31,Jiangsu,0.48840847115054986,Power
2020-01-01,Jiangxi,0.17515852285028477,Power
2020-01-02,Jiangxi,0.18783000487741466,Power
2020-01-03,Jiangxi,0.1876852617884765,Power
2020-01-04,Jiangxi,0.1854197739767928,Power
2020-01-05,Jiangxi,0.17888178034341695,Power
2020-01-06,Jiangxi,0.1816409454763004,Power
2020-01-07,Jiangxi,0.1788262093360568,Power
2020-01-08,Jiangxi,0.18157374332786486,Power
2020-01-09,Jiangxi,0.18796440917428575,Power
2020-01-10,Jiangxi,0.18249260347282045,Power
2020-01-11,Jiangxi,0.17973473068894535,Power
2020-01-12,Jiangxi,0.17266945866015201,Power
2020-01-13,Jiangxi,0.17814126436161734,Power
2020-01-14,Jiangxi,0.17514818405821778,Power
2020-01-15,Jiangxi,0.17950986196148785,Power
2020-01-16,Jiangxi,0.17853413846016375,Power
2020-01-17,Jiangxi,0.17116645676341033,Power
2020-01-18,Jiangxi,0.15933629394073348,Power
2020-01-19,Jiangxi,0.15200221331819785,Power
2020-01-20,Jiangxi,0.1482014148845631,Power
2020-01-21,Jiangxi,0.14205629534973369,Power
2020-01-22,Jiangxi,0.14004927733972528,Power
2020-01-23,Jiangxi,0.13472221472719806,Power
2020-01-24,Jiangxi,0.13307317739250987,Power
2020-01-25,Jiangxi,0.1268499999775745,Power
2020-01-26,Jiangxi,0.12424850142371299,Power
2020-01-27,Jiangxi,0.12699577694571937,Power
2020-01-28,Jiangxi,0.12753404030770812,Power
2020-01-29,Jiangxi,0.12209544797575804,Power
2020-01-30,Jiangxi,0.12145625215621511,Power
2020-01-31,Jiangxi,0.11709405731334169,Power
2020-01-01,Hebei,0.7778356621919542,Power
2020-01-02,Hebei,0.8341065786916934,Power
2020-01-03,Hebei,0.8334638104461073,Power
2020-01-04,Hebei,0.8234033396022478,Power
2020-01-05,Hebei,0.7943697275092156,Power
2020-01-06,Hebei,0.8066224971906988,Power
2020-01-07,Hebei,0.7941229504149283,Power
2020-01-08,Hebei,0.8063240690766768,Power
2020-01-09,Hebei,0.8347034349197373,Power
2020-01-10,Hebei,0.8104044996357095,Power
2020-01-11,Hebei,0.7981574689564189,Power
2020-01-12,Hebei,0.7667823439687522,Power
2020-01-13,Hebei,0.7910812792527802,Power
2020-01-14,Hebei,0.7777897501744124,Power
2020-01-15,Hebei,0.7971588825748835,Power
2020-01-16,Hebei,0.7928259359193708,Power
2020-01-17,Hebei,0.7601078844186047,Power
2020-01-18,Hebei,0.7075730583463343,Power
2020-01-19,Hebei,0.6750042209025793,Power
2020-01-20,Hebei,0.658125815453754,Power
2020-01-21,Hebei,0.6308368600273127,Power
2020-01-22,Hebei,0.6219241896219996,Power
2020-01-23,Hebei,0.5982680225835576,Power
2020-01-24,Hebei,0.5909450557856313,Power
2020-01-25,Hebei,0.5633094646267488,Power
2020-01-26,Hebei,0.551756853212779,Power
2020-01-27,Hebei,0.563956824074089,Power
2020-01-28,Hebei,0.566347118487362,Power
2020-01-29,Hebei,0.5421956755596872,Power
2020-01-30,Hebei,0.5393571650751618,Power
2020-01-31,Hebei,0.5199857370738138,Power
2020-01-01,Henan,0.5546195421543085,Power
2020-01-02,Henan,0.5947423488892701,Power
2020-01-03,Henan,0.5942840363595081,Power
2020-01-04,Henan,0.5871106268535022,Power
2020-01-05,Henan,0.5664088135672024,Power
2020-01-06,Henan,0.5751453961657891,Power
2020-01-07,Henan,0.5662328542923831,Power
2020-01-08,Henan,0.5749326082055425,Power
2020-01-09,Henan,0.5951679248097631,Power
2020-01-10,Henan,0.577842074354299,Power
2020-01-11,Henan,0.5691095838318709,Power
2020-01-12,Henan,0.546738203472867,Power
2020-01-13,Henan,0.5640640539283311,Power
2020-01-14,Henan,0.5545868055450398,Power
2020-01-15,Henan,0.5683975625802764,Power
2020-01-16,Henan,0.5653080450805421,Power
2020-01-17,Henan,0.5419791189004284,Power
2020-01-18,Henan,0.5045202537447081,Power
2020-01-19,Henan,0.48129772154471767,Power
2020-01-20,Henan,0.46926292556230853,Power
2020-01-21,Henan,0.4498051034282197,Power
2020-01-22,Henan,0.44345010915393157,Power
2020-01-23,Henan,0.4265825712282293,Power
2020-01-24,Henan,0.4213610820498702,Power
2020-01-25,Henan,0.40165609851580253,Power
2020-01-26,Henan,0.3934187492085636,Power
2020-01-27,Henan,0.4021176847064913,Power
2020-01-28,Henan,0.4038220344265435,Power
2020-01-29,Henan,0.386601350328355,Power
2020-01-30,Henan,0.3845774094603171,Power
2020-01-31,Henan,0.3707650155946171,Power
2020-01-01,Zhejiang,0.2628098174648751,Power
2020-01-02,Zhejiang,0.28182225159807395,Power
2020-01-03,Zhejiang,0.2816050774396937,Power
2020-01-04,Zhejiang,0.2782059140500458,Power
2020-01-05,Zhejiang,0.2683962348782097,Power
2020-01-06,Zhejiang,0.27253611727233307,Power
2020-01-07,Zhejiang,0.2683128555138316,Power
2020-01-08,Zhejiang,0.27243528641308506,Power
2020-01-09,Zhejiang,0.28202391331656984,Power
2020-01-10,Zhejiang,0.27381395450780255,Power
2020-01-11,Zhejiang,0.26967601116866474,Power
2020-01-12,Zhejiang,0.25907519756272923,Power
2020-01-13,Zhejiang,0.2672851563714965,Power
2020-01-14,Zhejiang,0.2627943050249908,Power
2020-01-15,Zhejiang,0.2693386156011811,Power
2020-01-16,Zhejiang,0.2678746290871,Power
2020-01-17,Zhejiang,0.25682007661454864,Power
2020-01-18,Zhejiang,0.23906996727693497,Power
2020-01-19,Zhejiang,0.22806583023400756,Power
2020-01-20,Zhejiang,0.2223630695215407,Power
2020-01-21,Zhejiang,0.21314286306530816,Power
2020-01-22,Zhejiang,0.21013151067276784,Power
2020-01-23,Zhejiang,0.20213872602238073,Power
2020-01-24,Zhejiang,0.19966449186083443,Power
2020-01-25,Zhejiang,0.19032716648347534,Power
2020-01-26,Zhejiang,0.1864238487975876,Power
2020-01-27,Zhejiang,0.190545891885844,Power
2020-01-28,Zhejiang,0.19135350828732053,Power
2020-01-29,Zhejiang,0.18319338319168152,Power
2020-01-30,Zhejiang,0.1822343265958345,Power
2020-01-31,Zhejiang,0.17568924039765,Power
2020-01-01,Hainan,0.03684661352055629,Power
2020-01-02,Hainan,0.03951220577030031,Power
2020-01-03,Hainan,0.03948175739376065,Power
2020-01-04,Hainan,0.039005185928814065,Power
2020-01-05,Hainan,0.03762984363493799,Power
2020-01-06,Hainan,0.03821026581272518,Power
2020-01-07,Hainan,0.0376181536332308,Power
2020-01-08,Hainan,0.03819612906647463,Power
2020-01-09,Hainan,0.03954047926280141,Power
2020-01-10,Hainan,0.03838942188540049,Power
2020-01-11,Hainan,0.03780927156811811,Power
2020-01-12,Hainan,0.03632301018827614,Power
2020-01-13,Hainan,0.03747406756567707,Power
2020-01-14,Hainan,0.03684443863651775,Power
2020-01-15,Hainan,0.03776196784027971,Power
2020-01-16,Hainan,0.03755671315914185,Power
2020-01-17,Hainan,0.03600683642117238,Power
2020-01-18,Hainan,0.03351822536006512,Power
2020-01-19,Hainan,0.03197541699522093,Power
2020-01-20,Hainan,0.031175875250550142,Power
2020-01-21,Hainan,0.029883178550138847,Power
2020-01-22,Hainan,0.029460979186155936,Power
2020-01-23,Hainan,0.02834037018529466,Power
2020-01-24,Hainan,0.027993476181146434,Power
2020-01-25,Hainan,0.026684359106244105,Power
2020-01-26,Hainan,0.02613710391004475,Power
2020-01-27,Hainan,0.026715024971187617,Power
2020-01-28,Hainan,0.026828254871444464,Power
2020-01-29,Hainan,0.025684184309017363,Power
2020-01-30,Hainan,0.025549722103334203,Power
2020-01-31,Hainan,0.024632084155370316,Power
2020-01-01,Hubei,0.2644076445762655,Power
2020-01-02,Hubei,0.2835356702159179,Power
2020-01-03,Hubei,0.2833171756854089,Power
2020-01-04,Hubei,0.279897346114138,Power
2020-01-05,Hubei,0.27002802620480587,Power
2020-01-06,Hubei,0.27419307819263433,Power
2020-01-07,Hubei,0.26994413991184263,Power
2020-01-08,Hubei,0.27409163430346944,Power
2020-01-09,Hubei,0.2837385579942477,Power
2020-01-10,Hubei,0.27547868440339734,Power
2020-01-11,Hubei,0.2713155832595913,Power
2020-01-12,Hubei,0.26065031898911917,Power
2020-01-13,Hubei,0.2689101925799695,Power
2020-01-14,Hubei,0.26439203782408627,Power
2020-01-15,Hubei,0.2709761363996933,Power
2020-01-16,Hubei,0.26950324916277973,Power
2020-01-17,Hubei,0.25838148739106553,Power
2020-01-18,Hubei,0.2405234612099969,Power
2020-01-19,Hubei,0.2294524213828651,Power
2020-01-20,Hubei,0.2237149891129806,Power
2020-01-21,Hubei,0.21443872578645876,Power
2020-01-22,Hubei,0.21140906501966833,Power
2020-01-23,Hubei,0.20336768595932694,Power
2020-01-24,Hubei,0.2008784089867419,Power
2020-01-25,Hubei,0.19148431468126692,Power
2020-01-26,Hubei,0.18755726566417155,Power
2020-01-27,Hubei,0.19170436988699388,Power
2020-01-28,Hubei,0.19251689642232434,Power
2020-01-29,Hubei,0.18430715952284968,Power
2020-01-30,Hubei,0.18334227206936962,Power
2020-01-31,Hubei,0.17675739315615366,Power
2020-01-01,Hunan,0.18584562877564986,Power
2020-01-02,Hunan,0.19929024743610843,Power
2020-01-03,Hunan,0.1991366730057187,Power
2020-01-04,Hunan,0.19673295893006504,Power
2020-01-05,Hunan,0.18979605675737155,Power
2020-01-06,Hunan,0.19272356933667587,Power
2020-01-07,Hunan,0.18973709514570408,Power
2020-01-08,Hunan,0.19265226692256635,Power
2020-01-09,Hunan,0.19943285226432744,Power
2020-01-10,Hunan,0.19362719031548695,Power
2020-01-11,Hunan,0.19070104893645393,Power
2020-01-12,Hunan,0.18320469705305498,Power
2020-01-13,Hunan,0.1890103590018955,Power
2020-01-14,Hunan,0.18583465917347916,Power
2020-01-15,Hunan,0.19046246008924128,Power
2020-01-16,Hunan,0.18942720388438192,Power
2020-01-17,Hunan,0.18160999113749013,Power
2020-01-18,Hunan,0.1690580238536719,Power
2020-01-19,Hunan,0.16127646231383488,Power
2020-01-20,Hunan,0.15724376231583298,Power
2020-01-21,Hunan,0.15072370502562593,Power
2020-01-22,Hunan,0.1485942310042397,Power
2020-01-23,Hunan,0.1429421434857889,Power
2020-01-24,Hunan,0.141192491939563,Power
2020-01-25,Hunan,0.13458961415296716,Power
2020-01-26,Hunan,0.13182938800676594,Power
2020-01-27,Hunan,0.13474428554357396,Power
2020-01-28,Hunan,0.1353153904565858,Power
2020-01-29,Hunan,0.12954496835471863,Power
2020-01-30,Hunan,0.1288667727005154,Power
2020-01-31,Hunan,0.12423842330464474,Power
2020-01-01,Gansu,0.23851171296973597,Power
2020-01-02,Gansu,0.2557663508541811,Power
2020-01-03,Gansu,0.2555692555514725,Power
2020-01-04,Gansu,0.25248436210818515,Power
2020-01-05,Gansu,0.2435816376760171,Power
2020-01-06,Gansu,0.2473387668838998,Power
2020-01-07,Gansu,0.24350596715801293,Power
2020-01-08,Gansu,0.2472472583504994,Power
2020-01-09,Gansu,0.2559493679209819,Power
2020-01-10,Gansu,0.24849846156680136,Power
2020-01-11,Gansu,0.2447430921384071,Power
2020-01-12,Gansu,0.23512237767494343,Power
2020-01-13,Gansu,0.24257328402912398,Power
2020-01-14,Gansu,0.2384976347338282,Power
2020-01-15,Gansu,0.24443689050741335,Power
2020-01-16,Gansu,0.24310825699361877,Power
2020-01-17,Gansu,0.2330757541298532,Power
2020-01-18,Gansu,0.21696673269240188,Power
2020-01-19,Gansu,0.20697998409533652,Power
2020-01-20,Gansu,0.20180447261974724,Power
2020-01-21,Gansu,0.19343672115207403,Power
2020-01-22,Gansu,0.19070378360648063,Power
2020-01-23,Gansu,0.18344997255500867,Power
2020-01-24,Gansu,0.18120449392772137,Power
2020-01-25,Gansu,0.17273045177894453,Power
2020-01-26,Gansu,0.1691880156686551,Power
2020-01-27,Gansu,0.1729289549052439,Power
2020-01-28,Gansu,0.17366190306219154,Power
2020-01-29,Gansu,0.16625622304086465,Power
2020-01-30,Gansu,0.16538583610586755,Power
2020-01-31,Gansu,0.15944587642048708,Power
2020-01-01,Fujian,0.1597335976007766,Power
2020-01-02,Fujian,0.17128919522851568,Power
2020-01-03,Fujian,0.17115719860084544,Power
2020-01-04,Fujian,0.16909121566954236,Power
2020-01-05,Fujian,0.16312897513933,Power
2020-01-06,Fujian,0.1656451608542941,Power
2020-01-07,Fujian,0.1630782978626352,Power
2020-01-08,Fujian,0.1655838767057329,Power
2020-01-09,Fujian,0.17141176352563803,Power
2020-01-10,Fujian,0.1664218195831753,Power
2020-01-11,Fujian,0.1639068124095297,Power
2020-01-12,Fujian,0.15746372702137576,Power
2020-01-13,Fujian,0.1624536709638385,Power
2020-01-14,Fujian,0.1597241692702287,Power
2020-01-15,Fujian,0.1637017462201134,Power
2020-01-16,Fujian,0.16281194752465775,Power
2020-01-17,Fujian,0.15609308346797846,Power
2020-01-18,Fujian,0.1453047162385727,Power
2020-01-19,Fujian,0.13861649425617398,Power
2020-01-20,Fujian,0.13515040423851152,Power
2020-01-21,Fujian,0.12954644026911843,Power
2020-01-22,Fujian,0.12771616560151222,Power
2020-01-23,Fujian,0.12285821828671972,Power
2020-01-24,Fujian,0.12135439956433369,Power
2020-01-25,Fujian,0.11567925169930414,Power
2020-01-26,Fujian,0.11330684802519514,Power
2020-01-27,Fujian,0.11581219116002918,Power
2020-01-28,Fujian,0.1163030536191779,Power
2020-01-29,Fujian,0.11134339818860021,Power
2020-01-30,Fujian,0.11076049165247785,Power
2020-01-31,Fujian,0.10678244328606579,Power
2020-01-01,Tibet,0.0012262013385567453,Power
2020-01-02,Tibet,0.001314908345046205,Power
2020-01-03,Tibet,0.0013138950676645812,Power
2020-01-04,Tibet,0.0012980354672182761,Power
2020-01-05,Tibet,0.001252266089775117,Power
2020-01-06,Tibet,0.0012715816898623167,Power
2020-01-07,Tibet,0.0012518770636375295,Power
2020-01-08,Tibet,0.0012711112396494202,Power
2020-01-09,Tibet,0.001315849245471998,Power
2020-01-10,Tibet,0.0012775437415988345,Power
2020-01-11,Tibet,0.0012582371886311133,Power
2020-01-12,Tibet,0.001208776586440611,Power
2020-01-13,Tibet,0.0012470820903137747,Power
2020-01-14,Tibet,0.001226128961600915,Power
2020-01-15,Tibet,0.001256662989841805,Power
2020-01-16,Tibet,0.0012498324146353245,Power
2020-01-17,Tibet,0.0011982547864867873,Power
2020-01-18,Tibet,0.0011154374547780149,Power
2020-01-19,Tibet,0.0010640950517359258,Power
2020-01-20,Tibet,0.0010374874733488275,Power
2020-01-21,Tibet,0.0009944684202272181,Power
2020-01-22,Tibet,0.0009804182436766696,Power
2020-01-23,Tibet,0.0009431260171851293,Power
2020-01-24,Tibet,0.0009315818927302031,Power
2020-01-25,Tibet,0.0008880163935920752,Power
2020-01-26,Tibet,0.0008698045420812867,Power
2020-01-27,Tibet,0.0008890369086692819,Power
2020-01-28,Tibet,0.0008928050339321947,Power
2020-01-29,Tibet,0.0008547320410296356,Power
2020-01-30,Tibet,0.0008502573357354299,Power
2020-01-31,Tibet,0.0008197196886467486,Power
2020-01-01,Guizhou,0.18822272402743143,Power
2020-01-02,Guizhou,0.20183930874052378,Power
2020-01-03,Guizhou,0.20168376998602439,Power
2020-01-04,Guizhou,0.19924931073033333,Power
2020-01-05,Guizhou,0.1922236807391519,Power
2020-01-06,Guizhou,0.19518863824679614,Power
2020-01-07,Guizhou,0.19216396496733518,Power
2020-01-08,Guizhou,0.1951164238250643,Power
2020-01-09,Guizhou,0.20198373758398744,Power
2020-01-10,Guizhou,0.19610381716835945,Power
2020-01-11,Guizhou,0.19314024839959462,Power
2020-01-12,Guizhou,0.18554801294559406,Power
2020-01-13,Guizhou,0.19142793336122207,Power
2020-01-14,Guizhou,0.18821161411639575,Power
2020-01-15,Guizhou,0.1928986078345688,Power
2020-01-16,Guizhou,0.19185010998057753,Power
2020-01-17,Guizhou,0.18393290962878361,Power
2020-01-18,Guizhou,0.1712203939262189,Power
2020-01-19,Guizhou,0.1633393007852909,Power
2020-01-20,Guizhou,0.15925501974080294,Power
2020-01-21,Guizhou,0.15265156636897698,Power
2020-01-22,Guizhou,0.15049485488917766,Power
2020-01-23,Guizhou,0.14477047322804898,Power
2020-01-24,Guizhou,0.14299844241785972,Power
2020-01-25,Guizhou,0.13631110921771442,Power
2020-01-26,Guizhou,0.1335155778533641,Power
2020-01-27,Guizhou,0.13646775896331734,Power
2020-01-28,Guizhou,0.1370461687066119,Power
2020-01-29,Guizhou,0.13120193888018594,Power
2020-01-30,Guizhou,0.13051506863040568,Power
2020-01-31,Guizhou,0.12582751941668088,Power
2020-01-01,Liaoning,0.3830070167663921,Power
2020-01-02,Liaoning,0.4107148693461279,Power
2020-01-03,Liaoning,0.4103983696532232,Power
2020-01-04,Liaoning,0.40544458428124186,Power
2020-01-05,Liaoning,0.391148406188342,Power
2020-01-06,Liaoning,0.3971816815843375,Power
2020-01-07,Liaoning,0.39102689291338755,Power
2020-01-08,Liaoning,0.39703473529834604,Power
2020-01-09,Liaoning,0.4110087619181107,Power
2020-01-10,Liaoning,0.39904394317026776,Power
2020-01-11,Liaoning,0.3930134936643875,Power
2020-01-12,Liaoning,0.3775643524044778,Power
2020-01-13,Liaoning,0.3895291711523208,Power
2020-01-14,Liaoning,0.38298440964547037,Power
2020-01-15,Liaoning,0.39252178878433913,Power
2020-01-16,Liaoning,0.39038824174734776,Power
2020-01-17,Liaoning,0.37427784220047644,Power
2020-01-18,Liaoning,0.3484096440857492,Power
2020-01-19,Liaoning,0.33237271768187365,Power
2020-01-20,Liaoning,0.3240617748530105,Power
2020-01-21,Liaoning,0.3106246673551378,Power
2020-01-22,Liaoning,0.3062360600062005,Power
2020-01-23,Liaoning,0.29458774095126217,Power
2020-01-24,Liaoning,0.290981905164241,Power
2020-01-25,Liaoning,0.2773741139034088,Power
2020-01-26,Liaoning,0.2716855971014702,Power
2020-01-27,Liaoning,0.27769287430840567,Power
2020-01-28,Liaoning,0.278869857541395,Power
2020-01-29,Liaoning,0.26697766416951313,Power
2020-01-30,Liaoning,0.2655799789185251,Power
2020-01-31,Liaoning,0.25604146942361034,Power
2020-01-01,Chongqing,0.0806247844075335,Power
2020-01-02,Chongqing,0.08645741812661617,Power
2020-01-03,Chongqing,0.08639079344772403,Power
2020-01-04,Chongqing,0.08534799825042144,Power
2020-01-05,Chongqing,0.08233858529939246,Power
2020-01-06,Chongqing,0.08360861824077354,Power
2020-01-07,Chongqing,0.08231300618160353,Power
2020-01-08,Chongqing,0.08357768535414505,Power
2020-01-09,Chongqing,0.08651928389987311,Power
2020-01-10,Chongqing,0.08400063309246916,Power
2020-01-11,Chongqing,0.08273119501429248,Power
2020-01-12,Chongqing,0.07947907787587077,Power
2020-01-13,Chongqing,0.08199772868327473,Power
2020-01-14,Chongqing,0.08062002550189835,Power
2020-01-15,Chongqing,0.08262768881672793,Power
2020-01-16,Chongqing,0.08217856709741049,Power
2020-01-17,Chongqing,0.07878725196916062,Power
2020-01-18,Chongqing,0.07334187419613843,Power
2020-01-19,Chongqing,0.06996602551120278,Power
2020-01-20,Chongqing,0.06821653282708018,Power
2020-01-21,Chongqing,0.06538795829018697,Power
2020-01-22,Chongqing,0.06446413573376318,Power
2020-01-23,Chongqing,0.062012109605251324,Power
2020-01-24,Chongqing,0.06125306415644465,Power
2020-01-25,Chongqing,0.05838855988200604,Power
2020-01-26,Chongqing,0.057191100251561024,Power
2020-01-27,Chongqing,0.05845566045146167,Power
2020-01-28,Chongqing,0.058703420976091755,Power
2020-01-29,Chongqing,0.05620005815304071,Power
2020-01-30,Chongqing,0.05590583881214747,Power
2020-01-31,Chongqing,0.053897937552036146,Power
2020-01-01,Shaanxi,0.4809836142411658,Power
2020-01-02,Shaanxi,0.5157793816638585,Power
2020-01-03,Shaanxi,0.5153819185377655,Power
2020-01-04,Shaanxi,0.5091609108588282,Power
2020-01-05,Shaanxi,0.49120764340432516,Power
2020-01-06,Shaanxi,0.4987842842454724,Power
2020-01-07,Shaanxi,0.4910550459541288,Power
2020-01-08,Shaanxi,0.49859974779407207,Power
2020-01-09,Shaanxi,0.5161484545666589,Power
2020-01-10,Shaanxi,0.5011229288891802,Power
2020-01-11,Shaanxi,0.4935498368259445,Power
2020-01-12,Shaanxi,0.47414866798353145,Power
2020-01-13,Shaanxi,0.4891741936610103,Power
2020-01-14,Shaanxi,0.4809552240178735,Power
2020-01-15,Shaanxi,0.49293234946933573,Power
2020-01-16,Shaanxi,0.49025302214611977,Power
2020-01-17,Shaanxi,0.4700214392724053,Power
2020-01-18,Shaanxi,0.43753592627012816,Power
2020-01-19,Shaanxi,0.4173966116221139,Power
2020-01-20,Shaanxi,0.4069596557842619,Power
2020-01-21,Shaanxi,0.39008521681486846,Power
2020-01-22,Shaanxi,0.38457396471824007,Power
2020-01-23,Shaanxi,0.3699459021668542,Power
2020-01-24,Shaanxi,0.36541766155172356,Power
2020-01-25,Shaanxi,0.34832887639647275,Power
2020-01-26,Shaanxi,0.341185186460534,Power
2020-01-27,Shaanxi,0.348729178544895,Power
2020-01-28,Shaanxi,0.35020724454505325,Power
2020-01-29,Shaanxi,0.3352729224599011,Power
2020-01-30,Shaanxi,0.3335176969048512,Power
2020-01-31,Shaanxi,0.3215391519422244,Power
2020-01-01,Qinghai,0.10222164429837542,Power
2020-01-02,Qinghai,0.10961665829730982,Power
2020-01-03,Qinghai,0.10953218694923428,Power
2020-01-04,Qinghai,0.1082100595101591,Power
2020-01-05,Qinghai,0.10439451888592564,Power
2020-01-06,Qinghai,0.10600475395861558,Power
2020-01-07,Qinghai,0.10436208792193237,Power
2020-01-08,Qinghai,0.10596553511843766,Power
2020-01-09,Qinghai,0.10969509597766565,Power
2020-01-10,Qinghai,0.10650177733702436,Power
2020-01-11,Qinghai,0.10489229647279937,Power
2020-01-12,Qinghai,0.10076903879486217,Power
2020-01-13,Qinghai,0.10396235743550349,Power
2020-01-14,Qinghai,0.10221561063065573,Power
2020-01-15,Qinghai,0.10476106419989628,Power
2020-01-16,Qinghai,0.10419163680885137,Power
2020-01-17,Qinghai,0.09989189435011349,Power
2020-01-18,Qinghai,0.09298787006186818,Power
2020-01-19,Qinghai,0.08870773702321925,Power
2020-01-20,Qinghai,0.08648960992777142,Power
2020-01-21,Qinghai,0.08290334867688587,Power
2020-01-22,Qinghai,0.08173206293080273,Power
2020-01-23,Qinghai,0.07862321563823695,Power
2020-01-24,Qinghai,0.07766084563694779,Power
2020-01-25,Qinghai,0.07402903019477862,Power
2020-01-26,Qinghai,0.07251080855481382,Power
2020-01-27,Qinghai,0.07411410490962612,Power
2020-01-28,Qinghai,0.07442823273528204,Power
2020-01-29,Qinghai,0.0712542972521902,Power
2020-01-30,Qinghai,0.07088126574542089,Power
2020-01-31,Qinghai,0.06833551049279438,Power
2020-01-01,Heilongjiang,0.17567912635584024,Power
2020-01-02,Heilongjiang,0.188388270369704,Power
2020-01-03,Heilongjiang,0.1882430970775517,Power
2020-01-04,Heilongjiang,0.18597087581734742,Power
2020-01-05,Heilongjiang,0.17941345005843498,Power
2020-01-06,Heilongjiang,0.1821808159400871,Power
2020-01-07,Heilongjiang,0.17935771388376942,Power
2020-01-08,Heilongjiang,0.18211341405444498,Power
2020-01-09,Heilongjiang,0.18852307414098815,Power
2020-01-10,Heilongjiang,0.18303500522159005,Power
2020-01-11,Heilongjiang,0.18026893553004641,Power
2020-01-12,Heilongjiang,0.17318266420686512,Power
2020-01-13,Heilongjiang,0.17867073312626325,Power
2020-01-14,Heilongjiang,0.17566875683497224,Power
2020-01-15,Heilongjiang,0.18004339845116704,Power
2020-01-16,Heilongjiang,0.1790647749192479,Power
2020-01-17,Heilongjiang,0.1716751951106771,Power
2020-01-18,Heilongjiang,0.15980987085744833,Power
2020-01-19,Heilongjiang,0.15245399199169857,Power
2020-01-20,Heilongjiang,0.14864189688259372,Power
2020-01-21,Heilongjiang,0.14247851291666594,Power
2020-01-22,Heilongjiang,0.1404655296781621,Power
2020-01-23,Heilongjiang,0.13512263405091618,Power
2020-01-24,Heilongjiang,0.13346869547246742,Power
2020-01-25,Heilongjiang,0.1272270216239861,Power
2020-01-26,Heilongjiang,0.12461779093557128,Power
2020-01-27,Heilongjiang,0.12737323186822516,Power
2020-01-28,Heilongjiang,0.12791309504841633,Power
2020-01-29,Heilongjiang,0.12245833821480667,Power
2020-01-30,Heilongjiang,0.12181724258714151,Power
2020-01-31,Heilongjiang,0.11744208249490333,Power
2020-02-01,Shanghai,0.14441828547339233,Power
2020-02-02,Shanghai,0.14478115236809452,Power
2020-02-03,Shanghai,0.14182344484901266,Power
2020-02-04,Shanghai,0.1435528821622536,Power
2020-02-05,Shanghai,0.14585605996183493,Power
2020-02-06,Shanghai,0.15037751840072766,Power
2020-02-07,Shanghai,0.1491081689237884,Power
2020-02-08,Shanghai,0.14058011224376898,Power
2020-02-09,Shanghai,0.1334351946216313,Power
2020-02-10,Shanghai,0.13810987874172098,Power
2020-02-11,Shanghai,0.13646369541790604,Power
2020-02-12,Shanghai,0.13501222783909736,Power
2020-02-13,Shanghai,0.13205356180368985,Power
2020-02-14,Shanghai,0.1350680956477911,Power
2020-02-15,Shanghai,0.133602661116809,Power
2020-02-16,Shanghai,0.13594732898019968,Power
2020-02-17,Shanghai,0.1401063313171012,Power
2020-02-18,Shanghai,0.14254917863841698,Power
2020-02-19,Shanghai,0.1485494908368507,Power
2020-02-20,Shanghai,0.1423109188660465,Power
2020-02-21,Shanghai,0.14148796413504272,Power
2020-02-22,Shanghai,0.1413058460331733,Power
2020-02-23,Shanghai,0.13559842903767091,Power
2020-02-24,Shanghai,0.1451577123531628,Power
2020-02-25,Shanghai,0.15035013221999546,Power
2020-02-26,Shanghai,0.15364332045304727,Power
2020-02-27,Shanghai,0.15275053096117625,Power
2020-02-28,Shanghai,0.15875221246864657,Power
2020-02-29,Shanghai,0.15932458364595037,Power
2020-02-01,Yunnan,0.02130033926454275,Power
2020-02-02,Yunnan,0.021353858719781346,Power
2020-02-03,Yunnan,0.02091762466953471,Power
2020-02-04,Yunnan,0.021172700412803922,Power
2020-02-05,Yunnan,0.021512397483412646,Power
2020-02-06,Yunnan,0.022179270091706345,Power
2020-02-07,Yunnan,0.0219920529784755,Power
2020-02-08,Yunnan,0.020734244800264364,Power
2020-02-09,Yunnan,0.019680436628606062,Power
2020-02-10,Yunnan,0.020369908584225042,Power
2020-02-11,Yunnan,0.020127112021629437,Power
2020-02-12,Yunnan,0.01991303420067507,Power
2020-02-13,Yunnan,0.01947665877828252,Power
2020-02-14,Yunnan,0.019921274177179725,Power
2020-02-15,Yunnan,0.019705136362099196,Power
2020-02-16,Yunnan,0.020050952827023877,Power
2020-02-17,Yunnan,0.02066436656814152,Power
2020-02-18,Yunnan,0.021024663580011888,Power
2020-02-19,Yunnan,0.021909653213428915,Power
2020-02-20,Yunnan,0.02098952250374202,Power
2020-02-21,Yunnan,0.020868144418465066,Power
2020-02-22,Yunnan,0.020841283710741548,Power
2020-02-23,Yunnan,0.01999949336591145,Power
2020-02-24,Yunnan,0.02140939777710441,Power
2020-02-25,Yunnan,0.0221752308875374,Power
2020-02-26,Yunnan,0.022660945188853674,Power
2020-02-27,Yunnan,0.022529267132945896,Power
2020-02-28,Yunnan,0.023414458726571365,Power
2020-02-29,Yunnan,0.02349887809370243,Power
2020-02-01,InnerMongolia,1.0999163320704937,Power
2020-02-02,InnerMongolia,1.102679993351628,Power
2020-02-03,InnerMongolia,1.0801535466827592,Power
2020-02-04,InnerMongolia,1.0933252606377506,Power
2020-02-05,InnerMongolia,1.1108666880900828,Power
2020-02-06,InnerMongolia,1.1453029505440664,Power
2020-02-07,InnerMongolia,1.1356353505153438,Power
2020-02-08,InnerMongolia,1.0706840959534385,Power
2020-02-09,InnerMongolia,1.0162670838823775,Power
2020-02-10,InnerMongolia,1.0518703414207349,Power
2020-02-11,InnerMongolia,1.0393327052238301,Power
2020-02-12,InnerMongolia,1.0282780600992927,Power
2020-02-13,InnerMongolia,1.0057443131930774,Power
2020-02-14,InnerMongolia,1.0287035596474823,Power
2020-02-15,InnerMongolia,1.0175425396358975,Power
2020-02-16,InnerMongolia,1.0353999630762234,Power
2020-02-17,InnerMongolia,1.0670756929222214,Power
2020-02-18,InnerMongolia,1.0856808692450277,Power
2020-02-19,InnerMongolia,1.1313803550334462,Power
2020-02-20,InnerMongolia,1.0838662388189244,Power
2020-02-21,InnerMongolia,1.077598463611522,Power
2020-02-22,InnerMongolia,1.076211418515707,Power
2020-02-23,InnerMongolia,1.0327426766821364,Power
2020-02-24,InnerMongolia,1.1055479437377107,Power
2020-02-25,InnerMongolia,1.1450943723341698,Power
2020-02-26,InnerMongolia,1.170175902074276,Power
2020-02-27,InnerMongolia,1.163376252431636,Power
2020-02-28,InnerMongolia,1.2090861671305493,Power
2020-02-29,InnerMongolia,1.2134454517173952,Power
2020-02-01,Beijing,0.09102978014717626,Power
2020-02-02,Beijing,0.09125850252494963,Power
2020-02-03,Beijing,0.0893941993702686,Power
2020-02-04,Beijing,0.09048429885376959,Power
2020-02-05,Beijing,0.09193603862514622,Power
2020-02-06,Beijing,0.09478600576253363,Power
2020-02-07,Beijing,0.09398590899198303,Power
2020-02-08,Beijing,0.08861050156265267,Power
2020-02-09,Beijing,0.0841069147891294,Power
2020-02-10,Beijing,0.08705346318716907,Power
2020-02-11,Beijing,0.08601584038505908,Power
2020-02-12,Beijing,0.0851009508739656,Power
2020-02-13,Beijing,0.08323604354696591,Power
2020-02-14,Beijing,0.08513616548910957,Power
2020-02-15,Beijing,0.08421247232423011,Power
2020-02-16,Beijing,0.08569036412597102,Power
2020-02-17,Beijing,0.08831186781657875,Power
2020-02-18,Beijing,0.08985164412581531,Power
2020-02-19,Beijing,0.09363376284054327,Power
2020-02-20,Beijing,0.089701464149466,Power
2020-02-21,Beijing,0.08918273905874227,Power
2020-02-22,Beijing,0.0890679463181994,Power
2020-02-23,Beijing,0.08547044540198363,Power
2020-02-24,Beijing,0.09149585593584653,Power
2020-02-25,Beijing,0.0947687436962866,Power
2020-02-26,Beijing,0.09684450716249396,Power
2020-02-27,Beijing,0.09628176380284025,Power
2020-02-28,Beijing,0.10006474562088054,Power
2020-02-29,Beijing,0.10042552280544381,Power
2020-02-01,Jilin,0.18083094668690153,Power
2020-02-02,Jilin,0.18128530441504684,Power
2020-02-03,Jilin,0.17758186029129647,Power
2020-02-04,Jilin,0.1797473463692116,Power
2020-02-05,Jilin,0.18263123202483575,Power
2020-02-06,Jilin,0.18829270077327268,Power
2020-02-07,Jilin,0.1867033060034965,Power
2020-02-08,Jilin,0.17602504211334952,Power
2020-02-09,Jilin,0.16707865271829525,Power
2020-02-10,Jilin,0.17293198044703206,Power
2020-02-11,Jilin,0.1708707394629706,Power
2020-02-12,Jilin,0.1690533085503894,Power
2020-02-13,Jilin,0.1653486642364137,Power
2020-02-14,Jilin,0.1691232624949491,Power
2020-02-15,Jilin,0.16728834309622798,Power
2020-02-16,Jilin,0.1702241798430325,Power
2020-02-17,Jilin,0.17543180523056356,Power
2020-02-18,Jilin,0.17849057574758703,Power
2020-02-19,Jilin,0.1860037665578992,Power
2020-02-20,Jilin,0.17819224274872936,Power
2020-02-21,Jilin,0.17716179371244514,Power
2020-02-22,Jilin,0.1769337575696401,Power
2020-02-23,Jilin,0.16978731060102714,Power
2020-02-24,Jilin,0.18175680771783911,Power
2020-02-25,Jilin,0.18825840962397875,Power
2020-02-26,Jilin,0.19238192032658044,Power
2020-02-27,Jilin,0.19126402885959654,Power
2020-02-28,Jilin,0.1987789342273734,Power
2020-02-29,Jilin,0.1994956192476177,Power
2020-02-01,Sichuan,0.08251563767846869,Power
2020-02-02,Sichuan,0.08272296733281688,Power
2020-02-03,Sichuan,0.08103303505586566,Power
2020-02-04,Sichuan,0.08202117601224963,Power
2020-02-05,Sichuan,0.08333713253531999,Power
2020-02-06,Sichuan,0.08592053826610375,Power
2020-02-07,Sichuan,0.0851952756639122,Power
2020-02-08,Sichuan,0.08032263759870283,Power
2020-02-09,Sichuan,0.07624027758578437,Power
2020-02-10,Sichuan,0.0789112311970269,Power
2020-02-11,Sichuan,0.07797065870473487,Power
2020-02-12,Sichuan,0.07714134008734214,Power
2020-02-13,Sichuan,0.075450860147153,Power
2020-02-14,Sichuan,0.07717326103035121,Power
2020-02-15,Sichuan,0.07633596217720622,Power
2020-02-16,Sichuan,0.07767562469471713,Power
2020-02-17,Sichuan,0.08005193548396897,Power
2020-02-18,Sichuan,0.081447694364562,Power
2020-02-19,Sichuan,0.08487606623382142,Power
2020-02-20,Sichuan,0.08131156093114093,Power
2020-02-21,Sichuan,0.08084135292260036,Power
2020-02-22,Sichuan,0.08073729690739918,Power
2020-02-23,Sichuan,0.0774762752761212,Power
2020-02-24,Sichuan,0.0829381207477065,Power
2020-02-25,Sichuan,0.08590489074502089,Power
2020-02-26,Sichuan,0.08778650515523742,Power
2020-02-27,Sichuan,0.08727639596793547,Power
2020-02-28,Sichuan,0.09070555021324903,Power
2020-02-29,Sichuan,0.09103258340388125,Power
2020-02-01,Tianjin,0.17485269267015835,Power
2020-02-02,Tianjin,0.1752920293747284,Power
2020-02-03,Tianjin,0.17171102076389347,Power
2020-02-04,Tianjin,0.17380491607661777,Power
2020-02-05,Tianjin,0.1765934607448698,Power
2020-02-06,Tianjin,0.18206776187124807,Power
2020-02-07,Tianjin,0.18053091234243143,Power
2020-02-08,Tianjin,0.17020567084785726,Power
2020-02-09,Tianjin,0.16155504824115552,Power
2020-02-10,Tianjin,0.16721486550806733,Power
2020-02-11,Tianjin,0.16522176895624055,Power
2020-02-12,Tianjin,0.16346442213796045,Power
2020-02-13,Tianjin,0.1598822530150757,Power
2020-02-14,Tianjin,0.16353206341172066,Power
2020-02-15,Tianjin,0.1617578062750005,Power
2020-02-16,Tianjin,0.16459658453626563,Power
2020-02-17,Tianjin,0.16963204632038092,Power
2020-02-18,Tianjin,0.1725896941730335,Power
2020-02-19,Tianjin,0.17985449960482927,Power
2020-02-20,Tianjin,0.17230122403493844,Power
2020-02-21,Tianjin,0.17130484154646078,Power
2020-02-22,Tianjin,0.1710843442569973,Power
2020-02-23,Tianjin,0.16417415815013564,Power
2020-02-24,Tianjin,0.1757479448228671,Power
2020-02-25,Tianjin,0.18203460438411073,Power
2020-02-26,Tianjin,0.18602179221237836,Power
2020-02-27,Tianjin,0.1849408581317004,Power
2020-02-28,Tianjin,0.19220732143785302,Power
2020-02-29,Tianjin,0.19290031291902388,Power
2020-02-01,Ningxia,0.305301117018586,Power
2020-02-02,Ningxia,0.3060682197986702,Power
2020-02-03,Ningxia,0.29981560845911565,Power
2020-02-04,Ningxia,0.30347164925627185,Power
2020-02-05,Ningxia,0.3083405808642028,Power
2020-02-06,Ningxia,0.31789897097679964,Power
2020-02-07,Ningxia,0.31521555861024086,Power
2020-02-08,Ningxia,0.2971871959145251,Power
2020-02-09,Ningxia,0.2820827974382927,Power
2020-02-10,Ningxia,0.2919651075550082,Power
2020-02-11,Ningxia,0.2884850661881505,Power
2020-02-12,Ningxia,0.28541665506781355,Power
2020-02-13,Ningxia,0.2791620174190285,Power
2020-02-14,Ningxia,0.2855347599486718,Power
2020-02-15,Ningxia,0.28243682260812025,Power
2020-02-16,Ningxia,0.28739346445845326,Power
2020-02-17,Ningxia,0.2961856202092075,Power
2020-02-18,Ningxia,0.30134981401928407,Power
2020-02-19,Ningxia,0.3140345098016583,Power
2020-02-20,Ningxia,0.3008461314391533,Power
2020-02-21,Ningxia,0.29910640022847174,Power
2020-02-22,Ningxia,0.29872140147469356,Power
2020-02-23,Ningxia,0.2866558878985836,Power
2020-02-24,Ningxia,0.3068642698534746,Power
2020-02-25,Ningxia,0.31784107642735937,Power
2020-02-26,Ningxia,0.3248028959975579,Power
2020-02-27,Ningxia,0.3229155336858035,Power
2020-02-28,Ningxia,0.33560312419564975,Power
2020-02-29,Ningxia,0.33681312027895244,Power
2020-02-01,Anhui,0.5468922506764095,Power
2020-02-02,Anhui,0.5482663778659765,Power
2020-02-03,Anhui,0.5370659449246006,Power
2020-02-04,Anhui,0.5436150869639329,Power
2020-02-05,Anhui,0.5523369055784674,Power
2020-02-06,Anhui,0.5694590488990338,Power
2020-02-07,Anhui,0.56465219642836,Power
2020-02-08,Anhui,0.5323576147807259,Power
2020-02-09,Anhui,0.5053007911488712,Power
2020-02-10,Anhui,0.5230031791204285,Power
2020-02-11,Anhui,0.5167693085268533,Power
2020-02-12,Anhui,0.5112727997685855,Power
2020-02-13,Anhui,0.5000687370572747,Power
2020-02-14,Anhui,0.5114843635019226,Power
2020-02-15,Anhui,0.5059349638103204,Power
2020-02-16,Anhui,0.5148138996091715,Power
2020-02-17,Anhui,0.5305634713558572,Power
2020-02-18,Anhui,0.5398141993037344,Power
2020-02-19,Anhui,0.5625365590949889,Power
2020-02-20,Anhui,0.5389119422056791,Power
2020-02-21,Anhui,0.5357955254474538,Power
2020-02-22,Anhui,0.5351058691598597,Power
2020-02-23,Anhui,0.5134926633529387,Power
2020-02-24,Anhui,0.5496923589117535,Power
2020-02-25,Anhui,0.5693553411866137,Power
2020-02-26,Anhui,0.5818261936051364,Power
2020-02-27,Anhui,0.5784453221802397,Power
2020-02-28,Anhui,0.6011728673571152,Power
2020-02-29,Anhui,0.6033403585466962,Power
2020-02-01,Shandong,1.332955865527675,Power
2020-02-02,Shandong,1.336305064378178,Power
2020-02-03,Shandong,1.3090059341250229,Power
2020-02-04,Shandong,1.3249683422313816,Power
2020-02-05,Shandong,1.3462262760674035,Power
2020-02-06,Shandong,1.3879585575932916,Power
2020-02-07,Shandong,1.376242680859646,Power
2020-02-08,Shandong,1.297530188629715,Power
2020-02-09,Shandong,1.2315838313390024,Power
2020-02-10,Shandong,1.274730359473839,Power
2020-02-11,Shandong,1.2595363713301615,Power
2020-02-12,Shandong,1.2461395759281502,Power
2020-02-13,Shandong,1.2188315987346352,Power
2020-02-14,Shandong,1.2466552261662653,Power
2020-02-15,Shandong,1.2331295182047253,Power
2020-02-16,Shandong,1.2547703981734648,Power
2020-02-17,Shandong,1.2931572723947187,Power
2020-02-18,Shandong,1.3157043318260282,Power
2020-02-19,Shandong,1.3710861784784945,Power
2020-02-20,Shandong,1.3135052352223018,Power
2020-02-21,Shandong,1.3059095049990863,Power
2020-02-22,Shandong,1.3042285863307206,Power
2020-02-23,Shandong,1.2515501118824908,Power
2020-02-24,Shandong,1.3397806480909638,Power
2020-02-25,Shandong,1.3877057878687256,Power
2020-02-26,Shandong,1.4181013472478172,Power
2020-02-27,Shandong,1.4098610542269574,Power
2020-02-28,Shandong,1.4652555393656517,Power
2020-02-29,Shandong,1.4705384266090864,Power
2020-02-01,Shanxi,0.6607431540046684,Power
2020-02-02,Shanxi,0.6624033441648236,Power
2020-02-03,Shanxi,0.6488712281424275,Power
2020-02-04,Shanxi,0.6567837570944118,Power
2020-02-05,Shanxi,0.66732126596,Power
2020-02-06,Shanxi,0.6880078618423852,Power
2020-02-07,Shanxi,0.6822003287161069,Power
2020-02-08,Shanxi,0.6431827275181978,Power
2020-02-09,Shanxi,0.6104932700213176,Power
2020-02-10,Shanxi,0.6318809046920855,Power
2020-02-11,Shanxi,0.6243492797466573,Power
2020-02-12,Shanxi,0.617708519106037,Power
2020-02-13,Shanxi,0.6041720176756705,Power
2020-02-14,Shanxi,0.6179641257420155,Power
2020-02-15,Shanxi,0.6112594634424006,Power
2020-02-16,Shanxi,0.621986797824414,Power
2020-02-17,Shanxi,0.6410150830072029,Power
2020-02-18,Shanxi,0.6521916084627375,Power
2020-02-19,Shanxi,0.679644262356321,Power
2020-02-20,Shanxi,0.651101521338711,Power
2020-02-21,Shanxi,0.6473363353528501,Power
2020-02-22,Shanxi,0.6465031078385081,Power
2020-02-23,Shanxi,0.6203905093232536,Power
2020-02-24,Shanxi,0.6641261830102675,Power
2020-02-25,Shanxi,0.6878825644718075,Power
2020-02-26,Shanxi,0.702949573283781,Power
2020-02-27,Shanxi,0.6988648790029467,Power
2020-02-28,Shanxi,0.7263237977650591,Power
2020-02-29,Shanxi,0.7289425128101339,Power
2020-02-01,Guangdong,0.39232291984877266,Power
2020-02-02,Guangdong,0.3933086745209,Power
2020-02-03,Guangdong,0.38527384398582454,Power
2020-02-04,Guangdong,0.3899719879514728,Power
2020-02-05,Guangdong,0.3962287402477678,Power
2020-02-06,Guangdong,0.40851161544536935,Power
2020-02-07,Guangdong,0.40506333400739947,Power
2020-02-08,Guangdong,0.38189623929793165,Power
2020-02-09,Guangdong,0.362486543812297,Power
2020-02-10,Guangdong,0.375185667869563,Power
2020-02-11,Guangdong,0.37071368950416117,Power
2020-02-12,Guangdong,0.3667706708156519,Power
2020-02-13,Guangdong,0.35873323640031035,Power
2020-02-14,Guangdong,0.36692243983686995,Power
2020-02-15,Guangdong,0.36294147889305617,Power
2020-02-16,Guangdong,0.36931094200657927,Power
2020-02-17,Guangdong,0.38060917848073894,Power
2020-02-18,Guangdong,0.3872453533300791,Power
2020-02-19,Guangdong,0.40354564379521857,Power
2020-02-20,Guangdong,0.38659810309253134,Power
2020-02-21,Guangdong,0.38436248589272565,Power
2020-02-22,Guangdong,0.38386774864218626,Power
2020-02-23,Guangdong,0.3683631295897564,Power
2020-02-24,Guangdong,0.3943316274825416,Power
2020-02-25,Guangdong,0.40843721886634093,Power
2020-02-26,Guangdong,0.4173834074945153,Power
2020-02-27,Guangdong,0.414958079018187,Power
2020-02-28,Guangdong,0.43126208931227783,Power
2020-02-29,Guangdong,0.432816977813973,Power
2020-02-01,Guangxi,0.2020020567762703,Power
2020-02-02,Guangxi,0.20250960925707695,Power
2020-02-03,Guangxi,0.19837257771540798,Power
2020-02-04,Guangxi,0.2007915919918561,Power
2020-02-05,Guangxi,0.20401311377569276,Power
2020-02-06,Guangxi,0.21033740921578115,Power
2020-02-07,Guangxi,0.20856193317914823,Power
2020-02-08,Guangxi,0.19663349223400267,Power
2020-02-09,Guangxi,0.18663968812230147,Power
2020-02-10,Guangxi,0.19317830477975692,Power
2020-02-11,Guangxi,0.19087574028003726,Power
2020-02-12,Guangxi,0.18884553035681084,Power
2020-02-13,Guangxi,0.18470715811047556,Power
2020-02-14,Guangxi,0.18892367428593124,Power
2020-02-15,Guangxi,0.18687392838042471,Power
2020-02-16,Guangxi,0.19015348352338757,Power
2020-02-17,Guangxi,0.19597080107038348,Power
2020-02-18,Guangxi,0.19938768267702117,Power
2020-02-19,Guangxi,0.2077804938879441,Power
2020-02-20,Guangxi,0.19905442180283114,Power
2020-02-21,Guangxi,0.19790333108220942,Power
2020-02-22,Guangxi,0.1976485971956159,Power
2020-02-23,Guangxi,0.18966546702486103,Power
2020-02-24,Guangxi,0.20303631466168756,Power
2020-02-25,Guangxi,0.21029910336817312,Power
2020-02-26,Guangxi,0.21490538154304065,Power
2020-02-27,Guangxi,0.21365661091101837,Power
2020-02-28,Guangxi,0.22205133741432168,Power
2020-02-29,Guangxi,0.22285192962932984,Power
2020-02-01,Xinjiang,0.7117530933530448,Power
2020-02-02,Xinjiang,0.713541451620373,Power
2020-02-03,Xinjiang,0.6989646446112084,Power
2020-02-04,Xinjiang,0.7074880275985116,Power
2020-02-05,Xinjiang,0.7188390412047222,Power
2020-02-06,Xinjiang,0.7411226600678061,Power
2020-02-07,Xinjiang,0.7348667803930398,Power
2020-02-08,Xinjiang,0.6928369868499484,Power
2020-02-09,Xinjiang,0.6576238751401705,Power
2020-02-10,Xinjiang,0.6806626535885906,Power
2020-02-11,Xinjiang,0.6725495807245082,Power
2020-02-12,Xinjiang,0.665396147655196,Power
2020-02-13,Xinjiang,0.6508146166807969,Power
2020-02-14,Xinjiang,0.6656714873431469,Power
2020-02-15,Xinjiang,0.6584492193518469,Power
2020-02-16,Xinjiang,0.6700047131674916,Power
2020-02-17,Xinjiang,0.6905019983197767,Power
2020-02-18,Xinjiang,0.7025413611458644,Power
2020-02-19,Xinjiang,0.732113383513531,Power
2020-02-20,Xinjiang,0.701367118359015,Power
2020-02-21,Xinjiang,0.6973112567791504,Power
2020-02-22,Xinjiang,0.6964137033846045,Power
2020-02-23,Xinjiang,0.6682851898221512,Power
2020-02-24,Xinjiang,0.715397295105336,Power
2020-02-25,Xinjiang,0.7409876896325363,Power
2020-02-26,Xinjiang,0.7572178844737588,Power
2020-02-27,Xinjiang,0.7528178482839555,Power
2020-02-28,Xinjiang,0.7823966191733854,Power
2020-02-29,Xinjiang,0.7852175012705294,Power
2020-02-01,Jiangsu,0.8358168472932402,Power
2020-02-02,Jiangsu,0.8379169294464309,Power
2020-02-03,Jiangsu,0.8207992786883489,Power
2020-02-04,Jiangsu,0.8308083494788385,Power
2020-02-05,Jiangsu,0.8441379275228634,Power
2020-02-06,Jiangsu,0.8703057436354499,Power
2020-02-07,Jiangsu,0.8629594185184398,Power
2020-02-08,Jiangsu,0.8136035254993033,Power
2020-02-09,Jiangsu,0.7722525116610641,Power
2020-02-10,Jiangsu,0.7993071171809792,Power
2020-02-11,Jiangsu,0.7897798765599762,Power
2020-02-12,Jiangsu,0.7813795479472138,Power
2020-02-13,Jiangsu,0.7642563498023119,Power
2020-02-14,Jiangsu,0.781702881350422,Power
2020-02-15,Jiangsu,0.7732217193868575,Power
2020-02-16,Jiangsu,0.7867914200317945,Power
2020-02-17,Jiangsu,0.8108615314426845,Power
2020-02-18,Jiangsu,0.8249994429947299,Power
2020-02-19,Jiangsu,0.8597260844863577,Power
2020-02-20,Jiangsu,0.8236205211281067,Power
2020-02-21,Jiangsu,0.8188576933014368,Power
2020-02-22,Jiangsu,0.8178036898056845,Power
2020-02-23,Jiangsu,0.7847721712294058,Power
2020-02-24,Jiangsu,0.8400962599827607,Power
2020-02-25,Jiangsu,0.8701472468691716,Power
2020-02-26,Jiangsu,0.8892064830141656,Power
2020-02-27,Jiangsu,0.8840394884334853,Power
2020-02-28,Jiangsu,0.9187740547634269,Power
2020-02-29,Jiangsu,0.9220866371786484,Power
2020-02-01,Jiangxi,0.20038388275670072,Power
2020-02-02,Jiangxi,0.20088736939653962,Power
2020-02-03,Jiangxi,0.1967834782944568,Power
2020-02-04,Jiangxi,0.19918311461942464,Power
2020-02-05,Jiangxi,0.20237882982021324,Power
2020-02-06,Jiangxi,0.20865246334756393,Power
2020-02-07,Jiangxi,0.20689121008292008,Power
2020-02-08,Jiangxi,0.19505832407191454,Power
2020-02-09,Jiangxi,0.18514457713600802,Power
2020-02-10,Jiangxi,0.19163081502184165,Power
2020-02-11,Jiangxi,0.18934669563159903,Power
2020-02-12,Jiangxi,0.1873327490722436,Power
2020-02-13,Jiangxi,0.18322752800545172,Power
2020-02-14,Jiangxi,0.18741026701528293,Power
2020-02-15,Jiangxi,0.18537694097016763,Power
2020-02-16,Jiangxi,0.18863022464336043,Power
2020-02-17,Jiangxi,0.19440094151574755,Power
2020-02-18,Jiangxi,0.19779045157413447,Power
2020-02-19,Jiangxi,0.20611603065252665,Power
2020-02-20,Jiangxi,0.19745986034646668,Power
2020-02-21,Jiangxi,0.19631799064630387,Power
2020-02-22,Jiangxi,0.19606529735159228,Power
2020-02-23,Jiangxi,0.1881461174892814,Power
2020-02-24,Jiangxi,0.20140985553222143,Power
2020-02-25,Jiangxi,0.20861446435587802,Power
2020-02-26,Jiangxi,0.21318384310611377,Power
2020-02-27,Jiangxi,0.21194507597715173,Power
2020-02-28,Jiangxi,0.22027255500512818,Power
2020-02-29,Jiangxi,0.22106673393136458,Power
2020-02-01,Hebei,0.8898552442685195,Power
2020-02-02,Hebei,0.8920911038631943,Power
2020-02-03,Hebei,0.8738667388650907,Power
2020-02-04,Hebei,0.8845229300653707,Power
2020-02-05,Hebei,0.8987143105870422,Power
2020-02-06,Hebei,0.9265739648572914,Power
2020-02-07,Hebei,0.9187526748789387,Power
2020-02-08,Hebei,0.8662057558010731,Power
2020-02-09,Hebei,0.822181258521626,Power
2020-02-10,Hebei,0.8509850361452495,Power
2020-02-11,Hebei,0.8408418270708418,Power
2020-02-12,Hebei,0.8318983886921428,Power
2020-02-13,Hebei,0.8136681176498267,Power
2020-02-14,Hebei,0.8322426266976625,Power
2020-02-15,Hebei,0.8232131288175836,Power
2020-02-16,Hebei,0.8376601566815896,Power
2020-02-17,Hebei,0.8632864825189693,Power
2020-02-18,Hebei,0.87833845805444,Power
2020-02-19,Hebei,0.9153102948237414,Power
2020-02-20,Hebei,0.8768703842073705,Power
2020-02-21,Hebei,0.8717996233907688,Power
2020-02-22,Hebei,0.8706774749904225,Power
2020-02-23,Hebei,0.8355103565882946,Power
2020-02-24,Hebei,0.8944113355180454,Power
2020-02-25,Hebei,0.9264052207369388,Power
2020-02-26,Hebei,0.9466967012093643,Power
2020-02-27,Hebei,0.9411956428858627,Power
2020-02-28,Hebei,0.9781759168611815,Power
2020-02-29,Hebei,0.9817026689765553,Power
2020-02-01,Henan,0.634492775464984,Power
2020-02-02,Henan,0.6360870086494401,Power
2020-02-03,Henan,0.6230925042025524,Power
2020-02-04,Henan,0.6306906797194132,Power
2020-02-05,Henan,0.6408095484599989,Power
2020-02-06,Henan,0.6606742955357505,Power
2020-02-07,Henan,0.6550974873772946,Power
2020-02-08,Henan,0.6176299995554346,Power
2020-02-09,Henan,0.5862392473547791,Power
2020-02-10,Henan,0.606777181952571,Power
2020-02-11,Henan,0.5995447776719929,Power
2020-02-12,Henan,0.5931678449341684,Power
2020-02-13,Henan,0.5801691293052839,Power
2020-02-14,Henan,0.5934132966848318,Power
2020-02-15,Henan,0.5869750010093414,Power
2020-02-16,Henan,0.5972761537706404,Power
2020-02-17,Henan,0.6155484724542202,Power
2020-02-18,Henan,0.6262809705714645,Power
2020-02-19,Henan,0.6526429698706602,Power
2020-02-20,Henan,0.6252341910465763,Power
2020-02-21,Henan,0.6216185905037156,Power
2020-02-22,Henan,0.620818465924347,Power
2020-02-23,Henan,0.5957432835238501,Power
2020-02-24,Henan,0.6377414015767059,Power
2020-02-25,Henan,0.6605539760501312,Power
2020-02-26,Henan,0.6750223941958559,Power
2020-02-27,Henan,0.6710999789646657,Power
2020-02-28,Henan,0.6974679942381423,Power
2020-02-29,Henan,0.6999826714875863,Power
2020-02-01,Zhejiang,0.300658231145307,Power
2020-02-02,Zhejiang,0.3014136681617813,Power
2020-02-03,Zhejiang,0.2952561438010855,Power
2020-02-04,Zhejiang,0.298856585128659,Power
2020-02-05,Zhejiang,0.3036514721539786,Power
2020-02-06,Zhejiang,0.31306450244982,Power
2020-02-07,Zhejiang,0.3104218982450214,Power
2020-02-08,Zhejiang,0.2926677030050152,Power
2020-02-09,Zhejiang,0.2777930056153511,Power
2020-02-10,Zhejiang,0.28752502988154527,Power
2020-02-11,Zhejiang,0.2840979114619024,Power
2020-02-12,Zhejiang,0.28107616339600544,Power
2020-02-13,Zhejiang,0.27491664354130385,Power
2020-02-14,Zhejiang,0.28119247218948523,Power
2020-02-15,Zhejiang,0.27814164692521826,Power
2020-02-16,Zhejiang,0.28302291033393095,Power
2020-02-17,Zhejiang,0.29168135882501484,Power
2020-02-18,Zhejiang,0.296767017834034,Power
2020-02-19,Zhejiang,0.30925881031022334,Power
2020-02-20,Zhejiang,0.2962709950383112,Power
2020-02-21,Zhejiang,0.2945577208990621,Power
2020-02-22,Zhejiang,0.29417857703796374,Power
2020-02-23,Zhejiang,0.28229655051582664,Power
2020-02-24,Zhejiang,0.3021976122354809,Power
2020-02-25,Zhejiang,0.3130074883353691,Power
2020-02-26,Zhejiang,0.3198634355980883,Power
2020-02-27,Zhejiang,0.31800477546698935,Power
2020-02-28,Zhejiang,0.33049941864890126,Power
2020-02-29,Zhejiang,0.3316910136409248,Power
2020-02-01,Hainan,0.042153058632468446,Power
2020-02-02,Hainan,0.042258972848511274,Power
2020-02-03,Hainan,0.041395672068690555,Power
2020-02-04,Hainan,0.0419004632191135,Power
2020-02-05,Hainan,0.04257271873377019,Power
2020-02-06,Hainan,0.043892449833292414,Power
2020-02-07,Hainan,0.04352194991528603,Power
2020-02-08,Hainan,0.041032766000136285,Power
2020-02-09,Hainan,0.03894729510243881,Power
2020-02-10,Hainan,0.0403117499784712,Power
2020-02-11,Hainan,0.03983125914629505,Power
2020-02-12,Hainan,0.039407602282123776,Power
2020-02-13,Hainan,0.038544021728902186,Power
2020-02-14,Hainan,0.0394239090746315,Power
2020-02-15,Hainan,0.038996175512333295,Power
2020-02-16,Hainan,0.03968054121848469,Power
2020-02-17,Hainan,0.04089447800485019,Power
2020-02-18,Hainan,0.04160750050077618,Power
2020-02-19,Hainan,0.043358881990208785,Power
2020-02-20,Hainan,0.04153795682684618,Power
2020-02-21,Hainan,0.041297751378386816,Power
2020-02-22,Hainan,0.04124459443222192,Power
2020-02-23,Hainan,0.0395787037005688,Power
2020-02-24,Hainan,0.042368883827423626,Power
2020-02-25,Hainan,0.043884456307553346,Power
2020-02-26,Hainan,0.0448456777776778,Power
2020-02-27,Hainan,0.044585088838583774,Power
2020-02-28,Hainan,0.046336870004303324,Power
2020-02-29,Hainan,0.04650393469225011,Power
2020-02-01,Hubei,0.3024861684637097,Power
2020-02-02,Hubei,0.3032461983746105,Power
2020-02-03,Hubei,0.29705123759141927,Power
2020-02-04,Hubei,0.30067356882714635,Power
2020-02-05,Hubei,0.3054976077333166,Power
2020-02-06,Hubei,0.31496786722688014,Power
2020-02-07,Hubei,0.3123091965574273,Power
2020-02-08,Hubei,0.29444705963255924,Power
2020-02-09,Hubei,0.279481927285053,Power
2020-02-10,Hubei,0.28927312016363477,Power
2020-02-11,Hubei,0.2858251656018048,Power
2020-02-12,Hubei,0.28278504595820175,Power
2020-02-13,Hubei,0.2765880775488308,Power
2020-02-14,Hubei,0.2829020618841065,Power
2020-02-15,Hubei,0.2798326882590272,Power
2020-02-16,Hubei,0.2847436286984061,Power
2020-02-17,Hubei,0.2934547186922888,Power
2020-02-18,Hubei,0.29857129741322075,Power
2020-02-19,Hubei,0.3111390372983801,Power
2020-02-20,Hubei,0.2980722589056859,Power
2020-02-21,Hubei,0.29634856842851104,Power
2020-02-22,Hubei,0.29596711945436077,Power
2020-02-23,Hubei,0.28401285276898147,Power
2020-02-24,Hubei,0.3040349086595075,Power
2020-02-25,Hubei,0.3149105064788877,Power
2020-02-26,Hubei,0.3218081364249872,Power
2020-02-27,Hubei,0.3199381760404313,Power
2020-02-28,Hubei,0.3325087839629902,Power
2020-02-29,Hubei,0.3337076235960337,Power
2020-02-01,Hunan,0.21261008646011542,Power
2020-02-02,Hunan,0.21314429278726613,Power
2020-02-03,Hunan,0.20879000725275476,Power
2020-02-04,Hunan,0.21133605476668432,Power
2020-02-05,Hunan,0.21472675303939182,Power
2020-02-06,Hunan,0.22138316546298284,Power
2020-02-07,Hunan,0.21951445125442173,Power
2020-02-08,Hunan,0.20695959462991384,Power
2020-02-09,Hunan,0.1964409712546698,Power
2020-02-10,Hunan,0.20332295985942375,Power
2020-02-11,Hunan,0.2008994774197989,Power
2020-02-12,Hunan,0.19876265211119612,Power
2020-02-13,Hunan,0.19440695546563186,Power
2020-02-14,Hunan,0.198844899726848,Power
2020-02-15,Hunan,0.1966875125143322,Power
2020-02-16,Hunan,0.20013929173689882,Power
2020-02-17,Hunan,0.20626210259521893,Power
2020-02-18,Hunan,0.20985841990705612,Power
2020-02-19,Hunan,0.21869197509790292,Power
2020-02-20,Hunan,0.209507658016776,Power
2020-02-21,Hunan,0.20829611838425693,Power
2020-02-22,Hunan,0.20802800728421522,Power
2020-02-23,Hunan,0.19962564731366106,Power
2020-02-24,Hunan,0.21369865784374326,Power
2020-02-25,Hunan,0.22134284800433,Power
2020-02-26,Hunan,0.2261910224073392,Power
2020-02-27,Hunan,0.2248766732552552,Power
2020-02-28,Hunan,0.23371224431903462,Power
2020-02-29,Hunan,0.23455487920487988,Power
2020-02-01,Gansu,0.27286084827672846,Power
2020-02-02,Gansu,0.2735464412982453,Power
2020-02-03,Gansu,0.2679582113870141,Power
2020-02-04,Gansu,0.2712257735989979,Power
2020-02-05,Gansu,0.27557734892802144,Power
2020-02-06,Gansu,0.2841200966904684,Power
2020-02-07,Gansu,0.2817218146868984,Power
2020-02-08,Gansu,0.26560908510951503,Power
2020-02-09,Gansu,0.2521096291586755,Power
2020-02-10,Gansu,0.26094187827624604,Power
2020-02-11,Gansu,0.2578316143876894,Power
2020-02-12,Gansu,0.2550892423016223,Power
2020-02-13,Gansu,0.24949920138995688,Power
2020-02-14,Gansu,0.2551947977555011,Power
2020-02-15,Gansu,0.25242603680596426,Power
2020-02-16,Gansu,0.2568560025823537,Power
2020-02-17,Gansu,0.26471393346632704,Power
2020-02-18,Gansu,0.26932939743004763,Power
2020-02-19,Gansu,0.28066626014811025,Power
2020-02-20,Gansu,0.2688792344649762,Power
2020-02-21,Gansu,0.26732436123504577,Power
2020-02-22,Gansu,0.26698027115254863,Power
2020-02-23,Gansu,0.2561967984243066,Power
2020-02-24,Gansu,0.2742579057545363,Power
2020-02-25,Gansu,0.28406835382092,Power
2020-02-26,Gansu,0.2902904338841195,Power
2020-02-27,Gansu,0.2886036163368405,Power
2020-02-28,Gansu,0.2999430661983805,Power
2020-02-29,Gansu,0.3010244921719429,Power
2020-02-01,Fujian,0.18273754524236666,Power
2020-02-02,Fujian,0.18319669350998555,Power
2020-02-03,Fujian,0.17945420197014875,Power
2020-02-04,Fujian,0.18164251993997,Power
2020-02-05,Fujian,0.1845568119631207,Power
2020-02-06,Fujian,0.19027797264114904,Power
2020-02-07,Fujian,0.18867182002196908,Power
2020-02-08,Fujian,0.17788096941543954,Power
2020-02-09,Fujian,0.16884025339427533,Power
2020-02-10,Fujian,0.17475529592568692,Power
2020-02-11,Fujian,0.17267232216217215,Power
2020-02-12,Fujian,0.1708357290916967,Power
2020-02-13,Fujian,0.16709202470737933,Power
2020-02-14,Fujian,0.17090642059856026,Power
2020-02-15,Fujian,0.16905215465136889,Power
2020-02-16,Fujian,0.17201894551417565,Power
2020-02-17,Fujian,0.17728147771507677,Power
2020-02-18,Fujian,0.18037249850538645,Power
2020-02-19,Fujian,0.18796490495333326,Power
2020-02-20,Fujian,0.1800710200202329,Power
2020-02-21,Fujian,0.1790297064019728,Power
2020-02-22,Fujian,0.17879926595067727,Power
2020-02-23,Fujian,0.17157747012327268,Power
2020-02-24,Fujian,0.18367316812732587,Power
2020-02-25,Fujian,0.19024331994170612,Power
2020-02-26,Fujian,0.1944103070497189,Power
2020-02-27,Fujian,0.19328062904787927,Power
2020-02-28,Fujian,0.20087476813079821,Power
2020-02-29,Fujian,0.20159900954915552,Power
2020-02-01,Tibet,0.001402792060946322,Power
2020-02-02,Tibet,0.0014063167309519235,Power
2020-02-03,Tibet,0.0013775873452458892,Power
2020-02-04,Tibet,0.0013943860554990009,Power
2020-02-05,Tibet,0.001416757734553422,Power
2020-02-06,Tibet,0.0014606764528873693,Power
2020-02-07,Tibet,0.0014483467581885296,Power
2020-02-08,Tibet,0.00136551036273613,Power
2020-02-09,Tibet,0.0012961089452937606,Power
2020-02-10,Tibet,0.0013415160054149789,Power
2020-02-11,Tibet,0.0013255259741669257,Power
2020-02-12,Tibet,0.00131142729414452,Power
2020-02-13,Tibet,0.001282688597989414,Power
2020-02-14,Tibet,0.0013119699603189672,Power
2020-02-15,Tibet,0.0012977356137529497,Power
2020-02-16,Tibet,0.001320510302245747,Power
2020-02-17,Tibet,0.001360908340766552,Power
2020-02-18,Tibet,0.0013846366852570916,Power
2020-02-19,Tibet,0.0014429200964440566,Power
2020-02-20,Tibet,0.0013823223736307722,Power
2020-02-21,Tibet,0.001374328688070899,Power
2020-02-22,Tibet,0.0013725597027473327,Power
2020-02-23,Tibet,0.0013171212987837576,Power
2020-02-24,Tibet,0.0014099744073728304,Power
2020-02-25,Tibet,0.001460410440056758,Power
2020-02-26,Tibet,0.0014923984829377825,Power
2020-02-27,Tibet,0.00148372646465985,Power
2020-02-28,Tibet,0.0015420231764883452,Power
2020-02-29,Tibet,0.0015475828446481243,Power
2020-02-01,Guizhou,0.21532951779855874,Power
2020-02-02,Guizhou,0.21587055699733582,Power
2020-02-03,Guizhou,0.2114605771129644,Power
2020-02-04,Guizhou,0.21403919035090935,Power
2020-02-05,Guizhou,0.2174732580201282,Power
2020-02-06,Guizhou,0.22421481060262563,Power
2020-02-07,Guizhou,0.22232219423558292,Power
2020-02-08,Guizhou,0.2096067522356453,Power
2020-02-09,Guizhou,0.19895358832885743,Power
2020-02-10,Guizhou,0.20592360236925358,Power
2020-02-11,Guizhou,0.20346912189842423,Power
2020-02-12,Guizhou,0.20130496510331605,Power
2020-02-13,Guizhou,0.1968935560587969,Power
2020-02-14,Guizhou,0.20138826472335417,Power
2020-02-15,Guizhou,0.19920328302323645,Power
2020-02-16,Guizhou,0.20269921291027773,Power
2020-02-17,Guizhou,0.2089003387912043,Power
2020-02-18,Guizhou,0.21254265551051846,Power
2020-02-19,Guizhou,0.22148919803520167,Power
2020-02-20,Guizhou,0.21218740713094408,Power
2020-02-21,Guizhou,0.21096037106126486,Power
2020-02-22,Guizhou,0.21068883063319938,Power
2020-02-23,Guizhou,0.2021789986165102,Power
2020-02-24,Guizhou,0.2164320127696516,Power
2020-02-25,Guizhou,0.22417397745554815,Power
2020-02-26,Guizhou,0.2290841633916191,Power
2020-02-27,Guizhou,0.2277530027968922,Power
2020-02-28,Guizhou,0.23670158697892926,Power
2020-02-29,Guizhou,0.23755499975284927,Power
2020-02-01,Liaoning,0.4381655650767875,Power
2020-02-02,Liaoning,0.4392665044588309,Power
2020-02-03,Liaoning,0.4302928098731191,Power
2020-02-04,Liaoning,0.43553992851282003,Power
2020-02-05,Liaoning,0.4425277777226197,Power
2020-02-06,Liaoning,0.4562458978717033,Power
2020-02-07,Liaoning,0.45239468727866866,Power
2020-02-08,Liaoning,0.42652053455653277,Power
2020-02-09,Liaoning,0.4048428303996873,Power
2020-02-10,Liaoning,0.4190258377821697,Power
2020-02-11,Liaoning,0.4140313120271035,Power
2020-02-12,Liaoning,0.4096275544989301,Power
2020-02-13,Liaoning,0.4006509517714544,Power
2020-02-14,Liaoning,0.40979705761888247,Power
2020-02-15,Liaoning,0.40535092431072095,Power
2020-02-16,Liaoning,0.4124646545140147,Power
2020-02-17,Liaoning,0.42508308162752517,Power
2020-02-18,Liaoning,0.4324946886372057,Power
2020-02-19,Liaoning,0.45069965607914536,Power
2020-02-20,Liaoning,0.43177180768446777,Power
2020-02-21,Liaoning,0.42927496025575823,Power
2020-02-22,Liaoning,0.42872241332061944,Power
2020-02-23,Liaoning,0.4114060909119594,Power
2020-02-24,Liaoning,0.4404089887232155,Power
2020-02-25,Liaoning,0.4561628081070208,Power
2020-02-26,Liaoning,0.4661543523100935,Power
2020-02-27,Liaoning,0.4634456259814435,Power
2020-02-28,Liaoning,0.4816547479116172,Power
2020-02-29,Liaoning,0.48339132399348184,Power
2020-02-01,Chongqing,0.09223591911546657,Power
2020-02-02,Chongqing,0.09246767205062793,Power
2020-02-03,Chongqing,0.09057866699421835,Power
2020-02-04,Chongqing,0.09168321022859117,Power
2020-02-05,Chongqing,0.09315418546233235,Power
2020-02-06,Chongqing,0.09604191448838072,Power
2020-02-07,Chongqing,0.09523121648500495,Power
2020-02-08,Chongqing,0.08978458523902393,Power
2020-02-09,Chongqing,0.08522132621872779,Power
2020-02-10,Chongqing,0.08820691620117073,Power
2020-02-11,Chongqing,0.0871555449609783,Power
2020-02-12,Chongqing,0.08622853322033286,Power
2020-02-13,Chongqing,0.08433891598635868,Power
2020-02-14,Chongqing,0.08626421442695392,Power
2020-02-15,Chongqing,0.08532828238465322,Power
2020-02-16,Chongqing,0.0868257561615468,Power
2020-02-17,Chongqing,0.0894819946142472,Power
2020-02-18,Chongqing,0.09104217286454104,Power
2020-02-19,Chongqing,0.09487440441879424,Power
2020-02-20,Chongqing,0.09089000301277471,Power
2020-02-21,Chongqing,0.09036440484661633,Power
2020-02-22,Chongqing,0.09024809110934666,Power
2020-02-23,Chongqing,0.08660292352804069,Power
2020-02-24,Chongqing,0.09270817037956895,Power
2020-02-25,Chongqing,0.09602442370082138,Power
2020-02-26,Chongqing,0.09812769090483299,Power
2020-02-27,Chongqing,0.09755749123039825,Power
2020-02-28,Chongqing,0.1013905973240294,Power
2020-02-29,Chongqing,0.10175615478401978,Power
2020-02-01,Shaanxi,0.5502522092309324,Power
2020-02-02,Shaanxi,0.5516347786875088,Power
2020-02-03,Shaanxi,0.5403655333056033,Power
2020-02-04,Shaanxi,0.5469549115080786,Power
2020-02-05,Shaanxi,0.5557303146249143,Power
2020-02-06,Shaanxi,0.572957651778179,Power
2020-02-07,Shaanxi,0.568121267301778,Power
2020-02-08,Shaanxi,0.5356282764506171,Power
2020-02-09,Shaanxi,0.5084052229884666,Power
2020-02-10,Shaanxi,0.526216369659433,Power
2020-02-11,Shaanxi,0.5199441998454853,Power
2020-02-12,Shaanxi,0.5144139220191799,Power
2020-02-13,Shaanxi,0.5031410245670117,Power
2020-02-14,Shaanxi,0.5146267855430603,Power
2020-02-15,Shaanxi,0.5090432918357848,Power
2020-02-16,Shaanxi,0.517976777422561,Power
2020-02-17,Shaanxi,0.5338231102922192,Power
2020-02-18,Shaanxi,0.5431306722187559,Power
2020-02-19,Shaanxi,0.5659926320629737,Power
2020-02-20,Shaanxi,0.5422228718963247,Power
2020-02-21,Shaanxi,0.5390873087136742,Power
2020-02-22,Shaanxi,0.5383934153637698,Power
2020-02-23,Shaanxi,0.5166474238469547,Power
2020-02-24,Shaanxi,0.5530695205764088,Power
2020-02-25,Shaanxi,0.5728533069135319,Power
2020-02-26,Shaanxi,0.5854007768873665,Power
2020-02-27,Shaanxi,0.5819991342998654,Power
2020-02-28,Shaanxi,0.6048663113873155,Power
2020-02-29,Shaanxi,0.6070471190584434,Power
2020-02-01,Qinghai,0.11694303909945036,Power
2020-02-02,Qinghai,0.11723687140272107,Power
2020-02-03,Qinghai,0.11484186093077876,Power
2020-02-04,Qinghai,0.11624227677617836,Power
2020-02-05,Qinghai,0.118107280301089,Power
2020-02-06,Qinghai,0.12176854167995636,Power
2020-02-07,Qinghai,0.12074068301908114,Power
2020-02-08,Qinghai,0.11383506949164744,Power
2020-02-09,Qinghai,0.1080494560001901,Power
2020-02-10,Qinghai,0.11183479222711784,Power
2020-02-11,Qinghai,0.11050179149129882,Power
2020-02-12,Qinghai,0.10932646227821603,Power
2020-02-13,Qinghai,0.10693067564547261,Power
2020-02-14,Qinghai,0.10937170136490827,Power
2020-02-15,Qinghai,0.10818506238015241,Power
2020-02-16,Qinghai,0.1100836625797389,Power
2020-02-17,Qinghai,0.1134514242956789,Power
2020-02-18,Qinghai,0.11542952553732014,Power
2020-02-19,Qinghai,0.12028829215215871,Power
2020-02-20,Qinghai,0.11523659413819144,Power
2020-02-21,Qinghai,0.11457020465039641,Power
2020-02-22,Qinghai,0.11442273409818884,Power
2020-02-23,Qinghai,0.10980114004814126,Power
2020-02-24,Qinghai,0.11754179171743594,Power
2020-02-25,Qinghai,0.12174636565706803,Power
2020-02-26,Qinghai,0.12441303240939268,Power
2020-02-27,Qinghai,0.12369009406323232,Power
2020-02-28,Qinghai,0.1285499694792153,Power
2020-02-29,Qinghai,0.1290134483575819,Power
2020-02-01,Heilongjiang,0.200979460694459,Power
2020-02-02,Heilongjiang,0.20148444378965405,Power
2020-02-03,Heilongjiang,0.197368355164668,Power
2020-02-04,Heilongjiang,0.19977512365233346,Power
2020-02-05,Heilongjiang,0.2029803371093828,Power
2020-02-06,Heilongjiang,0.20927261703517167,Power
2020-02-07,Heilongjiang,0.20750612900028184,Power
2020-02-08,Heilongjiang,0.19563807346490533,Power
2020-02-09,Heilongjiang,0.18569486104068547,Power
2020-02-10,Heilongjiang,0.19220037722440772,Power
2020-02-11,Heilongjiang,0.18990946900914923,Power
2020-02-12,Heilongjiang,0.18788953662836905,Power
2020-02-13,Heilongjiang,0.18377211408577301,Power
2020-02-14,Heilongjiang,0.1879672849690632,Power
2020-02-15,Heilongjiang,0.18592791550310947,Power
2020-02-16,Heilongjiang,0.18919086853670375,Power
2020-02-17,Heilongjiang,0.19497873704627328,Power
2020-02-18,Heilongjiang,0.19837832135505806,Power
2020-02-19,Heilongjiang,0.20672864559334003,Power
2020-02-20,Heilongjiang,0.1980467475491564,Power
2020-02-21,Heilongjiang,0.1969014840011858,Power
2020-02-22,Heilongjiang,0.19664803965529543,Power
2020-02-23,Heilongjiang,0.18870532252668223,Power
2020-02-24,Heilongjiang,0.2020084828507055,Power
2020-02-25,Heilongjiang,0.20923450510345887,Power
2020-02-26,Heilongjiang,0.21381746489192713,Power
2020-02-27,Heilongjiang,0.21257501591808875,Power
2020-02-28,Heilongjiang,0.22092724575295636,Power
2020-02-29,Heilongjiang,0.22172378512575458,Power
2020-03-01,Shanghai,0.09689647434284435,Power
2020-03-02,Shanghai,0.10221684629427381,Power
2020-03-03,Shanghai,0.10252913522411,Power
2020-03-04,Shanghai,0.10297512583644487,Power
2020-03-05,Shanghai,0.09906530663537644,Power
2020-03-06,Shanghai,0.10525187448699376,Power
2020-03-07,Shanghai,0.09999357831672438,Power
2020-03-08,Shanghai,0.09758408299569467,Power
2020-03-09,Shanghai,0.105100027576156,Power
2020-03-10,Shanghai,0.10298467595662335,Power
2020-03-11,Shanghai,0.10213662528477462,Power
2020-03-12,Shanghai,0.10147575696842401,Power
2020-03-13,Shanghai,0.10388620730147158,Power
2020-03-14,Shanghai,0.10270772247144751,Power
2020-03-15,Shanghai,0.1014576117400849,Power
2020-03-16,Shanghai,0.105965268464326,Power
2020-03-17,Shanghai,0.10482307409098014,Power
2020-03-18,Shanghai,0.09996683798022464,Power
2020-03-19,Shanghai,0.10361784892445636,Power
2020-03-20,Shanghai,0.10565297953448981,Power
2020-03-21,Shanghai,0.10655451087933802,Power
2020-03-22,Shanghai,0.10318045342028212,Power
2020-03-23,Shanghai,0.11020552182356973,Power
2020-03-24,Shanghai,0.1073672261065264,Power
2020-03-25,Shanghai,0.10406479454880907,Power
2020-03-26,Shanghai,0.11081290946692085,Power
2020-03-27,Shanghai,0.10862593194604964,Power
2020-03-28,Shanghai,0.109946713566733,Power
2020-03-29,Shanghai,0.11141934209825415,Power
2020-03-30,Shanghai,0.11350890839330487,Power
2020-03-31,Shanghai,0.11302662732429179,Power
2020-03-01,Yunnan,0.022893844954902546,Power
2020-03-02,Yunnan,0.024150895548172492,Power
2020-03-03,Yunnan,0.02422468042413718,Power
2020-03-04,Yunnan,0.02433005515525494,Power
2020-03-05,Yunnan,0.02340627753384996,Power
2020-03-06,Yunnan,0.02486798526014734,Power
2020-03-07,Yunnan,0.02362560138534132,Power
2020-03-08,Yunnan,0.023056307067118368,Power
2020-03-09,Yunnan,0.024832108210366348,Power
2020-03-10,Yunnan,0.02433231157348016,Power
2020-03-11,Yunnan,0.024131941635080645,Power
2020-03-12,Yunnan,0.023975797493895435,Power
2020-03-13,Yunnan,0.024545317453940913,Power
2020-03-14,Yunnan,0.024266875444948786,Power
2020-03-15,Yunnan,0.02397151029926752,Power
2020-03-16,Yunnan,0.02503653970157126,Power
2020-03-17,Yunnan,0.024766672081834973,Power
2020-03-18,Yunnan,0.023619283414310705,Power
2020-03-19,Yunnan,0.024481912101812234,Power
2020-03-20,Yunnan,0.024962754825606573,Power
2020-03-21,Yunnan,0.025175760706067325,Power
2020-03-22,Yunnan,0.024378568147097168,Power
2020-03-23,Yunnan,0.02603838939356885,Power
2020-03-24,Yunnan,0.025367781897033526,Power
2020-03-25,Yunnan,0.024587512474752514,Power
2020-03-26,Yunnan,0.026181897592692824,Power
2020-03-27,Yunnan,0.025665177819117493,Power
2020-03-28,Yunnan,0.02597724045966539,Power
2020-03-29,Yunnan,0.026325180149994284,Power
2020-03-30,Yunnan,0.026818884457672373,Power
2020-03-31,Yunnan,0.026704935337298775,Power
2020-03-01,InnerMongolia,0.8334828687324947,Power
2020-03-02,InnerMongolia,0.8792475769623438,Power
2020-03-03,InnerMongolia,0.8819338199332935,Power
2020-03-04,InnerMongolia,0.8857701363474632,Power
2020-03-05,InnerMongolia,0.8521387029435855,Power
2020-03-06,InnerMongolia,0.9053542441234388,Power
2020-03-07,InnerMongolia,0.860123498563656,Power
2020-03-08,InnerMongolia,0.8393975321547691,Power
2020-03-09,InnerMongolia,0.9040480892843533,Power
2020-03-10,InnerMongolia,0.8858522844505503,Power
2020-03-11,InnerMongolia,0.8785575328964118,Power
2020-03-12,InnerMongolia,0.8728728841627813,Power
2020-03-13,InnerMongolia,0.893607065381977,Power
2020-03-14,InnerMongolia,0.883469989461023,Power
2020-03-15,InnerMongolia,0.8727168027669157,Power
2020-03-16,InnerMongolia,0.9114907074240487,Power
2020-03-17,InnerMongolia,0.901665794294826,Power
2020-03-18,InnerMongolia,0.859893483875012,Power
2020-03-19,InnerMongolia,0.8912987036852281,Power
2020-03-20,InnerMongolia,0.908804464453099,Power
2020-03-21,InnerMongolia,0.9165592453845257,Power
2020-03-22,InnerMongolia,0.8875363205638368,Power
2020-03-23,InnerMongolia,0.9479644651947416,Power
2020-03-24,InnerMongolia,0.9235500489572418,Power
2020-03-25,InnerMongolia,0.8951432349097064,Power
2020-03-26,InnerMongolia,0.9531890845510841,Power
2020-03-27,InnerMongolia,0.9343771689441276,Power
2020-03-28,InnerMongolia,0.9457382516010799,Power
2020-03-29,InnerMongolia,0.958405489097118,Power
2020-03-30,InnerMongolia,0.9763794940525854,Power
2020-03-31,InnerMongolia,0.9722310148466846,Power
2020-03-01,Beijing,0.06269455702010353,Power
2020-03-02,Beijing,0.06613697703527188,Power
2020-03-03,Beijing,0.06633903615301737,Power
2020-03-04,Beijing,0.06662760376154071,Power
2020-03-05,Beijing,0.064097848324079,Power
2020-03-06,Beijing,0.06810071977592976,Power
2020-03-07,Beijing,0.06469846441719398,Power
2020-03-08,Beijing,0.06313945782981834,Power
2020-03-09,Beijing,0.06800247084711775,Power
2020-03-10,Beijing,0.06663378293945342,Power
2020-03-11,Beijing,0.06608507194080517,Power
2020-03-12,Beijing,0.06565747282924593,Power
2020-03-13,Beijing,0.06721709733441285,Power
2020-03-14,Beijing,0.06645458677998495,Power
2020-03-15,Beijing,0.06564573239121178,Power
2020-03-16,Beijing,0.06856230436600888,Power
2020-03-17,Beijing,0.06782327468764927,Power
2020-03-18,Beijing,0.06468116271903841,Power
2020-03-19,Beijing,0.06704346243506581,Power
2020-03-20,Beijing,0.06836024524826341,Power
2020-03-21,Beijing,0.06894355964322284,Power
2020-03-22,Beijing,0.0667604560866639,Power
2020-03-23,Beijing,0.07130585935925023,Power
2020-03-24,Beijing,0.06946940768359408,Power
2020-03-25,Beijing,0.06733264796138043,Power
2020-03-26,Beijing,0.0716988550744983,Power
2020-03-27,Beijing,0.07028382333248868,Power
2020-03-28,Beijing,0.07113840363781589,Power
2020-03-29,Beijing,0.07209123287195512,Power
2020-03-30,Beijing,0.07344323699925512,Power
2020-03-31,Beijing,0.07313118851466349,Power
2020-03-01,Jilin,0.1225464193229686,Power
2020-03-02,Jilin,0.12927517324859775,Power
2020-03-03,Jilin,0.12967012972565403,Power
2020-03-04,Jilin,0.13023418071888127,Power
2020-03-05,Jilin,0.12528937393885511,Power
2020-03-06,Jilin,0.13311361876567715,Power
2020-03-07,Jilin,0.1264633730082702,Power
2020-03-08,Jilin,0.12341604826327607,Power
2020-03-09,Jilin,0.13292157570802593,Power
2020-03-10,Jilin,0.13024625889860775,Power
2020-03-11,Jilin,0.1291737165388952,Power
2020-03-12,Jilin,0.1283379065018219,Power
2020-03-13,Jilin,0.1313864390647887,Power
2020-03-14,Jilin,0.12989599168653945,Power
2020-03-15,Jilin,0.12831495796034156,Power
2020-03-16,Jilin,0.13401585879124617,Power
2020-03-17,Jilin,0.1325713084959576,Power
2020-03-18,Jilin,0.126429554105036,Power
2020-03-19,Jilin,0.13104704221447422,Power
2020-03-20,Jilin,0.13362090231418985,Power
2020-03-21,Jilin,0.13476108248037078,Power
2020-03-22,Jilin,0.13049386158300086,Power
2020-03-23,Jilin,0.13937857058980896,Power
2020-03-24,Jilin,0.1357889355750953,Power
2020-03-25,Jilin,0.13161230102567406,Power
2020-03-26,Jilin,0.1401467428204139,Power
2020-03-27,Jilin,0.13738083966304704,Power
2020-03-28,Jilin,0.139051251919221,Power
2020-03-29,Jilin,0.1409137072330462,Power
2020-03-30,Jilin,0.1435564129572028,Power
2020-03-31,Jilin,0.14294646488101495,Power
2020-03-01,Sichuan,0.042891246763039015,Power
2020-03-02,Sichuan,0.04524631063700921,Power
2020-03-03,Sichuan,0.04538454540397892,Power
2020-03-04,Sichuan,0.045581963251608446,Power
2020-03-05,Sichuan,0.04385128087859929,Power
2020-03-06,Sichuan,0.046589766567987,Power
2020-03-07,Sichuan,0.04426218055289457,Power
2020-03-08,Sichuan,0.04319561689214663,Power
2020-03-09,Sichuan,0.046522551497809074,Power
2020-03-10,Sichuan,0.04558619061451272,Power
2020-03-11,Sichuan,0.04521080078861332,Power
2020-03-12,Sichuan,0.04491826727563767,Power
2020-03-13,Sichuan,0.045985253672676044,Power
2020-03-14,Sichuan,0.04546359709028881,Power
2020-03-15,Sichuan,0.044910235286119544,Power
2020-03-16,Sichuan,0.04690555057693616,Power
2020-03-17,Sichuan,0.04639995797358517,Power
2020-03-18,Sichuan,0.04425034393676261,Power
2020-03-19,Sichuan,0.04586646477506598,Power
2020-03-20,Sichuan,0.04676731580996645,Power
2020-03-21,Sichuan,0.04716637886812978,Power
2020-03-22,Sichuan,0.0456728515540503,Power
2020-03-23,Sichuan,0.04878249970643314,Power
2020-03-24,Sichuan,0.04752612745128336,Power
2020-03-25,Sichuan,0.046064305358985924,Power
2020-03-26,Sichuan,0.04905135998714487,Power
2020-03-27,Sichuan,0.04808329388206647,Power
2020-03-28,Sichuan,0.048667938171727355,Power
2020-03-29,Sichuan,0.04931979753156617,Power
2020-03-30,Sichuan,0.05024474453502099,Power
2020-03-31,Sichuan,0.05003126270835523,Power
2020-03-01,Tianjin,0.1244574745950617,Power
2020-03-02,Tianjin,0.13129116035578836,Power
2020-03-03,Tianjin,0.1316922759981789,Power
2020-03-04,Tianjin,0.13226512310825955,Power
2020-03-05,Tianjin,0.1272432043316638,Power
2020-03-06,Tianjin,0.1351894646723544,Power
2020-03-07,Tianjin,0.12843551137876957,Power
2020-03-08,Tianjin,0.12534066500032523,Power
2020-03-09,Tianjin,0.13499442679119206,Power
2020-03-10,Tianjin,0.132277389641666,Power
2020-03-11,Tianjin,0.1311881214751743,Power
2020-03-12,Tianjin,0.13033927736344877,Power
2020-03-13,Tianjin,0.13343535039523377,Power
2020-03-14,Tianjin,0.1319216601728793,Power
2020-03-15,Tianjin,0.13031597094997655,Power
2020-03-16,Tianjin,0.13610577471781535,Power
2020-03-17,Tianjin,0.13463869732240533,Power
2020-03-18,Tianjin,0.12840116508523153,Power
2020-03-19,Tianjin,0.13309066080651283,Power
2020-03-20,Tianjin,0.1357046590754248,Power
2020-03-21,Tianjin,0.1368626198289926,Power
2020-03-22,Tianjin,0.13252885357649796,Power
2020-03-23,Tianjin,0.14155211555027386,Power
2020-03-24,Tianjin,0.13790650182188044,Power
2020-03-25,Tianjin,0.1336647345699341,Power
2020-03-26,Tianjin,0.1423322670749233,Power
2020-03-27,Tianjin,0.13952323092484897,Power
2020-03-28,Tianjin,0.14121969249495936,Power
2020-03-29,Tianjin,0.14311119194623215,Power
2020-03-30,Tianjin,0.1457951094555608,Power
2020-03-31,Tianjin,0.14517564951853568,Power
2020-03-01,Ningxia,0.23907600056270667,Power
2020-03-02,Ningxia,0.25220313708940006,Power
2020-03-03,Ningxia,0.2529736582964057,Power
2020-03-04,Ningxia,0.25407406625870443,Power
2020-03-05,Ningxia,0.24442723500035174,Power
2020-03-06,Ningxia,0.2596915664345502,Power
2020-03-07,Ningxia,0.2467175916156714,Power
2020-03-08,Ningxia,0.240772561018499,Power
2020-03-09,Ningxia,0.2593169093338961,Power
2020-03-10,Ningxia,0.2540976295983682,Power
2020-03-11,Ningxia,0.2520052050362243,Power
2020-03-12,Ningxia,0.2503746219314905,Power
2020-03-13,Ningxia,0.2563220088626293,Power
2020-03-14,Ningxia,0.2534142927481185,Power
2020-03-15,Ningxia,0.2503298515861293,Power
2020-03-16,Ningxia,0.2614517479074348,Power
2020-03-17,Ningxia,0.2586335724836464,Power
2020-03-18,Ningxia,0.2466516142646128,Power
2020-03-19,Ningxia,0.25565987901807696,Power
2020-03-20,Ningxia,0.26068122670042915,Power
2020-03-21,Ningxia,0.26290560596469026,Power
2020-03-22,Ningxia,0.2545806780614757,Power
2020-03-23,Ningxia,0.27191387071815437,Power
2020-03-24,Ningxia,0.26491084617007815,Power
2020-03-25,Ningxia,0.25676264331434195,Power
2020-03-26,Ningxia,0.2734124991207709,Power
2020-03-27,Ningxia,0.2680164943377647,Power
2020-03-28,Ningxia,0.27127530421326584,Power
2020-03-29,Ningxia,0.2749087711894212,Power
2020-03-30,Ningxia,0.2800644299078568,Power
2020-03-31,Ningxia,0.2788744812548358,Power
2020-03-01,Anhui,0.47333554463496624,Power
2020-03-02,Anhui,0.4993253566727088,Power
2020-03-03,Anhui,0.5008508760653387,Power
2020-03-04,Anhui,0.5030295230266789,Power
2020-03-05,Anhui,0.48393020683882787,Power
2020-03-06,Anhui,0.5141513524824279,Power
2020-03-07,Anhui,0.4884647782444437,Power
2020-03-08,Anhui,0.4766944864169038,Power
2020-03-09,Anhui,0.5134095861722502,Power
2020-03-10,Anhui,0.5030761749958725,Power
2020-03-11,Anhui,0.49893348013148275,Power
2020-03-12,Anhui,0.4957051638632871,Power
2020-03-13,Anhui,0.5074801208877463,Power
2020-03-14,Anhui,0.5017232678892587,Power
2020-03-15,Anhui,0.4956165251218193,Power
2020-03-16,Anhui,0.5176362545811883,Power
2020-03-17,Anhui,0.5120566790656363,Power
2020-03-18,Anhui,0.48833415273070163,Power
2020-03-19,Anhui,0.5061692005534068,Power
2020-03-20,Anhui,0.5161107351885583,Power
2020-03-21,Anhui,0.5205146810804322,Power
2020-03-22,Anhui,0.5040325403643409,Power
2020-03-23,Anhui,0.5383497289031371,Power
2020-03-24,Anhui,0.5244847636588057,Power
2020-03-25,Anhui,0.508352512711666,Power
2020-03-26,Anhui,0.5413167941438487,Power
2020-03-27,Anhui,0.5306334931985193,Power
2020-03-28,Anhui,0.5370854605379911,Power
2020-03-29,Anhui,0.544279194187641,Power
2020-03-30,Anhui,0.5544866450471959,Power
2020-03-31,Anhui,0.5521307206029202,Power
2020-03-01,Shandong,1.0856705000760776,Power
2020-03-02,Shandong,1.1452822755949845,Power
2020-03-03,Shandong,1.14878129742135,Power
2020-03-04,Shandong,1.1537783714057925,Power
2020-03-05,Shandong,1.109971046154598,Power
2020-03-06,Shandong,1.1792880595833324,Power
2020-03-07,Shandong,1.1203718082806753,Power
2020-03-08,Shandong,1.0933747683176163,Power
2020-03-09,Shandong,1.1775867003466594,Power
2020-03-10,Shandong,1.1538853751313696,Power
2020-03-11,Shandong,1.1443834443001384,Power
2020-03-12,Shandong,1.1369787864902148,Power
2020-03-13,Shandong,1.1639865268258316,Power
2020-03-14,Shandong,1.1507822670896384,Power
2020-03-15,Shandong,1.1367754794116185,Power
2020-03-16,Shandong,1.187281237883929,Power
2020-03-17,Shandong,1.1744835923049284,Power
2020-03-18,Shandong,1.1200721978490598,Power
2020-03-19,Shandong,1.1609797221371199,Power
2020-03-20,Shandong,1.1837822160575635,Power
2020-03-21,Shandong,1.1938833677520257,Power
2020-03-22,Shandong,1.1560789515056966,Power
2020-03-23,Shandong,1.2347908920400854,Power
2020-03-24,Shandong,1.2029893847986222,Power
2020-03-25,Shandong,1.16598749649412,Power
2020-03-26,Shandong,1.241596328986778,Power
2020-03-27,Shandong,1.2170924758296613,Power
2020-03-28,Shandong,1.2318910910769505,Power
2020-03-29,Shandong,1.2483910655609132,Power
2020-03-30,Shandong,1.271803480717145,Power
2020-03-31,Shandong,1.2663997925755102,Power
2020-03-01,Shanxi,0.5196219005298331,Power
2020-03-02,Shanxi,0.5481531944048363,Power
2020-03-03,Shanxi,0.5498278907066001,Power
2020-03-04,Shanxi,0.5522195823669171,Power
2020-03-05,Shanxi,0.5312525895246514,Power
2020-03-06,Shanxi,0.5644289890439963,Power
2020-03-07,Shanxi,0.5362305858711784,Power
2020-03-08,Shanxi,0.5233093052309643,Power
2020-03-09,Shanxi,0.5636146871724965,Power
2020-03-10,Shanxi,0.5522707963210995,Power
2020-03-11,Shanxi,0.5477229971897044,Power
2020-03-12,Shanxi,0.5441789915602837,Power
2020-03-13,Shanxi,0.5571053935959162,Power
2020-03-14,Shanxi,0.5507855916498106,Power
2020-03-15,Shanxi,0.5440816850473372,Power
2020-03-16,Shanxi,0.5682546714214199,Power
2020-03-17,Shanxi,0.5621294825012074,Power
2020-03-18,Shanxi,0.5360871867994678,Power
2020-03-19,Shanxi,0.5556662814833913,Power
2020-03-20,Shanxi,0.5665799751196562,Power
2020-03-21,Shanxi,0.5714145723944728,Power
2020-03-22,Shanxi,0.5533206823818383,Power
2020-03-23,Shanxi,0.5909936670783962,Power
2020-03-24,Shanxi,0.5757728798953932,Power
2020-03-25,Shanxi,0.5580630945391265,Power
2020-03-26,Shanxi,0.5942508745643954,Power
2020-03-27,Shanxi,0.5825228790566307,Power
2020-03-28,Shanxi,0.5896057689200537,Power
2020-03-29,Shanxi,0.5975029606549765,Power
2020-03-30,Shanxi,0.6087085738300809,Power
2020-03-31,Shanxi,0.6061222691438708,Power
2020-03-01,Guangdong,0.41767904585911797,Power
2020-03-02,Guangdong,0.44061288215563726,Power
2020-03-03,Guangdong,0.4419590254816042,Power
2020-03-04,Guangdong,0.4438814992835203,Power
2020-03-05,Guangdong,0.4270279495082645,Power
2020-03-06,Guangdong,0.4536955839596829,Power
2020-03-07,Guangdong,0.43102932966985424,Power
2020-03-08,Guangdong,0.42064303116399926,Power
2020-03-09,Guangdong,0.453041037204855,Power
2020-03-10,Guangdong,0.4439226657460881,Power
2020-03-11,Guangdong,0.4402670838700678,Power
2020-03-12,Guangdong,0.4374183646603763,Power
2020-03-13,Guangdong,0.4478087798124881,Power
2020-03-14,Guangdong,0.44272883833162197,Power
2020-03-15,Guangdong,0.4373401483814975,Power
2020-03-16,Guangdong,0.45677071871349734,Power
2020-03-17,Guangdong,0.45184720979038884,Power
2020-03-18,Guangdong,0.4309140635746644,Power
2020-03-19,Guangdong,0.446652002214333,Power
2020-03-20,Guangdong,0.4554245753875304,Power
2020-03-21,Guangdong,0.4593106894539304,Power
2020-03-22,Guangdong,0.4447665782287279,Power
2020-03-23,Guangdong,0.4750486280935989,Power
2020-03-24,Guangdong,0.46281395541844983,Power
2020-03-25,Guangdong,0.44857859266250577,Power
2020-03-26,Guangdong,0.4776668151129107,Power
2020-03-27,Guangdong,0.46823969518488534,Power
2020-03-28,Guangdong,0.47393301695801154,Power
2020-03-29,Guangdong,0.4802808854859658,Power
2020-03-30,Guangdong,0.48928810749579954,Power
2020-03-31,Guangdong,0.4872092011361259,Power
2020-03-01,Guangxi,0.14616885410035663,Power
2020-03-02,Guangxi,0.15419466388138664,Power
2020-03-03,Guangxi,0.15466575341619132,Power
2020-03-04,Guangxi,0.15533853266008665,Power
2020-03-05,Guangxi,0.14944054930996337,Power
2020-03-06,Guangxi,0.15877302027774517,Power
2020-03-07,Guangxi,0.1508408521473644,Power
2020-03-08,Guangxi,0.14720611546139442,Power
2020-03-09,Guangxi,0.15854395839384935,Power
2020-03-10,Guangxi,0.15535293906787886,Power
2020-03-11,Guangxi,0.15407365005593224,Power
2020-03-12,Guangxi,0.15307672663671257,Power
2020-03-13,Guangxi,0.15671290396346177,Power
2020-03-14,Guangxi,0.1549351532419053,Power
2020-03-15,Guangxi,0.1530493544619074,Power
2020-03-16,Guangxi,0.15984917893982192,Power
2020-03-17,Guangxi,0.15812617256787576,Power
2020-03-18,Guangxi,0.15080051420554624,Power
2020-03-19,Guangxi,0.15630808390450115,Power
2020-03-20,Guangxi,0.15937808940501724,Power
2020-03-21,Guangxi,0.16073805430060015,Power
2020-03-22,Guangxi,0.15564827042761878,Power
2020-03-23,Guangxi,0.16624562399955503,Power
2020-03-24,Guangxi,0.16196403960371566,Power
2020-03-25,Guangxi,0.15698230378917571,Power
2020-03-26,Guangxi,0.16716187153513842,Power
2020-03-27,Guangxi,0.16386280415072652,Power
2020-03-28,Guangxi,0.16585521034838663,Power
2020-03-29,Guangxi,0.16807667842994262,Power
2020-03-30,Guangxi,0.17122880045487415,Power
2020-03-31,Guangxi,0.17050127686136848,Power
2020-03-01,Xinjiang,0.5187917858960176,Power
2020-03-02,Xinjiang,0.5472775000051503,Power
2020-03-03,Xinjiang,0.548949520919472,Power
2020-03-04,Xinjiang,0.5513373917665308,Power
2020-03-05,Xinjiang,0.530403894447775,Power
2020-03-06,Xinjiang,0.5635272934782832,Power
2020-03-07,Xinjiang,0.5353739382664927,Power
2020-03-08,Xinjiang,0.5224732998358085,Power
2020-03-09,Xinjiang,0.5627142924832461,Power
2020-03-10,Xinjiang,0.5513885239045836,Power
2020-03-11,Xinjiang,0.5468479900455081,Power
2020-03-12,Xinjiang,0.5433096460922645,Power
2020-03-13,Xinjiang,0.556215397736754,Power
2020-03-14,Xinjiang,0.5499056919010565,Power
2020-03-15,Xinjiang,0.5432124950299644,Power
2020-03-16,Xinjiang,0.5673468641908165,Power
2020-03-17,Xinjiang,0.5612314604797192,Power
2020-03-18,Xinjiang,0.5352307682799453,Power
2020-03-19,Xinjiang,0.5547785846574744,Power
2020-03-20,Xinjiang,0.5656748432764948,Power
2020-03-21,Xinjiang,0.5705017171086652,Power
2020-03-22,Xinjiang,0.5524367327346629,Power
2020-03-23,Xinjiang,0.5900495334861942,Power
2020-03-24,Xinjiang,0.5748530620569459,Power
2020-03-25,Xinjiang,0.5571715687183384,Power
2020-03-26,Xinjiang,0.5933015374663428,Power
2020-03-27,Xinjiang,0.5815922778522854,Power
2020-03-28,Xinjiang,0.5886638525449672,Power
2020-03-29,Xinjiang,0.5965484282326863,Power
2020-03-30,Xinjiang,0.6077361400386065,Power
2020-03-31,Xinjiang,0.6051539670669477,Power
2020-03-01,Jiangsu,0.7075921026833633,Power
2020-03-02,Jiangsu,0.7464444262761626,Power
2020-03-03,Jiangsu,0.7487249342307211,Power
2020-03-04,Jiangsu,0.75198180644717,Power
2020-03-05,Jiangsu,0.7234301258173154,Power
2020-03-06,Jiangsu,0.7686078950210766,Power
2020-03-07,Jiangsu,0.7302088834070121,Power
2020-03-08,Jiangsu,0.7126134046016571,Power
2020-03-09,Jiangsu,0.7674990241807869,Power
2020-03-10,Jiangsu,0.7520515467515908,Power
2020-03-11,Jiangsu,0.7458586077190283,Power
2020-03-12,Jiangsu,0.7410325786531125,Power
2020-03-13,Jiangsu,0.7586350314889095,Power
2020-03-14,Jiangsu,0.750029077923389,Power
2020-03-15,Jiangsu,0.740900072074713,Power
2020-03-16,Jiangsu,0.7738174957613067,Power
2020-03-17,Jiangsu,0.765476555352585,Power
2020-03-18,Jiangsu,0.730013610554634,Power
2020-03-19,Jiangsu,0.7566753289346865,Power
2020-03-20,Jiangsu,0.7715369878067482,Power
2020-03-21,Jiangsu,0.7781204725440669,Power
2020-03-22,Jiangsu,0.7534812229922161,Power
2020-03-23,Jiangsu,0.8047821909241193,Power
2020-03-24,Jiangsu,0.7840553724502726,Power
2020-03-25,Jiangsu,0.7599391751815774,Power
2020-03-26,Jiangsu,0.8092176742852789,Power
2020-03-27,Jiangsu,0.7932471445729273,Power
2020-03-28,Jiangsu,0.8028922286743169,Power
2020-03-29,Jiangsu,0.8136461836159965,Power
2020-03-30,Jiangsu,0.8289053622232563,Power
2020-03-31,Jiangsu,0.8253834768500086,Power
2020-03-01,Jiangxi,0.1597403325560801,Power
2020-03-02,Jiangxi,0.16851132232229493,Power
2020-03-03,Jiangxi,0.16902615155466832,Power
2020-03-04,Jiangxi,0.16976139697215573,Power
2020-03-05,Jiangxi,0.1633157979588936,Power
2020-03-06,Jiangxi,0.17351476972438265,Power
2020-03-07,Jiangxi,0.1648461160441136,Power
2020-03-08,Jiangxi,0.16087390150809494,Power
2020-03-09,Jiangxi,0.17326443991414606,Power
2020-03-10,Jiangxi,0.16977714098537816,Power
2020-03-11,Jiangxi,0.16837907261122653,Power
2020-03-12,Jiangxi,0.1672895868962345,Power
2020-03-13,Jiangxi,0.17126337583357543,Power
2020-03-14,Jiangxi,0.16932056460192774,Power
2020-03-15,Jiangxi,0.16725967327111188,Power
2020-03-16,Jiangxi,0.17469084751209807,Power
2020-03-17,Jiangxi,0.1728078635306956,Power
2020-03-18,Jiangxi,0.1648020328070908,Power
2020-03-19,Jiangxi,0.17082096906202515,Power
2020-03-20,Jiangxi,0.17417601827972465,Power
2020-03-21,Jiangxi,0.1756622531279219,Power
2020-03-22,Jiangxi,0.17009989325643793,Power
2020-03-23,Jiangxi,0.18168118938285624,Power
2020-03-24,Jiangxi,0.17700206865315055,Power
2020-03-25,Jiangxi,0.17155778888083478,Power
2020-03-26,Jiangxi,0.18268250862380267,Power
2020-03-27,Jiangxi,0.17907712959586658,Power
2020-03-28,Jiangxi,0.1812545266245284,Power
2020-03-29,Jiangxi,0.18368225346342687,Power
2020-03-30,Jiangxi,0.18712704355649418,Power
2020-03-31,Jiangxi,0.18633197088876155,Power
2020-03-01,Hebei,0.6305138687168966,Power
2020-03-02,Hebei,0.6651339962794263,Power
2020-03-03,Hebei,0.6671660877734035,Power
2020-03-04,Hebei,0.6700681878580744,Power
2020-03-05,Hebei,0.6446266509273624,Power
2020-03-06,Hebei,0.6848831912881714,Power
2020-03-07,Hebei,0.6506669962856065,Power
2020-03-08,Hebei,0.6349881986118923,Power
2020-03-09,Hebei,0.6838951101030266,Power
2020-03-10,Hebei,0.6701303313288383,Power
2020-03-11,Hebei,0.6646119911250101,Power
2020-03-12,Hebei,0.6603116629481531,Power
2020-03-13,Hebei,0.6759966749689439,Power
2020-03-14,Hebei,0.668328170676687,Power
2020-03-15,Hebei,0.6601935903537018,Power
2020-03-16,Hebei,0.6895253085542297,Power
2020-03-17,Hebei,0.6820929494508755,Power
2020-03-18,Hebei,0.6504929945674678,Power
2020-03-19,Hebei,0.6742504434404801,Power
2020-03-20,Hebei,0.6874932170602525,Power
2020-03-21,Hebei,0.693359560700358,Power
2020-03-22,Hebei,0.6714042724794967,Power
2020-03-23,Hebei,0.7171170095733702,Power
2020-03-24,Hebei,0.6986479700623599,Power
2020-03-25,Hebei,0.6771587578722272,Power
2020-03-26,Hebei,0.7210693343139497,Power
2020-03-27,Hebei,0.7068384795090327,Power
2020-03-28,Hebei,0.7154329215156704,Power
2020-03-29,Hebei,0.725015444707453,Power
2020-03-30,Hebei,0.7386124361105789,Power
2020-03-31,Hebei,0.7354741908370056,Power
2020-03-01,Henan,0.45462213308776733,Power
2020-03-02,Henan,0.47958443292151576,Power
2020-03-03,Henan,0.48104964061234967,Power
2020-03-04,Henan,0.4831421543481889,Power
2020-03-05,Henan,0.4647979332892469,Power
2020-03-06,Henan,0.4938242801431371,Power
2020-03-07,Henan,0.46915322954456967,Power
2020-03-08,Henan,0.4578482784620805,Power
2020-03-09,Henan,0.4931118397063097,Power
2020-03-10,Henan,0.48318696192283217,Power
2020-03-11,Henan,0.4792080492945126,Power
2020-03-12,Henan,0.47610736512920043,Power
2020-03-13,Henan,0.48741679696915396,Power
2020-03-14,Henan,0.4818875422581782,Power
2020-03-15,Henan,0.47602223073737826,Power
2020-03-16,Henan,0.49717140596898707,Power
2020-03-17,Henan,0.49181242004165565,Power
2020-03-18,Henan,0.4690277683355686,Power
2020-03-19,Henan,0.4861577041216789,Power
2020-03-20,Henan,0.4957061982781532,Power
2020-03-21,Henan,0.499936033324475,Power
2020-03-22,Henan,0.48410551720301853,Power
2020-03-23,Henan,0.5170659691105852,Power
2020-03-24,Henan,0.5037491579266146,Power
2020-03-25,Henan,0.4882546986149824,Power
2020-03-26,Henan,0.5199157308578952,Power
2020-03-27,Henan,0.5096547962645934,Power
2020-03-28,Henan,0.5158516838377534,Power
2020-03-29,Henan,0.5227610118477409,Power
2020-03-30,Henan,0.5325649091796815,Power
2020-03-31,Henan,0.530302126660198,Power
2020-03-01,Zhejiang,0.3635155590145925,Power
2020-03-02,Zhejiang,0.38347539756605853,Power
2020-03-03,Zhejiang,0.38464697667327974,Power
2020-03-04,Zhejiang,0.38632014928206354,Power
2020-03-05,Zhejiang,0.37165212217208293,Power
2020-03-06,Zhejiang,0.3948615700515295,Power
2020-03-07,Zhejiang,0.3751346141972175,Power
2020-03-08,Zhejiang,0.3660951827369144,Power
2020-03-09,Zhejiang,0.39429190314618345,Power
2020-03-10,Zhejiang,0.38635597738931804,Power
2020-03-11,Zhejiang,0.383174441465121,Power
2020-03-12,Zhejiang,0.38069513644311154,Power
2020-03-13,Zhejiang,0.38973815071414014,Power
2020-03-14,Zhejiang,0.3853169622789383,Power
2020-03-15,Zhejiang,0.38062706303932803,Power
2020-03-16,Zhejiang,0.39753792966343854,Power
2020-03-17,Zhejiang,0.39325288803580377,Power
2020-03-18,Zhejiang,0.375034295496905,Power
2020-03-19,Zhejiang,0.38873138090028947,Power
2020-03-20,Zhejiang,0.3963663505562174,Power
2020-03-21,Zhejiang,0.3997485238810395,Power
2020-03-22,Zhejiang,0.3870904535880347,Power
2020-03-23,Zhejiang,0.41344560928442387,Power
2020-03-24,Zhejiang,0.40279749580839497,Power
2020-03-25,Zhejiang,0.39040813631979865,Power
2020-03-26,Zhejiang,0.4157242769058082,Power
2020-03-27,Zhejiang,0.40751964034453425,Power
2020-03-28,Zhejiang,0.41247466757782764,Power
2020-03-29,Zhejiang,0.4179993617164672,Power
2020-03-30,Zhejiang,0.4258385515837455,Power
2020-03-31,Zhejiang,0.42402923216739474,Power
2020-03-01,Hainan,0.035193277245139085,Power
2020-03-02,Hainan,0.03712566257085704,Power
2020-03-03,Hainan,0.03723908744996488,Power
2020-03-04,Hainan,0.03740107343939412,Power
2020-03-05,Hainan,0.03598100782756692,Power
2020-03-06,Hainan,0.0382279997751528,Power
2020-03-07,Hainan,0.03631816067922691,Power
2020-03-08,Hainan,0.03544302009822056,Power
2020-03-09,Hainan,0.038172848228430645,Power
2020-03-10,Hainan,0.03740454209013136,Power
2020-03-11,Hainan,0.0370965259046642,Power
2020-03-12,Hainan,0.036856495273647004,Power
2020-03-13,Hainan,0.03773198271972709,Power
2020-03-14,Hainan,0.03730395121875132,Power
2020-03-15,Hainan,0.03684990483724624,Power
2020-03-16,Hainan,0.03848710798522484,Power
2020-03-17,Hainan,0.038072257357050596,Power
2020-03-18,Hainan,0.036308448457162634,Power
2020-03-19,Hainan,0.037634513634010554,Power
2020-03-20,Hainan,0.038373683106117,Power
2020-03-21,Hainan,0.038701123735712724,Power
2020-03-22,Hainan,0.03747564943024484,Power
2020-03-23,Hainan,0.040027188912560636,Power
2020-03-24,Hainan,0.03899630591345208,Power
2020-03-25,Hainan,0.037796846488513516,Power
2020-03-26,Hainan,0.04024779509944928,Power
2020-03-27,Hainan,0.03945347408062068,Power
2020-03-28,Hainan,0.03993318847758136,Power
2020-03-29,Hainan,0.0404680544212642,Power
2020-03-30,Hainan,0.04122699520257291,Power
2020-03-31,Hainan,0.041051828340342156,Power
2020-03-01,Hubei,0.15356523520812937,Power
2020-03-02,Hubei,0.1619971639821853,Power
2020-03-03,Hubei,0.16249209141157253,Power
2020-03-04,Hubei,0.16319891437647724,Power
2020-03-05,Hubei,0.1570024835021306,Power
2020-03-06,Hubei,0.16680719263843188,Power
2020-03-07,Hubei,0.1584736439344376,Power
2020-03-08,Hubei,0.1546549836765049,Power
2020-03-09,Hubei,0.16656653985166564,Power
2020-03-10,Hubei,0.16321404977187134,Power
2020-03-11,Hubei,0.16187002666087483,Power
2020-03-12,Hubei,0.16082265729960274,Power
2020-03-13,Hubei,0.16464283109707487,Power
2020-03-14,Hubei,0.16277512330544228,Power
2020-03-15,Hubei,0.16079390004835395,Power
2020-03-16,Hubei,0.16793780667437155,Power
2020-03-17,Hubei,0.16612761338523657,Power
2020-03-18,Hubei,0.1584312648273341,Power
2020-03-19,Hubei,0.1642175264865005,Power
2020-03-20,Hubei,0.1674428792449843,Power
2020-03-21,Hubei,0.16887166057018785,Power
2020-03-22,Hubei,0.16352432537745049,Power
2020-03-23,Hubei,0.1746579222293542,Power
2020-03-24,Hubei,0.17015968271822615,Power
2020-03-25,Hubei,0.16492586299094458,Power
2020-03-26,Hubei,0.17562053337641925,Power
2020-03-27,Hubei,0.1721545278311692,Power
2020-03-28,Hubei,0.17424775301417392,Power
2020-03-29,Hubei,0.17658163098394494,Power
2020-03-30,Hubei,0.1798932554961751,Power
2020-03-31,Hubei,0.17912891802877282,Power
2020-03-01,Hunan,0.12403345920656601,Power
2020-03-02,Hunan,0.13084386321638042,Power
2020-03-03,Hunan,0.1312436122939624,Power
2020-03-04,Hunan,0.1318145077656162,Power
2020-03-05,Hunan,0.12680969821325933,Power
2020-03-06,Hunan,0.13472888636181035,Power
2020-03-07,Hunan,0.127997943177815,Power
2020-03-08,Hunan,0.1249136406617924,Power
2020-03-09,Hunan,0.13453451295711452,Power
2020-03-10,Hunan,0.1318267325080499,Power
2020-03-11,Hunan,0.13074117537993735,Power
2020-03-12,Hunan,0.12989522320352528,Power
2020-03-13,Hunan,0.13298074819379122,Power
2020-03-14,Hunan,0.13147221497747258,Power
2020-03-15,Hunan,0.12987199619290124,Power
2020-03-16,Hunan,0.13564207462160777,Power
2020-03-17,Hunan,0.1341799954265372,Power
2020-03-18,Hunan,0.1279637138990006,Power
2020-03-19,Hunan,0.13263723293140423,Power
2020-03-20,Hunan,0.13524232554402577,Power
2020-03-21,Hunan,0.13639634122976707,Power
2020-03-22,Hunan,0.13207733972794075,Power
2020-03-23,Hunan,0.14106986026217067,Power
2020-03-24,Hunan,0.13743666681087496,Power
2020-03-25,Hunan,0.13320935087730137,Power
2020-03-26,Hunan,0.14184735388095399,Power
2020-03-27,Hunan,0.13904788786363664,Power
2020-03-28,Hunan,0.14073856974221738,Power
2020-03-29,Hunan,0.14262362502549397,Power
2020-03-30,Hunan,0.14529839866998756,Power
2020-03-31,Hunan,0.1446810491770857,Power
2020-03-01,Gansu,0.21650166016110717,Power
2020-03-02,Gansu,0.22838928938571096,Power
2020-03-03,Gansu,0.22908705545220628,Power
2020-03-04,Gansu,0.23008355928417362,Power
2020-03-05,Gansu,0.22134761348529944,Power
2020-03-06,Gansu,0.23517063666192545,Power
2020-03-07,Gansu,0.2234217071141479,Power
2020-03-08,Gansu,0.21803802581210602,Power
2020-03-09,Gansu,0.23483135591399656,Power
2020-03-10,Gansu,0.23010489769599304,Power
2020-03-11,Gansu,0.22821004672642778,Power
2020-03-12,Gansu,0.2267334286285233,Power
2020-03-13,Gansu,0.23211924377174714,Power
2020-03-14,Gansu,0.2294860837532296,Power
2020-03-15,Gansu,0.22669288564606638,Power
2020-03-16,Gansu,0.2367646160248368,Power
2020-03-17,Gansu,0.2342125419712331,Power
2020-03-18,Gansu,0.2233619595610535,Power
2020-03-19,Gansu,0.23151963439962117,Power
2020-03-20,Gansu,0.23606684995834148,Power
2020-03-21,Gansu,0.23808119603409558,Power
2020-03-22,Gansu,0.23054233513829134,Power
2020-03-23,Gansu,0.24623887087266322,Power
2020-03-24,Gansu,0.23989709487992897,Power
2020-03-25,Gansu,0.2325182720727704,Power
2020-03-26,Gansu,0.2475959938643789,Power
2020-03-27,Gansu,0.24270949755772966,Power
2020-03-28,Gansu,0.24566059991235667,Power
2020-03-29,Gansu,0.24895098301491264,Power
2020-03-30,Gansu,0.25361982752100365,Power
2020-03-31,Gansu,0.2525422377241225,Power
2020-03-01,Fujian,0.16899402050641835,Power
2020-03-02,Fujian,0.1782731098928945,Power
2020-03-03,Fujian,0.17881776295865964,Power
2020-03-04,Fujian,0.17959560082322334,Power
2020-03-05,Fujian,0.1727766110640718,Power
2020-03-06,Fujian,0.18356640482562134,Power
2020-03-07,Fujian,0.1743955798100159,Power
2020-03-08,Fujian,0.1701932566145251,Power
2020-03-09,Fujian,0.18330157351841445,Power
2020-03-10,Fujian,0.1796122568802804,Power
2020-03-11,Fujian,0.17813319901361538,Power
2020-03-12,Fujian,0.17698059986526832,Power
2020-03-13,Fujian,0.18118458866646484,Power
2020-03-14,Fujian,0.17912923122562627,Power
2020-03-15,Fujian,0.17694895335685995,Power
2020-03-16,Fujian,0.18481061228778212,Power
2020-03-17,Fujian,0.1828185478637603,Power
2020-03-18,Fujian,0.1743489428502562,Power
2020-03-19,Fujian,0.18071655346316204,Power
2020-03-20,Fujian,0.18426595922201697,Power
2020-03-21,Fujian,0.18583829100820143,Power
2020-03-22,Fujian,0.17995370604994967,Power
2020-03-23,Fujian,0.1922059016211072,Power
2020-03-24,Fujian,0.18725572146375538,Power
2020-03-25,Fujian,0.1814960569334314,Power
2020-03-26,Fujian,0.19326522684993486,Power
2020-03-27,Fujian,0.18945098978387304,Power
2020-03-28,Fujian,0.19175452247486147,Power
2020-03-29,Fujian,0.19432288647305682,Power
2020-03-30,Fujian,0.19796723175713682,Power
2020-03-31,Fujian,0.19712610087575638,Power
2020-03-01,Tibet,0.0012780182132122457,Power
2020-03-02,Tibet,0.0013481913779337191,Power
2020-03-03,Tibet,0.0013523103197509731,Power
2020-03-04,Tibet,0.001358192722896715,Power
2020-03-05,Tibet,0.0013066240751907893,Power
2020-03-06,Tibet,0.0013882219500903953,Power
2020-03-07,Tibet,0.001318867535271434,Power
2020-03-08,Tibet,0.001287087442901612,Power
2020-03-09,Tibet,0.001386219161867327,Power
2020-03-10,Tibet,0.0013583186844201786,Power
2020-03-11,Tibet,0.0013471333011366266,Power
2020-03-12,Tibet,0.0013384167637129575,Power
2020-03-13,Tibet,0.0013702094522351257,Power
2020-03-14,Tibet,0.001354665800239739,Power
2020-03-15,Tibet,0.001338177436818377,Power
2020-03-16,Tibet,0.0013976312758931131,Power
2020-03-17,Tibet,0.0013825662776868876,Power
2020-03-18,Tibet,0.0013185148430057362,Power
2020-03-19,Tibet,0.0013666699334258035,Power
2020-03-20,Tibet,0.0013935123340758592,Power
2020-03-21,Tibet,0.0014054031018908065,Power
2020-03-22,Tibet,0.0013609008956511786,Power
2020-03-23,Tibet,0.0014535581923108734,Power
2020-03-24,Tibet,0.0014161224275375437,Power
2020-03-25,Tibet,0.0013725649327238913,Power
2020-03-26,Tibet,0.0014615693452031471,Power
2020-03-27,Tibet,0.001432724156330023,Power
2020-03-28,Tibet,0.0014501446350250146,Power
2020-03-29,Tibet,0.0014695679019430747,Power
2020-03-30,Tibet,0.0014971282832768715,Power
2020-03-31,Tibet,0.0014907672263419689,Power
2020-03-01,Guizhou,0.21206741472507873,Power
2020-03-02,Guizhou,0.22371156930105782,Power
2020-03-03,Guizhou,0.22439504417923858,Power
2020-03-04,Guizhou,0.2253711382713194,Power
2020-03-05,Guizhou,0.21681411640198567,Power
2020-03-06,Guizhou,0.2303540254565885,Power
2020-03-07,Guizhou,0.2188457298013487,Power
2020-03-08,Guizhou,0.21357231353942172,Power
2020-03-09,Guizhou,0.2300216936350878,Power
2020-03-10,Guizhou,0.22539203964374085,Power
2020-03-11,Guizhou,0.2235359977727178,Power
2020-03-12,Guizhou,0.2220896228011548,Power
2020-03-13,Guizhou,0.22736512920032392,Power
2020-03-14,Guizhou,0.22478589984351932,Power
2020-03-15,Guizhou,0.22204991019355405,Power
2020-03-16,Guizhou,0.2319153579764694,Power
2020-03-17,Guizhou,0.22941555383486625,Power
2020-03-18,Guizhou,0.21878720595856868,Power
2020-03-19,Guizhou,0.2267778006352817,Power
2020-03-20,Guizhou,0.23123188309828863,Power
2020-03-21,Guizhou,0.2332049726548717,Power
2020-03-22,Guizhou,0.22582051777838016,Power
2020-03-23,Guizhou,0.24119556733158465,Power
2020-03-24,Guizhou,0.23498367944793544,Power
2020-03-25,Guizhou,0.2277559848646046,Power
2020-03-26,Guizhou,0.24252489461758764,Power
2020-03-27,Guizhou,0.23773848033307998,Power
2020-03-28,Guizhou,0.24062914013896386,Power
2020-03-29,Guizhou,0.2438521317663485,Power
2020-03-30,Guizhou,0.24842535205215752,Power
2020-03-31,Guizhou,0.2473698327448753,Power
2020-03-01,Liaoning,0.3098776123698926,Power
2020-03-02,Liaoning,0.3268923094309571,Power
2020-03-03,Liaoning,0.3278910180898995,Power
2020-03-04,Liaoning,0.32931730843768575,Power
2020-03-05,Liaoning,0.3168135981939237,Power
2020-03-06,Liaoning,0.33659841376771227,Power
2020-03-07,Liaoning,0.31978223677646805,Power
2020-03-08,Liaoning,0.31207660391251796,Power
2020-03-09,Liaoning,0.33611280313538255,Power
2020-03-10,Liaoning,0.3293478499868889,Power
2020-03-11,Liaoning,0.3266357604176508,Power
2020-03-12,Liaoning,0.32452228521279414,Power
2020-03-13,Liaoning,0.33223097223166453,Power
2020-03-14,Liaoning,0.32846214505999805,Power
2020-03-15,Liaoning,0.32446425626930814,Power
2020-03-16,Liaoning,0.3388798674931862,Power
2020-03-17,Liaoning,0.33522709820849167,Power
2020-03-18,Liaoning,0.3196967204386993,Power
2020-03-19,Liaoning,0.33137275469905647,Power
2020-03-20,Liaoning,0.33788115883424386,Power
2020-03-21,Liaoning,0.34076428107901946,Power
2020-03-22,Liaoning,0.32997395174555305,Power
2020-03-23,Liaoning,0.35244031533937664,Power
2020-03-24,Liaoning,0.34336336691620595,Power
2020-03-25,Liaoning,0.33280209920176296,Power
2020-03-26,Liaoning,0.3543827578686958,Power
2020-03-27,Liaoning,0.3473887431011786,Power
2020-03-28,Liaoning,0.3516126393559717,Power
2020-03-29,Liaoning,0.35632214624309466,Power
2020-03-30,Liaoning,0.36300463720873977,Power
2020-03-31,Liaoning,0.36146228897398164,Power
2020-03-01,Chongqing,0.06995358103019458,Power
2020-03-02,Chongqing,0.07379457806274121,Power
2020-03-03,Chongqing,0.07402003238506086,Power
2020-03-04,Chongqing,0.07434201149369472,Power
2020-03-05,Chongqing,0.07151935095676314,Power
2020-03-06,Chongqing,0.07598569071207405,Power
2020-03-07,Chongqing,0.07218950875888758,Power
2020-03-08,Chongqing,0.07044999421695343,Power
2020-03-09,Chongqing,0.07587606613333148,Power
2020-03-10,Chongqing,0.0743489061212886,Power
2020-03-11,Chongqing,0.07373666319095268,Power
2020-03-12,Chongqing,0.07325955496145667,Power
2020-03-13,Chongqing,0.07499975896615022,Power
2020-03-14,Chongqing,0.07414896192106628,Power
2020-03-15,Chongqing,0.07324645516902831,Power
2020-03-16,Chongqing,0.07650071939333636,Power
2020-03-17,Chongqing,0.07567612193310914,Power
2020-03-18,Chongqing,0.07217020380162473,Power
2020-03-19,Chongqing,0.07480601993076237,Power
2020-03-20,Chongqing,0.07627526507101672,Power
2020-03-21,Chongqing,0.07692611791587833,Power
2020-03-22,Chongqing,0.074490245986963,Power
2020-03-23,Chongqing,0.07956193404501596,Power
2020-03-24,Chongqing,0.07751285072411691,Power
2020-03-25,Chongqing,0.07512868850215562,Power
2020-03-26,Chongqing,0.08000043235998627,Power
2020-03-27,Chongqing,0.07842156264098936,Power
2020-03-28,Chongqing,0.079375089637222,Power
2020-03-29,Chongqing,0.08043824121219721,Power
2020-03-30,Chongqing,0.08194678572973661,Power
2020-03-31,Chongqing,0.08159860703624604,Power
2020-03-01,Shaanxi,0.41383603314789336,Power
2020-03-02,Shaanxi,0.4365588580822712,Power
2020-03-03,Shaanxi,0.43789261571169885,Power
2020-03-04,Shaanxi,0.43979740107237997,Power
2020-03-05,Shaanxi,0.42309891870272587,Power
2020-03-06,Shaanxi,0.4495211875817242,Power
2020-03-07,Shaanxi,0.42706348266542826,Power
2020-03-08,Shaanxi,0.41677274719433954,Power
2020-03-09,Shaanxi,0.44887266322980074,Power
2020-03-10,Shaanxi,0.43983818876746955,Power
2020-03-11,Shaanxi,0.43621624144351917,Power
2020-03-12,Shaanxi,0.4333937329433236,Power
2020-03-13,Shaanxi,0.4436885471839213,Power
2020-03-14,Shaanxi,0.43865534560987307,Power
2020-03-15,Shaanxi,0.4333162363226535,Power
2020-03-16,Shaanxi,0.4525680284049123,Power
2020-03-17,Shaanxi,0.44768982007220426,Power
2020-03-18,Shaanxi,0.4269492771191776,Power
2020-03-19,Shaanxi,0.44254241295190544,Power
2020-03-20,Shaanxi,0.4512342707754846,Power
2020-03-21,Shaanxi,0.4550846291919364,Power
2020-03-22,Shaanxi,0.4406743365168049,Power
2020-03-23,Shaanxi,0.47067776502466413,Power
2020-03-24,Shaanxi,0.45855566204405546,Power
2020-03-25,Shaanxi,0.4444512770820954,Power
2020-03-26,Shaanxi,0.4732718624323583,Power
2020-03-27,Shaanxi,0.4639314802568556,Power
2020-03-28,Shaanxi,0.4695724184877378,Power
2020-03-29,Shaanxi,0.47586188107054356,Power
2020-03-30,Shaanxi,0.484786228756133,Power
2020-03-31,Shaanxi,0.4827264501541117,Power
2020-03-01,Qinghai,0.10254603149096948,Power
2020-03-02,Qinghai,0.10817660817990603,Power
2020-03-03,Qinghai,0.10850710514226149,Power
2020-03-04,Qinghai,0.10897909927504436,Power
2020-03-05,Qinghai,0.10484131773411702,Power
2020-03-06,Qinghai,0.1113885939486083,Power
2020-03-07,Qinghai,0.10582371237451305,Power
2020-03-08,Qinghai,0.10327373122459617,Power
2020-03-09,Qinghai,0.11122789359076575,Power
2020-03-10,Qinghai,0.10898920621578917,Power
2020-03-11,Qinghai,0.10809170987764959,Power
2020-03-12,Qinghai,0.10739230957810837,Power
2020-03-13,Qinghai,0.10994330142209974,Power
2020-03-14,Qinghai,0.10869610493418952,Power
2020-03-15,Qinghai,0.10737310639069322,Power
2020-03-16,Qinghai,0.11214358242224601,Power
2020-03-17,Qinghai,0.1109347923091661,Power
2020-03-18,Qinghai,0.10579541294042755,Power
2020-03-19,Qinghai,0.10965929638717041,Power
2020-03-20,Qinghai,0.11181308545989055,Power
2020-03-21,Qinghai,0.1127671806662011,Power
2020-03-22,Qinghai,0.10919639850105788,Power
2020-03-23,Qinghai,0.11663106411294395,Power
2020-03-24,Qinghai,0.11362728132358488,Power
2020-03-25,Qinghai,0.11013230121402774,Power
2020-03-26,Qinghai,0.11727386554431418,Power
2020-03-27,Qinghai,0.11495937611375151,Power
2020-03-28,Qinghai,0.11635716601875945,Power
2020-03-29,Qinghai,0.11791565628160997,Power
2020-03-30,Qinghai,0.1201270549165755,Power
2020-03-31,Qinghai,0.11961665440896235,Power
2020-03-01,Heilongjiang,0.17089611770692348,Power
2020-03-02,Heilongjiang,0.18027964706052013,Power
2020-03-03,Heilongjiang,0.18083043042053198,Power
2020-03-04,Heilongjiang,0.18161702317015138,Power
2020-03-05,Heilongjiang,0.17472128287691413,Power
2020-03-06,Heilongjiang,0.18563252020461096,Power
2020-03-07,Heilongjiang,0.1763584737819035,Power
2020-03-08,Heilongjiang,0.1721088517106193,Power
2020-03-09,Heilongjiang,0.18536470811212816,Power
2020-03-10,Heilongjiang,0.18163386669798048,Power
2020-03-11,Heilongjiang,0.18013816142675562,Power
2020-03-12,Heilongjiang,0.17897258930098126,Power
2020-03-13,Heilongjiang,0.1832238957250484,Power
2020-03-14,Heilongjiang,0.18114540439093632,Power
2020-03-15,Heilongjiang,0.17894058659810594,Power
2020-03-16,Heilongjiang,0.18689073173344545,Power
2020-03-17,Heilongjiang,0.18487624580508397,Power
2020-03-18,Heilongjiang,0.176311311903982,Power
2020-03-19,Heilongjiang,0.1827505925930504,Power
2020-03-20,Heilongjiang,0.18633994837343357,Power
2020-03-21,Heilongjiang,0.1879299774005015,Power
2020-03-22,Heilongjiang,0.18197915901847722,Power
2020-03-23,Heilongjiang,0.19436925808956987,Power
2020-03-24,Heilongjiang,0.18936336161875864,Power
2020-03-25,Heilongjiang,0.1835388696954527,Power
2020-03-26,Heilongjiang,0.19544050645950117,Power
2020-03-27,Heilongjiang,0.1915833385866352,Power
2020-03-28,Heilongjiang,0.193912798485401,Power
2020-03-29,Heilongjiang,0.19651007047664962,Power
2020-03-30,Heilongjiang,0.20019543436565865,Power
2020-03-31,Heilongjiang,0.19934483621028867,Power
2020-04-01,Shanghai,0.109034256206607,Power
2020-04-02,Shanghai,0.10976738939073243,Power
2020-04-03,Shanghai,0.10776331032731154,Power
2020-04-04,Shanghai,0.0943343453610887,Power
2020-04-05,Shanghai,0.10179558803918286,Power
2020-04-06,Shanghai,0.10638243989376678,Power
2020-04-07,Shanghai,0.10819846620735622,Power
2020-04-08,Shanghai,0.10823298796819485,Power
2020-04-09,Shanghai,0.10608355412229555,Power
2020-04-10,Shanghai,0.10782326917508388,Power
2020-04-11,Shanghai,0.10332181325520604,Power
2020-04-12,Shanghai,0.1003965482578283,Power
2020-04-13,Shanghai,0.10720914521911264,Power
2020-04-14,Shanghai,0.10926409845640096,Power
2020-04-15,Shanghai,0.10379875863521329,Power
2020-04-16,Shanghai,0.10165840946321887,Power
2020-04-17,Shanghai,0.10603267994842813,Power
2020-04-18,Shanghai,0.1064251378611198,Power
2020-04-19,Shanghai,0.09786464964053275,Power
2020-04-20,Shanghai,0.10245150149511663,Power
2020-04-21,Shanghai,0.10656140796969328,Power
2020-04-22,Shanghai,0.10390959165685305,Power
2020-04-23,Shanghai,0.10286939649474201,Power
2020-04-24,Shanghai,0.1009679742464465,Power
2020-04-25,Shanghai,0.10147126518077795,Power
2020-04-26,Shanghai,0.10538494269900878,Power
2020-04-27,Shanghai,0.10710739687137776,Power
2020-04-28,Shanghai,0.1022643572126757,Power
2020-04-29,Shanghai,0.10685120906725959,Power
2020-04-30,Shanghai,0.105274109677369,Power
2020-04-01,Yunnan,0.03027822793752013,Power
2020-04-02,Yunnan,0.030481815089208004,Power
2020-04-03,Yunnan,0.029925293085957136,Power
2020-04-04,Yunnan,0.0261961415664402,Power
2020-04-05,Yunnan,0.028268088625687426,Power
2020-04-06,Yunnan,0.029541832775466962,Power
2020-04-07,Yunnan,0.03004613353906555,Power
2020-04-08,Yunnan,0.030055720046827803,Power
2020-04-09,Yunnan,0.029458833800367436,Power
2020-04-10,Yunnan,0.02994194333628105,Power
2020-04-11,Yunnan,0.0286919131793871,Power
2020-04-12,Yunnan,0.02787958278479607,Power
2020-04-13,Yunnan,0.029771404408720944,Power
2020-04-14,Yunnan,0.030342053897095135,Power
2020-04-15,Yunnan,0.028824358352418245,Power
2020-04-16,Yunnan,0.02822999487115847,Power
2020-04-17,Yunnan,0.02944470631524412,Power
2020-04-18,Yunnan,0.029553689771909752,Power
2020-04-19,Yunnan,0.027176488123390734,Power
2020-04-20,Yunnan,0.02845023227317026,Power
2020-04-21,Yunnan,0.029591531249918642,Power
2020-04-22,Yunnan,0.02885513608786548,Power
2020-04-23,Yunnan,0.028566279472397548,Power
2020-04-24,Yunnan,0.028038264715913384,Power
2020-04-25,Yunnan,0.02817802590802625,Power
2020-04-26,Yunnan,0.029264833156441822,Power
2020-04-27,Yunnan,0.029743149438474295,Power
2020-04-28,Yunnan,0.02839826331003804,Power
2020-04-29,Yunnan,0.02967200745981757,Power
2020-04-30,Yunnan,0.029234055420994585,Power
2020-04-01,InnerMongolia,1.0300221937383007,Power
2020-04-02,InnerMongolia,1.036947938700364,Power
2020-04-03,InnerMongolia,1.0180158527198049,Power
2020-04-04,InnerMongolia,0.8911554288917798,Power
2020-04-05,InnerMongolia,0.9616401170868527,Power
2020-04-06,InnerMongolia,1.0049710790613962,Power
2020-04-07,InnerMongolia,1.0221266728397902,Power
2020-04-08,InnerMongolia,1.0224527921812503,Power
2020-04-09,InnerMongolia,1.002147572131385,Power
2020-04-10,InnerMongolia,1.0185822705233936,Power
2020-04-11,InnerMongolia,0.9760580248145677,Power
2020-04-12,InnerMongolia,0.9484237016697807,Power
2020-04-13,InnerMongolia,1.012780779080575,Power
2020-04-14,InnerMongolia,1.032193461985391,Power
2020-04-15,InnerMongolia,0.9805636209794787,Power
2020-04-16,InnerMongolia,0.960344221808945,Power
2020-04-17,InnerMongolia,1.001666975207128,Power
2020-04-18,InnerMongolia,1.0053744371942548,Power
2020-04-19,InnerMongolia,0.9245054226000538,Power
2020-04-20,InnerMongolia,0.9678363845745969,Power
2020-04-21,InnerMongolia,1.0066617503842292,Power
2020-04-22,InnerMongolia,0.9816106357073245,Power
2020-04-23,InnerMongolia,0.9717841450238521,Power
2020-04-24,InnerMongolia,0.9538218349797407,Power
2020-04-25,InnerMongolia,0.9585763116947134,Power
2020-04-26,InnerMongolia,0.9955479465107824,Power
2020-04-27,InnerMongolia,1.0118195852320604,Power
2020-04-28,InnerMongolia,0.9660684744603653,Power
2020-04-29,InnerMongolia,1.0093994364349084,Power
2020-04-30,InnerMongolia,0.9945009317829364,Power
2020-04-01,Beijing,0.049536722418591576,Power
2020-04-02,Beijing,0.04986980136369909,Power
2020-04-03,Beijing,0.04895930303295911,Power
2020-04-04,Beijing,0.04285822128998609,Power
2020-04-05,Beijing,0.04624803216503935,Power
2020-04-06,Beijing,0.04833194244242204,Power
2020-04-07,Beijing,0.0491570041664244,Power
2020-04-08,Beijing,0.04917268818118783,Power
2020-04-09,Beijing,0.0481961518935492,Power
2020-04-10,Beijing,0.048986543690179796,Power
2020-04-11,Beijing,0.04694143071247507,Power
2020-04-12,Beijing,0.04561241682988995,Power
2020-04-13,Beijing,0.04870753332228304,Power
2020-04-14,Beijing,0.049641144937937545,Power
2020-04-15,Beijing,0.04715811775854873,Power
2020-04-16,Beijing,0.04618570884321626,Power
2020-04-17,Beijing,0.048173038608634686,Power
2020-04-18,Beijing,0.04835134109226101,Power
2020-04-19,Beijing,0.04446211816816179,Power
2020-04-20,Beijing,0.046546028445544466,Power
2020-04-21,Beijing,0.04841325167685348,Power
2020-04-22,Beijing,0.047208471700683936,Power
2020-04-23,Beijing,0.04673588757162805,Power
2020-04-24,Beijing,0.04587202854794773,Power
2020-04-25,Beijing,0.04610068497370927,Power
2020-04-26,Beijing,0.04787875696320512,Power
2020-04-27,Beijing,0.04866130675245399,Power
2020-04-28,Beijing,0.04646100457603747,Power
2020-04-29,Beijing,0.04854491485342014,Power
2020-04-30,Beijing,0.047828403021069915,Power
2020-04-01,Jilin,0.1282372006765558,Power
2020-04-02,Jilin,0.12909945214252802,Power
2020-04-03,Jilin,0.12674241777581843,Power
2020-04-04,Jilin,0.11094836428139376,Power
2020-04-05,Jilin,0.11972366947349967,Power
2020-04-06,Jilin,0.1251183505784483,Power
2020-04-07,Jilin,0.1272542126360423,Power
2020-04-08,Jilin,0.12729481431597656,Power
2020-04-09,Jilin,0.12476682550743855,Power
2020-04-10,Jilin,0.12681293648307265,Power
2020-04-11,Jilin,0.12151869111269828,Power
2020-04-12,Jilin,0.11807823297090099,Power
2020-04-13,Jilin,0.12609065396634753,Power
2020-04-14,Jilin,0.12850752238769703,Power
2020-04-15,Jilin,0.12207963537494784,Power
2020-04-16,Jilin,0.1195623312190241,Power
2020-04-17,Jilin,0.12470699145279862,Power
2020-04-18,Jilin,0.1251685684457354,Power
2020-04-19,Jilin,0.11510042028730193,Power
2020-04-20,Jilin,0.1204951013922505,Power
2020-04-21,Jilin,0.12532883823494953,Power
2020-04-22,Jilin,0.12220998813684202,Power
2020-04-23,Jilin,0.12098659541250725,Power
2020-04-24,Jilin,0.11875029762033903,Power
2020-04-25,Jilin,0.11934222737516999,Power
2020-04-26,Jilin,0.12394517572140064,Power
2020-04-27,Jilin,0.1259709858570676,Power
2020-04-28,Jilin,0.12027499754839639,Power
2020-04-29,Jilin,0.125669678653345,Power
2020-04-30,Jilin,0.12381482295950647,Power
2020-04-01,Sichuan,0.07349266471521912,Power
2020-04-02,Sichuan,0.07398682052612716,Power
2020-04-03,Sichuan,0.07263600550894858,Power
2020-04-04,Sichuan,0.0635844426875824,Power
2020-04-05,Sichuan,0.06861356496142088,Power
2020-04-06,Sichuan,0.07170525354788265,Power
2020-04-07,Sichuan,0.07292931484404763,Power
2020-04-08,Sichuan,0.07295258364307429,Power
2020-04-09,Sichuan,0.07150379473525717,Power
2020-04-10,Sichuan,0.07267641973883697,Power
2020-04-11,Sichuan,0.06964229081312533,Power
2020-04-12,Sichuan,0.06767056626402512,Power
2020-04-13,Sichuan,0.07226248005088921,Power
2020-04-14,Sichuan,0.07364758592979127,Power
2020-04-15,Sichuan,0.06996376764178297,Power
2020-04-16,Sichuan,0.06852110210213076,Power
2020-04-17,Sichuan,0.07146950387353371,Power
2020-04-18,Sichuan,0.07173403337825772,Power
2020-04-19,Sichuan,0.06596398355646543,Power
2020-04-20,Sichuan,0.06905567214292718,Power
2020-04-21,Sichuan,0.07182588390073132,Power
2020-04-22,Sichuan,0.07003847273339484,Power
2020-04-23,Sichuan,0.06933734707851293,Power
2020-04-24,Sichuan,0.06805572612159781,Power
2020-04-25,Sichuan,0.06839496071793368,Power
2020-04-26,Sichuan,0.07103290772337581,Power
2020-04-27,Sichuan,0.07219389832744225,Power
2020-04-28,Sichuan,0.0689295307587301,Power
2020-04-29,Sichuan,0.07202121934519187,Power
2020-04-30,Sichuan,0.07095820263176394,Power
2020-04-01,Tianjin,0.1494295299198333,Power
2020-04-02,Tianjin,0.1504342760508557,Power
2020-04-03,Tianjin,0.14768772095167929,Power
2020-04-04,Tianjin,0.12928356071776012,Power
2020-04-05,Tianjin,0.1395090625443856,Power
2020-04-06,Tianjin,0.1457952623158007,Power
2020-04-07,Tianjin,0.14828409442969626,Power
2020-04-08,Tianjin,0.14833140589559324,Power
2020-04-09,Tianjin,0.14538564462421905,Power
2020-04-10,Tianjin,0.14776989349771086,Power
2020-04-11,Tianjin,0.14160072735246193,Power
2020-04-12,Tianjin,0.13759170313698232,Power
2020-04-13,Tianjin,0.14692824742017538,Power
2020-04-14,Tianjin,0.149744524679621,Power
2020-04-15,Tianjin,0.1422543726049858,Power
2020-04-16,Tianjin,0.13932106171937397,Power
2020-04-17,Tianjin,0.1453159224639499,Power
2020-04-18,Tianjin,0.1458537791288838,Power
2020-04-19,Tianjin,0.13412178062501287,Power
2020-04-20,Tianjin,0.14040798039642793,Power
2020-04-21,Tianjin,0.14604053491531915,Power
2020-04-22,Tianjin,0.14240626731128656,Power
2020-04-23,Tianjin,0.14098069814149644,Power
2020-04-24,Tianjin,0.1383748324014347,Power
2020-04-25,Tianjin,0.1390645837726694,Power
2020-04-26,Tianjin,0.14442820995909367,Power
2020-04-27,Tianjin,0.14678880309963693,Power
2020-04-28,Tianjin,0.14015150244972335,Power
2020-04-29,Tianjin,0.14643770222113842,Power
2020-04-30,Tianjin,0.1442763152527929,Power
2020-04-01,Ningxia,0.28053449992059415,Power
2020-04-02,Ningxia,0.2824207800525382,Power
2020-04-03,Ningxia,0.2772644802123046,Power
2020-04-04,Ningxia,0.2427130639664604,Power
2020-04-05,Ningxia,0.2619101131903217,Power
2020-04-06,Ningxia,0.27371163535412013,Power
2020-04-07,Ningxia,0.2783840938222193,Power
2020-04-08,Ningxia,0.27847291494367393,Power
2020-04-09,Ningxia,0.27294263143415776,Power
2020-04-10,Ningxia,0.27741874847588366,Power
2020-04-11,Ningxia,0.2658369417177888,Power
2020-04-12,Ningxia,0.2583105203734769,Power
2020-04-13,Ningxia,0.27583866747316477,Power
2020-04-14,Ningxia,0.2811258615976472,Power
2020-04-15,Ningxia,0.2670640756326223,Power
2020-04-16,Ningxia,0.2615571661024363,Power
2020-04-17,Ningxia,0.2728117371499089,Power
2020-04-18,Ningxia,0.2738214930569719,Power
2020-04-19,Ningxia,0.251796192334161,Power
2020-04-20,Ningxia,0.2635977144979594,Power
2020-04-21,Ningxia,0.2741721027469242,Power
2020-04-22,Ningxia,0.26734923818045025,Power
2020-04-23,Ningxia,0.2646729175471467,Power
2020-04-24,Ningxia,0.2597807436733441,Power
2020-04-25,Ningxia,0.26107566212823496,Power
2020-04-26,Ningxia,0.2711451724236684,Power
2020-04-27,Ningxia,0.2755768789046669,Power
2020-04-28,Ningxia,0.26311621052375805,Power
2020-04-29,Ningxia,0.2749177326875564,Power
2020-04-30,Ningxia,0.27086000987584047,Power
2020-04-01,Anhui,0.511261471118374,Power
2020-04-02,Anhui,0.5146991315682367,Power
2020-04-03,Anhui,0.5053020077114867,Power
2020-04-04,Anhui,0.44233361022713574,Power
2020-04-05,Anhui,0.477319366453558,Power
2020-04-06,Anhui,0.4988271082272347,Power
2020-04-07,Anhui,0.5073424530094844,Power
2020-04-08,Anhui,0.5075043254965909,Power
2020-04-09,Anhui,0.49742563327307737,Power
2020-04-10,Anhui,0.5055831546627766,Power
2020-04-11,Anhui,0.48447583430457347,Power
2020-04-12,Anhui,0.47075927092346054,Power
2020-04-13,Anhui,0.5027035283132013,Power
2020-04-14,Anhui,0.5123392010983184,Power
2020-04-15,Anhui,0.48671223050801576,Power
2020-04-16,Anhui,0.47667613630742506,Power
2020-04-17,Anhui,0.4971870843447103,Power
2020-04-18,Anhui,0.49902731893497143,Power
2020-04-19,Anhui,0.4588872019349011,Power
2020-04-20,Anhui,0.4803949437085777,Power
2020-04-21,Anhui,0.499666289278812,Power
2020-04-22,Anhui,0.4872319263876728,Power
2020-04-23,Anhui,0.48235445276302236,Power
2020-04-24,Anhui,0.4734386865652991,Power
2020-04-25,Anhui,0.47579861703521725,Power
2020-04-26,Anhui,0.494149845310321,Power
2020-04-27,Anhui,0.5022264304564669,Power
2020-04-28,Anhui,0.4795174244363699,Power
2020-04-29,Anhui,0.5010251662100466,Power
2020-04-30,Anhui,0.49363014943066397,Power
2020-04-01,Shandong,1.2070600791860735,Power
2020-04-02,Shandong,1.215176205530876,Power
2020-04-03,Shandong,1.1929901154235232,Power
2020-04-04,Shandong,1.044325208820219,Power
2020-04-05,Shandong,1.126924645833677,Power
2020-04-06,Shandong,1.1777032355671422,Power
2020-04-07,Shandong,1.1978074940098429,Power
2020-04-08,Shandong,1.1981896660062525,Power
2020-04-09,Shandong,1.1743944306508596,Power
2020-04-10,Shandong,1.1936538878383396,Power
2020-04-11,Shandong,1.143820670938098,Power
2020-04-12,Shandong,1.111436622821291,Power
2020-04-13,Shandong,1.18685524916537,Power
2020-04-14,Shandong,1.209604540109537,Power
2020-04-15,Shandong,1.1491006787832296,Power
2020-04-16,Shandong,1.1254060150058391,Power
2020-04-17,Shandong,1.1738312298140459,Power
2020-04-18,Shandong,1.178175921983754,Power
2020-04-19,Shandong,1.0834073240319928,Power
2020-04-20,Shandong,1.134185913765458,Power
2020-04-21,Shandong,1.1796844956537913,Power
2020-04-22,Shandong,1.1503276520348602,Power
2020-04-23,Shandong,1.138812206353573,Power
2020-04-24,Shandong,1.1177625750776488,Power
2020-04-25,Shandong,1.1233342404989874,Power
2020-04-26,Shandong,1.166660476302467,Power
2020-04-27,Shandong,1.185728847491742,Power
2020-04-28,Shandong,1.1321141392586063,Power
2020-04-29,Shandong,1.1828927289920714,Power
2020-04-30,Shandong,1.1654335030508365,Power
2020-04-01,Shanxi,0.5930658062478142,Power
2020-04-02,Shanxi,0.5970535091776759,Power
2020-04-03,Shanxi,0.5861527995577569,Power
2020-04-04,Shanxi,0.5131091505996233,Power
2020-04-05,Shanxi,0.5536927988808538,Power
2020-04-06,Shanxi,0.5786418844977945,Power
2020-04-07,Shanxi,0.5885197260799423,Power
2020-04-08,Shanxi,0.5887074989564414,Power
2020-04-09,Shanxi,0.5770161666986314,Power
2020-04-10,Shanxi,0.5864789313958868,Power
2020-04-11,Shanxi,0.561994336578707,Power
2020-04-12,Shanxi,0.5460830559911551,Power
2020-04-13,Shanxi,0.5831385507507982,Power
2020-04-14,Shanxi,0.594315978293979,Power
2020-04-15,Shanxi,0.5645885671092861,Power
2020-04-16,Shanxi,0.5529466487663444,Power
2020-04-17,Shanxi,0.5767394487753699,Power
2020-04-18,Shanxi,0.578874129897675,Power
2020-04-19,Shanxi,0.5323113979173953,Power
2020-04-20,Shanxi,0.5572604835343359,Power
2020-04-21,Shanxi,0.5796153386206975,Power
2020-04-22,Shanxi,0.5651914168706778,Power
2020-04-23,Shanxi,0.5595335236182718,Power
2020-04-24,Shanxi,0.5491911912363633,Power
2020-04-25,Shanxi,0.5519287221200601,Power
2020-04-26,Shanxi,0.5732162366452691,Power
2020-04-27,Shanxi,0.5825851149042746,Power
2020-04-28,Shanxi,0.5562425568880516,Power
2020-04-29,Shanxi,0.5811916425049922,Power
2020-04-30,Shanxi,0.5726133868838774,Power
2020-04-01,Guangdong,0.5202709885473229,Power
2020-04-02,Guangdong,0.5237692279054107,Power
2020-04-03,Guangdong,0.5142065066861522,Power
2020-04-04,Guangdong,0.4501284717527534,Power
2020-04-05,Guangdong,0.48573075161393614,Power
2020-04-06,Guangdong,0.5076175056647231,Power
2020-04-07,Guangdong,0.516282908981721,Power
2020-04-08,Guangdong,0.5164476340072567,Power
2020-04-09,Guangdong,0.506191333733111,Power
2020-04-10,Guangdong,0.5144926080462933,Power
2020-04-11,Guangdong,0.4930133316902527,Power
2020-04-12,Guangdong,0.4790550532106461,Power
2020-04-13,Guangdong,0.5115622365393944,Power
2020-04-14,Guangdong,0.5213677104278633,Power
2020-04-15,Guangdong,0.4952891379641016,Power
2020-04-16,Guangdong,0.4850761863808863,Power
2020-04-17,Guangdong,0.5059485810639005,Power
2020-04-18,Guangdong,0.5078212445120962,Power
2020-04-19,Guangdong,0.46697377304832827,Power
2020-04-20,Guangdong,0.48886052709911504,Power
2020-04-21,Guangdong,0.5084714748760529,Power
2020-04-22,Guangdong,0.4958179919934531,Power
2020-04-23,Guangdong,0.4908545668819159,Power
2020-04-24,Guangdong,0.4817816858701717,Power
2020-04-25,Guangdong,0.4841832033477189,Power
2020-04-26,Guangdong,0.5028578194005591,Power
2020-04-27,Guangdong,0.5110767312009733,Power
2020-04-28,Guangdong,0.48796754406594767,Power
2020-04-29,Guangdong,0.5098542981167344,Power
2020-04-30,Guangdong,0.5023289653712075,Power
2020-04-01,Guangxi,0.19619916740937965,Power
2020-04-02,Guangxi,0.19751838694028592,Power
2020-04-03,Guangxi,0.19391219327835382,Power
2020-04-04,Guangxi,0.16974775324631372,Power
2020-04-05,Guangxi,0.18317371360236465,Power
2020-04-06,Guangxi,0.19142741795372245,Power
2020-04-07,Guangxi,0.19469522444973433,Power
2020-04-08,Guangxi,0.19475734383285012,Power
2020-04-09,Guangxi,0.19088959487358836,Power
2020-04-10,Guangxi,0.19402008483850228,Power
2020-04-11,Guangxi,0.18592004422432568,Power
2020-04-12,Guangxi,0.18065624386556708,Power
2020-04-13,Guangxi,0.19291501370728462,Power
2020-04-14,Guangxi,0.1966127517232821,Power
2020-04-15,Guangxi,0.18677827254368848,Power
2020-04-16,Guangxi,0.18292687079050982,Power
2020-04-17,Guangxi,0.19079805051952306,Power
2020-04-18,Guangxi,0.191504249822313,Power
2020-04-19,Guangxi,0.17610027753020682,Power
2020-04-20,Guangxi,0.18435398188156457,Power
2020-04-21,Guangxi,0.1917494579135595,Power
2020-04-22,Guangxi,0.1869777084579023,Power
2020-04-23,Guangxi,0.1851059533613872,Power
2020-04-24,Guangxi,0.18168448312819416,Power
2020-04-25,Guangxi,0.18259011834519795,Power
2020-04-26,Guangxi,0.18963249472579793,Power
2020-04-27,Guangxi,0.19273192499915387,Power
2020-04-28,Guangxi,0.18401722943625268,Power
2020-04-29,Guangxi,0.19227093378761045,Power
2020-04-30,Guangxi,0.1894330588115841,Power
2020-04-01,Xinjiang,0.6258055940532052,Power
2020-04-02,Xinjiang,0.6300134353663276,Power
2020-04-03,Xinjiang,0.6185109596082758,Power
2020-04-04,Xinjiang,0.5414349865096716,Power
2020-04-05,Xinjiang,0.5842590270359086,Power
2020-04-06,Xinjiang,0.6105854096752574,Power
2020-04-07,Xinjiang,0.6210085506726941,Power
2020-04-08,Xinjiang,0.6212066894210195,Power
2020-04-09,Xinjiang,0.6088699452489658,Power
2020-04-10,Xinjiang,0.6188550953290516,Power
2020-04-11,Xinjiang,0.593018845382929,Power
2020-04-12,Xinjiang,0.57622919355114,Power
2020-04-13,Xinjiang,0.6153303112798933,Power
2020-04-14,Xinjiang,0.6271247809828457,Power
2020-04-15,Xinjiang,0.595756288616373,Power
2020-04-16,Xinjiang,0.5834716862201943,Power
2020-04-17,Xinjiang,0.6085779513040652,Power
2020-04-18,Xinjiang,0.6108304760218705,Power
2020-04-19,Xinjiang,0.5616972806147437,Power
2020-04-20,Xinjiang,0.5880236632540924,Power
2020-04-21,Xinjiang,0.6116126026599972,Power
2020-04-22,Xinjiang,0.5963924182820494,Power
2020-04-23,Xinjiang,0.590422184944348,Power
2020-04-24,Xinjiang,0.5795089112536851,Power
2020-04-25,Xinjiang,0.5823975656371668,Power
2020-04-26,Xinjiang,0.604860242684169,Power
2020-04-27,Xinjiang,0.6147463233900919,Power
2020-04-28,Xinjiang,0.5869495426710649,Power
2020-04-29,Xinjiang,0.6132759253104136,Power
2020-04-30,Xinjiang,0.6042241130184927,Power
2020-04-01,Jiangsu,0.896604954524561,Power
2020-04-02,Jiangsu,0.9026336180664818,Power
2020-04-03,Jiangsu,0.8861537769593232,Power
2020-04-04,Jiangsu,0.7757253947081811,Power
2020-04-05,Jiangsu,0.8370803063188311,Power
2020-04-06,Jiangsu,0.874798673385941,Power
2020-04-07,Jiangsu,0.8897321286775138,Power
2020-04-08,Jiangsu,0.8900160062668485,Power
2020-04-09,Jiangsu,0.8723408910993337,Power
2020-04-10,Jiangsu,0.88664682750922,Power
2020-04-11,Jiangsu,0.8496306839525695,Power
2020-04-12,Jiangsu,0.8255757934879044,Power
2020-04-13,Jiangsu,0.8815967946042157,Power
2020-04-14,Jiangsu,0.898494981632499,Power
2020-04-15,Jiangsu,0.8535526769631127,Power
2020-04-16,Jiangsu,0.83595226642437,Power
2020-04-17,Jiangsu,0.8719225451782092,Power
2020-04-18,Jiangsu,0.8751497851411706,Power
2020-04-19,Jiangsu,0.8047556134490781,Power
2020-04-20,Jiangsu,0.8424739805161877,Power
2020-04-21,Jiangsu,0.8762703545727542,Power
2020-04-22,Jiangsu,0.8544640734341341,Power
2020-04-23,Jiangsu,0.8459103934397112,Power
2020-04-24,Jiangsu,0.8302747146376791,Power
2020-04-25,Jiangsu,0.8344133510716617,Power
2020-04-26,Jiangsu,0.8665961051467477,Power
2020-04-27,Jiangsu,0.8807601027619664,Power
2020-04-28,Jiangsu,0.8409350651634794,Power
2020-04-29,Jiangsu,0.878653432230589,Power
2020-04-30,Jiangsu,0.8656847086757263,Power
2020-04-01,Jiangxi,0.19298073863996318,Power
2020-04-02,Jiangxi,0.19427831784411626,Power
2020-04-03,Jiangxi,0.19073127977179696,Power
2020-04-04,Jiangxi,0.16696323045854972,Power
2020-04-05,Jiangxi,0.18016895289189427,Power
2020-04-06,Jiangxi,0.1882872644182497,Power
2020-04-07,Jiangxi,0.1915014661891319,Power
2020-04-08,Jiangxi,0.1915625665729706,Power
2020-04-09,Jiangxi,0.18775826372659368,Power
2020-04-10,Jiangxi,0.19083740149109574,Power
2020-04-11,Jiangxi,0.18287023301949917,Power
2020-04-12,Jiangxi,0.17769277944158982,Power
2020-04-13,Jiangxi,0.18975045782070232,Power
2020-04-14,Jiangxi,0.19338753856394175,Power
2020-04-15,Jiangxi,0.1837143830593757,Power
2020-04-16,Jiangxi,0.1799261592613774,Power
2020-04-17,Jiangxi,0.18766822105567357,Power
2020-04-18,Jiangxi,0.18836283594562914,Power
2020-04-19,Jiangxi,0.17321154865847388,Power
2020-04-20,Jiangxi,0.18132986018482924,Power
2020-04-21,Jiangxi,0.1886040216713081,Power
2020-04-22,Jiangxi,0.18391054744959462,Power
2020-04-23,Jiangxi,0.18206949641024484,Power
2020-04-24,Jiangxi,0.1787041515846038,Power
2020-04-25,Jiangxi,0.17959493086477823,Power
2020-04-26,Jiangxi,0.18652178490627935,Power
2020-04-27,Jiangxi,0.18957037247886196,Power
2020-04-28,Jiangxi,0.18099863178823009,Power
2020-04-29,Jiangxi,0.18911694331458548,Power
2020-04-30,Jiangxi,0.18632562051606044,Power
2020-04-01,Hebei,0.6930037481330931,Power
2020-04-02,Hebei,0.6976634217270224,Power
2020-04-03,Hebei,0.6849258257565042,Power
2020-04-04,Hebei,0.5995735394300304,Power
2020-04-05,Hebei,0.646995967220541,Power
2020-04-06,Hebei,0.6761492410442704,Power
2020-04-07,Hebei,0.6876916047546356,Power
2020-04-08,Hebei,0.6879110193724416,Power
2020-04-09,Hebei,0.6742495723795828,Power
2020-04-10,Hebei,0.6853069143032195,Power
2020-04-11,Hebei,0.6566964029551153,Power
2020-04-12,Hebei,0.6381039011305147,Power
2020-04-13,Hebei,0.6814036437338313,Power
2020-04-14,Hebei,0.6944645875621688,Power
2020-04-15,Hebei,0.6597277891221698,Power
2020-04-16,Hebei,0.6461240828182072,Power
2020-04-17,Hebei,0.6739262245217638,Power
2020-04-18,Hebei,0.6764206222820829,Power
2020-04-19,Hebei,0.622011571135123,Power
2020-04-20,Hebei,0.6511648449588521,Power
2020-04-21,Hebei,0.6772867326155269,Power
2020-04-22,Hebei,0.6604322255267043,Power
2020-04-23,Hebei,0.6538209166480807,Power
2020-04-24,Hebei,0.6417357904620904,Power
2020-04-25,Hebei,0.6449346246269441,Power
2020-04-26,Hebei,0.6698093134034593,Power
2020-04-27,Hebei,0.680756948018193,Power
2020-04-28,Hebei,0.6499753867675889,Power
2020-04-29,Hebei,0.6791286605913182,Power
2020-04-30,Hebei,0.6691048769989248,Power
2020-04-01,Henan,0.4941590114439989,Power
2020-04-02,Henan,0.4974816770183641,Power
2020-04-03,Henan,0.48839890098732375,Power
2020-04-04,Henan,0.42753689042937343,Power
2020-04-05,Henan,0.46135232086588035,Power
2020-04-06,Henan,0.48214059655977104,Power
2020-04-07,Henan,0.49037109034311166,Power
2020-04-08,Henan,0.49052754795380055,Power
2020-04-09,Henan,0.4807860030356493,Power
2020-04-10,Henan,0.4886706431532569,Power
2020-04-11,Henan,0.468269394180544,Power
2020-04-12,Henan,0.4550116703274388,Power
2020-04-13,Henan,0.4858873446052137,Power
2020-04-14,Henan,0.49520068974674286,Power
2020-04-15,Henan,0.4704309795913763,Power
2020-04-16,Henan,0.46073060772866953,Power
2020-04-17,Henan,0.48055543392516065,Power
2020-04-18,Henan,0.48233410992035985,Power
2020-04-19,Henan,0.44353673977507735,Power
2020-04-20,Henan,0.4643250154689679,Power
2020-04-21,Henan,0.4829517057520261,Power
2020-04-22,Henan,0.4709332908677983,Power
2020-04-23,Henan,0.4662189760194115,Power
2020-04-24,Henan,0.4576014555148932,Power
2020-04-25,Henan,0.45988244278651436,Power
2020-04-26,Henan,0.47761979507197305,Power
2020-04-27,Henan,0.4854262063842361,Power
2020-04-28,Henan,0.46347685052681276,Power
2020-04-29,Henan,0.48426512622070333,Power
2020-04-30,Henan,0.4771174837955511,Power
2020-04-01,Zhejiang,0.4424350073374544,Power
2020-04-02,Zhejiang,0.44540988694853034,Power
2020-04-03,Zhejiang,0.43727781207612215,Power
2020-04-04,Zhejiang,0.38278627501178075,Power
2020-04-05,Zhejiang,0.41306221831508444,Power
2020-04-06,Zhejiang,0.4316745691903287,Power
2020-04-07,Zhejiang,0.4390435708539478,Power
2020-04-08,Zhejiang,0.43918365192609266,Power
2020-04-09,Zhejiang,0.4304617620130746,Power
2020-04-10,Zhejiang,0.4375211107803737,Power
2020-04-11,Zhejiang,0.41925527624148784,Power
2020-04-12,Zhejiang,0.4073852485492148,Power
2020-04-13,Zhejiang,0.43502914223379713,Power
2020-04-14,Zhejiang,0.4433676523704187,Power
2020-04-15,Zhejiang,0.42119060684348886,Power
2020-04-16,Zhejiang,0.41250558037050894,Power
2020-04-17,Zhejiang,0.4302553267488613,Power
2020-04-18,Zhejiang,0.43184782735850785,Power
2020-04-19,Zhejiang,0.39711140781059223,Power
2020-04-20,Zhejiang,0.4157237586858364,Power
2020-04-21,Zhejiang,0.4324007789590795,Power
2020-04-22,Zhejiang,0.42164034081195384,Power
2020-04-23,Zhejiang,0.4174194769275896,Power
2020-04-24,Zhejiang,0.40970395892761224,Power
2020-04-25,Zhejiang,0.4117461935057238,Power
2020-04-26,Zhejiang,0.42762696347414364,Power
2020-04-27,Zhejiang,0.4346162717053702,Power
2020-04-28,Zhejiang,0.4149643718210512,Power
2020-04-29,Zhejiang,0.4335767226962954,Power
2020-04-30,Zhejiang,0.4271772295056787,Power
2020-04-01,Hainan,0.039440507897056366,Power
2020-04-02,Hainan,0.039705701113794616,Power
2020-04-03,Hainan,0.038980773931484115,Power
2020-04-04,Hainan,0.03412317030097014,Power
2020-04-05,Hainan,0.03682209457491218,Power
2020-04-06,Hainan,0.038481277414207614,Power
2020-04-07,Hainan,0.03913818105765217,Power
2020-04-08,Hainan,0.03915066847058408,Power
2020-04-09,Hainan,0.038373162707507624,Power
2020-04-10,Hainan,0.039002462596050065,Power
2020-04-11,Hainan,0.037374169672954635,Power
2020-04-12,Hainan,0.036316025735039933,Power
2020-04-13,Hainan,0.038780318092313935,Power
2020-04-14,Hainan,0.03952364777789252,Power
2020-04-15,Hainan,0.0375466931410929,Power
2020-04-16,Hainan,0.036772473539314315,Power
2020-04-17,Hainan,0.03835476020423956,Power
2020-04-18,Hainan,0.03849672237230761,Power
2020-04-19,Hainan,0.035400172581323094,Power
2020-04-20,Hainan,0.03705935542061852,Power
2020-04-21,Hainan,0.03854601479177568,Power
2020-04-22,Hainan,0.03758678430892693,Power
2020-04-23,Hainan,0.03721051884032062,Power
2020-04-24,Hainan,0.03652272528067607,Power
2020-04-25,Hainan,0.03670477861657816,Power
2020-04-26,Hainan,0.0381204569037013,Power
2020-04-27,Hainan,0.03874351308577777,Power
2020-04-28,Hainan,0.03699166049788236,Power
2020-04-29,Hainan,0.03865084333717779,Power
2020-04-30,Hainan,0.03808036573586727,Power
2020-04-01,Hubei,0.2693203414252163,Power
2020-04-02,Hubei,0.27113121890838704,Power
2020-04-03,Hubei,0.2661810383286168,Power
2020-04-04,Hubei,0.23301078931222327,Power
2020-04-05,Hubei,0.2514404507363634,Power
2020-04-06,Hubei,0.26277021580765086,Power
2020-04-07,Hubei,0.267255896215158,Power
2020-04-08,Hubei,0.26734116677818215,Power
2020-04-09,Hubei,0.26203195224883646,Power
2020-04-10,Hubei,0.2663291398328166,Power
2020-04-11,Hubei,0.2552103072069047,Power
2020-04-12,Hubei,0.24798474897170059,Power
2020-04-13,Hubei,0.2648122213958607,Power
2020-04-14,Hubei,0.2698880638579823,Power
2020-04-15,Hubei,0.25638838735394887,Power
2020-04-16,Hubei,0.2511016124464516,Power
2020-04-17,Hubei,0.26190629036648516,Power
2020-04-18,Hubei,0.2628756820303386,Power
2020-04-19,Hubei,0.24173082636253482,Power
2020-04-20,Hubei,0.2530605914338222,Power
2020-04-21,Hubei,0.2632122763580655,Power
2020-04-22,Hubei,0.25666215074050003,Power
2020-04-23,Hubei,0.25409281403885137,Power
2020-04-24,Hubei,0.24939620118596872,Power
2020-04-25,Hubei,0.2506393562363734,Power
2020-04-26,Hubei,0.26030634532868996,Power
2020-04-27,Hubei,0.2645608976311579,Power
2020-04-28,Hubei,0.252598335223744,Power
2020-04-29,Hubei,0.2639281002950314,Power
2020-04-30,Hubei,0.26003258194213874,Power
2020-04-01,Hunan,0.16690695216928592,Power
2020-04-02,Hunan,0.1680292143789228,Power
2020-04-03,Hunan,0.16496141954068377,Power
2020-04-04,Hunan,0.14440469093739777,Power
2020-04-05,Hunan,0.15582617734105003,Power
2020-04-06,Hunan,0.16284761711361068,Power
2020-04-07,Hunan,0.16562754543711009,Power
2020-04-08,Hunan,0.16568039049778693,Power
2020-04-09,Hunan,0.16239009014090863,Power
2020-04-10,Hunan,0.16505320306712248,Power
2020-04-11,Hunan,0.15816248528676244,Power
2020-04-12,Hunan,0.15368456172414702,Power
2020-04-13,Hunan,0.16411311725087152,Power
2020-04-14,Hunan,0.16725878902063426,Power
2020-04-15,Hunan,0.15889258151979757,Power
2020-04-16,Hunan,0.15561618775783423,Power
2020-04-17,Hunan,0.1623122132093849,Power
2020-04-18,Hunan,0.16291297810971098,Power
2020-04-19,Hunan,0.14980879372134917,Power
2020-04-20,Hunan,0.15683023349390976,Power
2020-04-21,Hunan,0.16312157703343524,Power
2020-04-22,Hunan,0.15906224197776,Power
2020-04-23,Hunan,0.15746993685999766,Power
2020-04-24,Hunan,0.15455928654429768,Power
2020-04-25,Hunan,0.15532971190258615,Power
2020-04-26,Hunan,0.16132067299194863,Power
2020-04-27,Hunan,0.16395736338782402,Power
2020-04-28,Hunan,0.1565437576386617,Power
2020-04-29,Hunan,0.16356519741122233,Power
2020-04-30,Hunan,0.1611510125339862,Power
2020-04-01,Gansu,0.21926630952804535,Power
2020-04-02,Gansu,0.22074062973958622,Power
2020-04-03,Gansu,0.21671045577842252,Power
2020-04-04,Gansu,0.18970500179205715,Power
2020-04-05,Gansu,0.20470945271818475,Power
2020-04-06,Gansu,0.21393354534280654,Power
2020-04-07,Gansu,0.21758554794859356,Power
2020-04-08,Gansu,0.21765497070948397,Power
2020-04-09,Gansu,0.21333249038667645,Power
2020-04-10,Gansu,0.21683103215260055,Power
2020-04-11,Gansu,0.20777866951544455,Power
2020-04-12,Gansu,0.20189600398736332,Power
2020-04-13,Gansu,0.21559603777465555,Power
2020-04-14,Gansu,0.21972851896239456,Power
2020-04-15,Gansu,0.20873779976458823,Power
2020-04-16,Gansu,0.20443358858938343,Power
2020-04-17,Gansu,0.21323018316010117,Power
2020-04-18,Gansu,0.2140194103365394,Power
2020-04-19,Gansu,0.19680439255048066,Power
2020-04-20,Gansu,0.20602848517510236,Power
2020-04-21,Gansu,0.2142934475505804,Power
2020-04-22,Gansu,0.2089606833653416,Power
2020-04-23,Gansu,0.20686886596482823,Power
2020-04-24,Gansu,0.20304513337157548,Power
2020-04-25,Gansu,0.20405724414876708,Power
2020-04-26,Gansu,0.21192759293602603,Power
2020-04-27,Gansu,0.21539142332150488,Power
2020-04-28,Gansu,0.20565214073448598,Power
2020-04-29,Gansu,0.21487623335910772,Power
2020-04-30,Gansu,0.21170470933527266,Power
2020-04-01,Fujian,0.2039379783338989,Power
2020-04-02,Fujian,0.20530923269580073,Power
2020-04-03,Fujian,0.2015607975999452,Power
2020-04-04,Fujian,0.1764432238977981,Power
2020-04-05,Fujian,0.1903987531100653,Power
2020-04-06,Fujian,0.19897801367170387,Power
2020-04-07,Fujian,0.20237471437733176,Power
2020-04-08,Fujian,0.2024392839755378,Power
2020-04-09,Fujian,0.19841897688723578,Power
2020-04-10,Fujian,0.20167294479682935,Power
2020-04-11,Fujian,0.19325340903075314,Power
2020-04-12,Fujian,0.18778198518276815,Power
2020-04-13,Fujian,0.20052428562874305,Power
2020-04-14,Fujian,0.20436787592195485,Power
2020-04-15,Fujian,0.19414548900596806,Power
2020-04-16,Fujian,0.19014217391719396,Power
2020-04-17,Fujian,0.19832382168987955,Power
2020-04-18,Fujian,0.199057876069485,Power
2020-04-19,Fujian,0.18304631491434145,Power
2020-04-20,Fujian,0.19162557547597994,Power
2020-04-21,Fujian,0.1993127560624035,Power
2020-04-22,Fujian,0.19435279140020847,Power
2020-04-23,Fujian,0.19240720745426348,Power
2020-04-24,Fujian,0.1888507819530733,Power
2020-04-25,Fujian,0.18979213872691914,Power
2020-04-26,Fujian,0.19711229212354,Power
2020-04-27,Fujian,0.20033397523403051,Power
2020-04-28,Fujian,0.19127554028570515,Power
2020-04-29,Fujian,0.19985480084734367,Power
2020-04-30,Fujian,0.19690498972929962,Power
2020-04-01,Tibet,0.001485962797529941,Power
2020-04-02,Tibet,0.0014959542321042341,Power
2020-04-03,Tibet,0.0014686418347425356,Power
2020-04-04,Tibet,0.001285626486691481,Power
2020-04-05,Tibet,0.001387311309688593,Power
2020-04-06,Tibet,0.0014498227758169774,Power
2020-04-07,Tibet,0.0014745723144960502,Power
2020-04-08,Tibet,0.0014750427909691892,Power
2020-04-09,Tibet,0.0014457494400363792,Power
2020-04-10,Tibet,0.001469458978090619,Power
2020-04-11,Tibet,0.001408111322185263,Power
2020-04-12,Tibet,0.0013682446315666458,Power
2020-04-13,Tibet,0.0014610894492526733,Power
2020-04-14,Tibet,0.0014890951803642608,Power
2020-04-15,Tibet,0.0014146113260904722,Power
2020-04-16,Tibet,0.0013854417847558565,Power
2020-04-17,Tibet,0.0014450561062864906,Power
2020-04-18,Tibet,0.0014504046809284913,Power
2020-04-19,Tibet,0.0013337388965498492,Power
2020-04-20,Tibet,0.0013962503626782333,Power
2020-04-21,Tibet,0.001452261824901408,Power
2020-04-22,Tibet,0.0014161218031884446,Power
2020-04-23,Tibet,0.0014019456041951784,Power
2020-04-24,Tibet,0.0013760322552930776,Power
2020-04-25,Tibet,0.0013828913070330507,Power
2020-04-26,Tibet,0.0014362284819352251,Power
2020-04-27,Tibet,0.001459702781752895,Power
2020-04-28,Tibet,0.0013936998849554273,Power
2020-04-29,Tibet,0.0014562113510838116,Power
2020-04-30,Tibet,0.001434718004837253,Power
2020-04-01,Guizhou,0.2886760484257523,Power
2020-04-02,Guizhou,0.2906170713475952,Power
2020-04-03,Guizhou,0.28531112764798505,Power
2020-04-04,Guizhou,0.24975697544144054,Power
2020-04-05,Guizhou,0.2695111529595267,Power
2020-04-06,Guizhou,0.2816551736935846,Power
2020-04-07,Guizhou,0.2864632341901941,Power
2020-04-08,Guizhou,0.28655463303905415,Power
2020-04-09,Guizhou,0.280863852081086,Power
2020-04-10,Guizhou,0.2854698730170577,Power
2020-04-11,Guizhou,0.2735519441722851,Power
2020-04-12,Guizhou,0.2658070943478315,Power
2020-04-13,Guizhou,0.28384393560049537,Power
2020-04-14,Guizhou,0.2892845723405308,Power
2020-04-15,Guizhou,0.2748146914262722,Power
2020-04-16,Guizhou,0.2691479627969514,Power
2020-04-17,Guizhou,0.2807291590406608,Power
2020-04-18,Guizhou,0.28176821963822724,Power
2020-04-19,Guizhou,0.2591037103538091,Power
2020-04-20,Guizhou,0.27124773108786693,Power
2020-04-21,Guizhou,0.28212900456793777,Power
2020-04-22,Guizhou,0.27510812983577004,Power
2020-04-23,Guizhou,0.27235413820564597,Power
2020-04-24,Guizhou,0.2673199858197512,Power
2020-04-25,Guizhou,0.26865248482681553,Power
2020-04-26,Guizhou,0.27901422800810316,Power
2020-04-27,Guizhou,0.2835745495196448,Power
2020-04-28,Guizhou,0.2707522531177311,Power
2020-04-29,Guizhou,0.28289627385178895,Power
2020-04-30,Guizhou,0.2787207895986053,Power
2020-04-01,Liaoning,0.31830156373258167,Power
2020-04-02,Liaoning,0.3204417850451312,Power
2020-04-03,Liaoning,0.31459131637662535,Power
2020-04-04,Liaoning,0.2753884025698013,Power
2020-04-05,Liaoning,0.2971698618510518,Power
2020-04-06,Liaoning,0.3105601684273375,Power
2020-04-07,Liaoning,0.3158616583948548,Power
2020-04-08,Liaoning,0.315962437093587,Power
2020-04-09,Liaoning,0.3096876370619982,Power
2020-04-10,Liaoning,0.31476635306389705,Power
2020-04-11,Liaoning,0.3016253411634226,Power
2020-04-12,Liaoning,0.2930856724813786,Power
2020-04-13,Liaoning,0.3129735530548716,Power
2020-04-14,Liaoning,0.3189725377004565,Power
2020-04-15,Liaoning,0.3030176784485385,Power
2020-04-16,Liaoning,0.2967693991271423,Power
2020-04-17,Liaoning,0.3095391210849192,Power
2020-04-18,Liaoning,0.31068481576524315,Power
2020-04-19,Liaoning,0.28569435055067793,Power
2020-04-20,Liaoning,0.2990846571269635,Power
2020-04-21,Liaoning,0.31108262641813333,Power
2020-04-22,Liaoning,0.3033412311128892,Power
2020-04-23,Liaoning,0.3003046097958269,Power
2020-04-24,Liaoning,0.2947538251524984,Power
2020-04-25,Liaoning,0.29622307249717306,Power
2020-04-26,Liaoning,0.3076481944481809,Power
2020-04-27,Liaoning,0.31267652110071353,Power
2020-04-28,Liaoning,0.2985383304969943,Power
2020-04-29,Liaoning,0.31192863707327995,Power
2020-04-30,Liaoning,0.3073246417838302,Power
2020-04-01,Chongqing,0.09004309615406311,Power
2020-04-02,Chongqing,0.09064853506921335,Power
2020-04-03,Chongqing,0.08899351865431697,Power
2020-04-04,Chongqing,0.07790355825313915,Power
2020-04-05,Chongqing,0.08406523088031227,Power
2020-04-06,Chongqing,0.08785316282900306,Power
2020-04-07,Chongqing,0.08935288078610995,Power
2020-04-08,Chongqing,0.0893813896817428,Power
2020-04-09,Chongqing,0.08760633581155021,Power
2020-04-10,Chongqing,0.08904303410462665,Power
2020-04-11,Chongqing,0.0853256241609224,Power
2020-04-12,Chongqing,0.08290987037308635,Power
2020-04-13,Chongqing,0.08853587585600019,Power
2020-04-14,Chongqing,0.09023290538025024,Power
2020-04-15,Chongqing,0.08571949706111308,Power
2020-04-16,Chongqing,0.08395194553187649,Power
2020-04-17,Chongqing,0.08756432270219656,Power
2020-04-18,Chongqing,0.08788842383149631,Power
2020-04-19,Chongqing,0.08081896794864564,Power
2020-04-20,Chongqing,0.08460689989733639,Power
2020-04-21,Chongqing,0.08800095894583648,Power
2020-04-22,Chongqing,0.08581102562077642,Power
2020-04-23,Chongqing,0.08495200758131297,Power
2020-04-24,Chongqing,0.08338176761921955,Power
2020-04-25,Chongqing,0.08379739730818263,Power
2020-04-26,Chongqing,0.08702940579203286,Power
2020-04-27,Chongqing,0.08845184963729283,Power
2020-04-28,Chongqing,0.08445235167364254,Power
2020-04-29,Chongqing,0.0882402836223333,Power
2020-04-30,Chongqing,0.08693787723236951,Power
2020-04-01,Shaanxi,0.495669277371395,Power
2020-04-02,Shaanxi,0.4990020977916476,Power
2020-04-03,Shaanxi,0.4898915626651579,Power
2020-04-04,Shaanxi,0.4288435435174828,Power
2020-04-05,Shaanxi,0.4627623218465218,Power
2020-04-06,Shaanxi,0.48361413139033266,Power
2020-04-07,Shaanxi,0.49186977949452704,Power
2020-04-08,Shaanxi,0.49202671527639774,Power
2020-04-09,Shaanxi,0.48225539791045263,Power
2020-04-10,Shaanxi,0.49016413533893316,Power
2020-04-11,Shaanxi,0.46970053536080236,Power
2020-04-12,Shaanxi,0.4564022927917647,Power
2020-04-13,Shaanxi,0.48737233037723454,Power
2020-04-14,Shaanxi,0.4967141392875336,Power
2020-04-15,Shaanxi,0.471868727084015,Power
2020-04-16,Shaanxi,0.46213870860803585,Power
2020-04-17,Shaanxi,0.4820241241266434,Power
2020-04-18,Shaanxi,0.4838082361731727,Power
2020-04-19,Shaanxi,0.44489229215825304,Power
2020-04-20,Shaanxi,0.46574410170206376,Power
2020-04-21,Shaanxi,0.4844277195226619,Power
2020-04-22,Shaanxi,0.4723725735415996,Power
2020-04-23,Shaanxi,0.4676438506404977,Power
2020-04-24,Shaanxi,0.4589999929706233,Power
2020-04-25,Shaanxi,0.4612879514747372,Power
2020-04-26,Shaanxi,0.4790795132720707,Power
2020-04-27,Shaanxi,0.4869097828096158,Power
2020-04-28,Shaanxi,0.46489334456876513,Power
2020-04-29,Shaanxi,0.4857451541125759,Power
2020-04-30,Shaanxi,0.47857566681448616,Power
2020-04-01,Qinghai,0.08439088252233709,Power
2020-04-02,Qinghai,0.08495831663494771,Power
2020-04-03,Qinghai,0.08340718943244584,Power
2020-04-04,Qinghai,0.07301337152338744,Power
2020-04-05,Qinghai,0.07878826169299212,Power
2020-04-06,Qinghai,0.0823384163826712,Power
2020-04-07,Qinghai,0.0837439935711577,Power
2020-04-08,Qinghai,0.08377071289740207,Power
2020-04-09,Qinghai,0.0821070832686081,Power
2020-04-10,Qinghai,0.0834535966832913,Power
2020-04-11,Qinghai,0.07996953716905884,Power
2020-04-12,Qinghai,0.07770542583993098,Power
2020-04-13,Qinghai,0.08297827393220732,Power
2020-04-14,Qinghai,0.08456877698391142,Power
2020-04-15,Qinghai,0.0803386857553297,Power
2020-04-16,Qinghai,0.07868208752817898,Power
2020-04-17,Qinghai,0.0820677074194059,Power
2020-04-18,Qinghai,0.08237146397039449,Power
2020-04-19,Qinghai,0.07574577420195604,Power
2020-04-20,Qinghai,0.07929592889163509,Power
2020-04-21,Qinghai,0.08247693499504329,Power
2020-04-22,Qinghai,0.08042446885537739,Power
2020-04-23,Qinghai,0.07961937336722477,Power
2020-04-24,Qinghai,0.07814770100329167,Power
2020-04-25,Qinghai,0.07853724065432795,Power
2020-04-26,Qinghai,0.08156636848224187,Power
2020-04-27,Qinghai,0.08289952223380286,Power
2020-04-28,Qinghai,0.07915108201778405,Power
2020-04-29,Qinghai,0.0827012367074631,Power
2020-04-30,Qinghai,0.08148058538219417,Power
2020-04-01,Heilongjiang,0.1890714066072091,Power
2020-04-02,Heilongjiang,0.1903426999344214,Power
2020-04-03,Heilongjiang,0.1868675164402079,Power
2020-04-04,Heilongjiang,0.16358095143047816,Power
2020-04-05,Heilongjiang,0.17651915725004994,Power
2020-04-06,Heilongjiang,0.18447301104074984,Power
2020-04-07,Heilongjiang,0.18762210070753713,Power
2020-04-08,Heilongjiang,0.18768196334252357,Power
2020-04-09,Heilongjiang,0.1839547266483671,Power
2020-04-10,Heilongjiang,0.18697148838518438,Power
2020-04-11,Heilongjiang,0.17916571584945098,Power
2020-04-12,Heilongjiang,0.17409314520059901,Power
2020-04-13,Heilongjiang,0.18590656361542537,Power
2020-04-14,Heilongjiang,0.1894699657296189,Power
2020-04-15,Heilongjiang,0.17999276541176382,Power
2020-04-16,Heilongjiang,0.17628128204260377,Power
2020-04-17,Heilongjiang,0.1838665080283871,Power
2020-04-18,Heilongjiang,0.1845470516682331,Power
2020-04-19,Heilongjiang,0.16970269352409267,Power
2020-04-20,Heilongjiang,0.17765654731479252,Power
2020-04-21,Heilongjiang,0.18478335154317957,Power
2020-04-22,Heilongjiang,0.18018495597672032,Power
2020-04-23,Heilongjiang,0.1783812002646285,Power
2020-04-24,Heilongjiang,0.17508402934287476,Power
2020-04-25,Heilongjiang,0.17595676354767723,Power
2020-04-26,Heilongjiang,0.1827432959561413,Power
2020-04-27,Heilongjiang,0.1857301263754653,Power
2020-04-28,Heilongjiang,0.17733202881986598,Power
2020-04-29,Heilongjiang,0.18528588261056586,Power
2020-04-30,Heilongjiang,0.18255110539118483,Power
2020-05-01,Shanghai,0.09111903037297794,Power
2020-05-02,Shanghai,0.09207429750966235,Power
2020-05-03,Shanghai,0.10056585993500622,Power
2020-05-04,Shanghai,0.10770479997338289,Power
2020-05-05,Shanghai,0.10762138227975693,Power
2020-05-06,Shanghai,0.10758819459519604,Power
2020-05-07,Shanghai,0.1100700952216803,Power
2020-05-08,Shanghai,0.1098135633896693,Power
2020-05-09,Shanghai,0.11265245586629476,Power
2020-05-10,Shanghai,0.10446765528202703,Power
2020-05-11,Shanghai,0.10059097493953877,Power
2020-05-12,Shanghai,0.10347112778075342,Power
2020-05-13,Shanghai,0.1057126419352833,Power
2020-05-14,Shanghai,0.10854346173188047,Power
2020-05-15,Shanghai,0.11053561976998004,Power
2020-05-16,Shanghai,0.10797837412989812,Power
2020-05-17,Shanghai,0.10279033176503187,Power
2020-05-18,Shanghai,0.10337963740709914,Power
2020-05-19,Shanghai,0.11119130078116905,Power
2020-05-20,Shanghai,0.11354852334943817,Power
2020-05-21,Shanghai,0.10780436302706549,Power
2020-05-22,Shanghai,0.10955613459321067,Power
2020-05-23,Shanghai,0.1093731538459021,Power
2020-05-24,Shanghai,0.10750567386601767,Power
2020-05-25,Shanghai,0.11020284595992377,Power
2020-05-26,Shanghai,0.10886726589746079,Power
2020-05-27,Shanghai,0.10809497950808497,Power
2020-05-28,Shanghai,0.10695762858853959,Power
2020-05-29,Shanghai,0.10463359370483136,Power
2020-05-30,Shanghai,0.10328007435341656,Power
2020-05-31,Shanghai,0.1013049586398212,Power
2020-05-01,Yunnan,0.025620820702015816,Power
2020-05-02,Yunnan,0.025889422419256843,Power
2020-05-03,Yunnan,0.02827707730857214,Power
2020-05-04,Yunnan,0.030284402254601554,Power
2020-05-05,Yunnan,0.030260946893377688,Power
2020-05-06,Yunnan,0.030251615190525178,Power
2020-05-07,Yunnan,0.03094947523898144,Power
2020-05-08,Yunnan,0.030877343698013437,Power
2020-05-09,Yunnan,0.03167558260418042,Power
2020-05-10,Yunnan,0.029374182914204502,Power
2020-05-11,Yunnan,0.02828413913775782,Power
2020-05-12,Yunnan,0.02909397962044414,Power
2020-05-13,Yunnan,0.029724247875266042,Power
2020-05-14,Yunnan,0.030520216907766212,Power
2020-05-15,Yunnan,0.03108037128710172,Power
2020-05-16,Yunnan,0.030361325751088415,Power
2020-05-17,Yunnan,0.028902553607875185,Power
2020-05-18,Yunnan,0.02906825438555345,Power
2020-05-19,Yunnan,0.031264735470485,Power
2020-05-20,Yunnan,0.03192753858119807,Power
2020-05-21,Yunnan,0.03031239736315907,Power
2020-05-22,Yunnan,0.030804959948860212,Power
2020-05-23,Yunnan,0.030753509479078834,Power
2020-05-24,Yunnan,0.030228412037486517,Power
2020-05-25,Yunnan,0.030986802050391463,Power
2020-05-26,Yunnan,0.030611264062624433,Power
2020-05-27,Yunnan,0.030394112815164787,Power
2020-05-28,Yunnan,0.030074312836327586,Power
2020-05-29,Yunnan,0.02942084142846703,Power
2020-05-30,Yunnan,0.02904025927699594,Power
2020-05-31,Yunnan,0.02848489685317928,Power
2020-05-01,InnerMongolia,0.8419077038037402,Power
2020-05-02,InnerMongolia,0.8507340352327855,Power
2020-05-03,InnerMongolia,0.9291930771471241,Power
2020-05-04,InnerMongolia,0.9951543652633407,Power
2020-05-05,InnerMongolia,0.9943836151948888,Power
2020-05-06,InnerMongolia,0.9940769726945369,Power
2020-05-07,InnerMongolia,1.017008859139765,Power
2020-05-08,InnerMongolia,1.0146385954883972,Power
2020-05-09,InnerMongolia,1.0408689607211934,Power
2020-05-10,InnerMongolia,0.9652442900263228,Power
2020-05-11,InnerMongolia,0.9294251309311742,Power
2020-05-12,InnerMongolia,0.9560367273806238,Power
2020-05-13,InnerMongolia,0.9767475276070877,Power
2020-05-14,InnerMongolia,1.0029033041235822,Power
2020-05-15,InnerMongolia,1.0213101417798351,Power
2020-05-16,InnerMongolia,0.9976820939824567,Power
2020-05-17,InnerMongolia,0.9497464123058397,Power
2020-05-18,InnerMongolia,0.9551913885958703,Power
2020-05-19,InnerMongolia,1.0273684030705694,Power
2020-05-20,InnerMongolia,1.0491483082306923,Power
2020-05-21,InnerMongolia,0.9960742927643961,Power
2020-05-22,InnerMongolia,1.0122600442018843,Power
2020-05-23,InnerMongolia,1.0105693666323772,Power
2020-05-24,InnerMongolia,0.9933145102612296,Power
2020-05-25,InnerMongolia,1.0182354291411722,Power
2020-05-26,InnerMongolia,1.0058951404107983,Power
2020-05-27,InnerMongolia,0.9987594865512605,Power
2020-05-28,InnerMongolia,0.9882507651878527,Power
2020-05-29,InnerMongolia,0.9667775025280818,Power
2020-05-30,InnerMongolia,0.954271461094815,Power
2020-05-31,InnerMongolia,0.9360220885063102,Power
2020-05-01,Beijing,0.037118053175346874,Power
2020-05-02,Beijing,0.03750718875142768,Power
2020-05-03,Beijing,0.04096629344509618,Power
2020-05-04,Beijing,0.04387439677845497,Power
2020-05-05,Beijing,0.04384041592533242,Power
2020-05-06,Beijing,0.04382689666118689,Power
2020-05-07,Beijing,0.04483791838796208,Power
2020-05-08,Beijing,0.044733418129972315,Power
2020-05-09,Beijing,0.04588986329269131,Power
2020-05-10,Beijing,0.042555720445989605,Power
2020-05-11,Beijing,0.04097652423958469,Power
2020-05-12,Beijing,0.042149777136106244,Power
2020-05-13,Beijing,0.04306287554420571,Power
2020-05-14,Beijing,0.044216032237267694,Power
2020-05-15,Beijing,0.045027553471516955,Power
2020-05-16,Beijing,0.04398583936127622,Power
2020-05-17,Beijing,0.04187244952836416,Power
2020-05-18,Beijing,0.04211250781332668,Power
2020-05-19,Beijing,0.04529465028477054,Power
2020-05-20,Beijing,0.046254883424620634,Power
2020-05-21,Beijing,0.04391495457089156,Power
2020-05-22,Beijing,0.044628552486465085,Power
2020-05-23,Beijing,0.044554013840905946,Power
2020-05-24,Beijing,0.043793281193581786,Power
2020-05-25,Beijing,0.0448919954445442,Power
2020-05-26,Beijing,0.04434793640906597,Power
2020-05-27,Beijing,0.04403333947854431,Power
2020-05-28,Beijing,0.04357003064242181,Power
2020-05-29,Beijing,0.042623316766717254,Power
2020-05-30,Beijing,0.04207195002089009,Power
2020-05-31,Beijing,0.041267371111472315,Power
2020-05-01,Jilin,0.10851171120853756,Power
2020-05-02,Jilin,0.10964931848155839,Power
2020-05-03,Jilin,0.1197617391892467,Power
2020-05-04,Jilin,0.12826335072537126,Power
2020-05-05,Jilin,0.12816401037195255,Power
2020-05-06,Jilin,0.12812448786575367,Power
2020-05-07,Jilin,0.1310801304239214,Power
2020-05-08,Jilin,0.13077463213276277,Power
2020-05-09,Jilin,0.13415540867652884,Power
2020-05-10,Jilin,0.12440830410721905,Power
2020-05-11,Jilin,0.11979164811285663,Power
2020-05-12,Jilin,0.12322156074541046,Power
2020-05-13,Jilin,0.12589093217759734,Power
2020-05-14,Jilin,0.1292620951387745,Power
2020-05-15,Jilin,0.13163451368654844,Power
2020-05-16,Jilin,0.12858914435755092,Power
2020-05-17,Jilin,0.12241081528041255,Power
2020-05-18,Jilin,0.12311260680940284,Power
2020-05-19,Jilin,0.13241535022793643,Power
2020-05-20,Jilin,0.13522251634389768,Power
2020-05-21,Jilin,0.1283819182439678,Power
2020-05-22,Jilin,0.13046806566576089,Power
2020-05-23,Jilin,0.13025015779374563,Power
2020-05-24,Jilin,0.12802621568817818,Power
2020-05-25,Jilin,0.13123822044871677,Power
2020-05-26,Jilin,0.12964770661817404,Power
2020-05-27,Jilin,0.1287280072171685,Power
2020-05-28,Jilin,0.12737356024797564,Power
2020-05-29,Jilin,0.12460591663821327,Power
2020-05-30,Jilin,0.12299403929080632,Power
2020-05-31,Jilin,0.1206419160840534,Power
2020-05-01,Sichuan,0.05980777220102912,Power
2020-05-02,Sichuan,0.06043478062142264,Power
2020-05-03,Sichuan,0.06600838504946531,Power
2020-05-04,Sichuan,0.0706941691038428,Power
2020-05-05,Sichuan,0.07063941625586477,Power
2020-05-06,Sichuan,0.07061763286473371,Power
2020-05-07,Sichuan,0.07224667727715518,Power
2020-05-08,Sichuan,0.07207829755111525,Power
2020-05-09,Sichuan,0.07394166060327063,Power
2020-05-10,Sichuan,0.0685694053581149,Power
2020-05-11,Sichuan,0.06602486977788881,Power
2020-05-12,Sichuan,0.06791531488388278,Power
2020-05-13,Sichuan,0.06938657689567941,Power
2020-05-14,Sichuan,0.07124464128512725,Power
2020-05-15,Sichuan,0.07255223349329062,Power
2020-05-16,Sichuan,0.07087373489559867,Power
2020-05-17,Sichuan,0.067468460995546,Power
2020-05-18,Sichuan,0.0678552633731972,Power
2020-05-19,Sichuan,0.07298260265320393,Power
2020-05-20,Sichuan,0.07452981216380879,Power
2020-05-21,Sichuan,0.07075951927723592,Power
2020-05-22,Sichuan,0.07190932908477445,Power
2020-05-23,Sichuan,0.0717892260634033,Power
2020-05-24,Sichuan,0.07056346875705653,Power
2020-05-25,Sichuan,0.07233381084167936,Power
2020-05-26,Sichuan,0.07145717653373011,Power
2020-05-27,Sichuan,0.07095027113470775,Power
2020-05-28,Sichuan,0.07020374843324391,Power
2020-05-29,Sichuan,0.06867832231377011,Power
2020-05-30,Sichuan,0.06778991319980408,Power
2020-05-31,Sichuan,0.06649350705735663,Power
2020-05-01,Tianjin,0.11037343174397816,Power
2020-05-02,Tianjin,0.11153055678884002,Power
2020-05-03,Tianjin,0.12181647491063083,Power
2020-05-04,Tianjin,0.13046394742899284,Power
2020-05-05,Tianjin,0.13036290270676545,Power
2020-05-06,Tianjin,0.1303227021183524,Power
2020-05-07,Tianjin,0.13332905423021416,Power
2020-05-08,Tianjin,0.13301831454680527,Power
2020-05-09,Tianjin,0.13645709460970457,Power
2020-05-10,Tianjin,0.12654276030513703,Power
2020-05-11,Tianjin,0.121846896977538,Power
2020-05-12,Tianjin,0.12533565615035624,Power
2020-05-13,Tianjin,0.12805082562182082,Power
2020-05-14,Tianjin,0.1314798271632143,Power
2020-05-15,Tianjin,0.13389294897038628,Power
2020-05-16,Tianjin,0.13079533065780302,Power
2020-05-17,Tianjin,0.12451100083669413,Power
2020-05-18,Tianjin,0.12522483290662298,Power
2020-05-19,Tianjin,0.13468718221714124,Power
2020-05-20,Tianjin,0.1375425104968567,Power
2020-05-21,Tianjin,0.13058454919423196,Power
2020-05-22,Tianjin,0.1327064883610068,Power
2020-05-23,Tianjin,0.1324848418735403,Power
2020-05-24,Tianjin,0.13022274389851457,Power
2020-05-25,Tianjin,0.1334898565838663,Power
2020-05-26,Tianjin,0.1318720545258388,Power
2020-05-27,Tianjin,0.13093657596844346,Power
2020-05-28,Tianjin,0.12955889093850464,Power
2020-05-29,Tianjin,0.12674376324720224,Power
2020-05-30,Tianjin,0.1251042311413839,Power
2020-05-31,Tianjin,0.12271175287961315,Power
2020-05-01,Ningxia,0.21698740699005023,Power
2020-05-02,Ningxia,0.21926224396014854,Power
2020-05-03,Ningxia,0.23948372902674042,Power
2020-05-04,Ningxia,0.2564841303835594,Power
2020-05-05,Ningxia,0.2562854826481424,Power
2020-05-06,Ningxia,0.25620645075340653,Power
2020-05-07,Ningxia,0.262116754881352,Power
2020-05-08,Ningxia,0.2615058596950158,Power
2020-05-09,Ningxia,0.26826629069065994,Power
2020-05-10,Ningxia,0.24877531665108554,Power
2020-05-11,Ningxia,0.23954353694708105,Power
2020-05-12,Ningxia,0.24640222381185622,Power
2020-05-13,Ningxia,0.25174008070225584,Power
2020-05-14,Ningxia,0.2584812877235048,Power
2020-05-15,Ningxia,0.26322533740480836,Power
2020-05-16,Ningxia,0.257135609515841,Power
2020-05-17,Ningxia,0.24478100197119465,Power
2020-05-18,Ningxia,0.24618435210204398,Power
2020-05-19,Ningxia,0.26478675132512935,Power
2020-05-20,Ningxia,0.2704001518485268,Power
2020-05-21,Ningxia,0.2567212260677668,Power
2020-05-22,Ningxia,0.26089282851152445,Power
2020-05-23,Ningxia,0.2604570850919,Power
2020-05-24,Ningxia,0.2560099390151445,Power
2020-05-25,Ningxia,0.2624328824602952,Power
2020-05-26,Ningxia,0.2592523826964677,Power
2020-05-27,Ningxia,0.2574132891459939,Power
2020-05-28,Ningxia,0.2547048447534262,Power
2020-05-29,Ningxia,0.2491704761247646,Power
2020-05-30,Ningxia,0.2459472564178366,Power
2020-05-31,Ningxia,0.24124379068247845,Power
2020-05-01,Anhui,0.44431955278863505,Power
2020-05-02,Anhui,0.4489776781574841,Power
2020-05-03,Anhui,0.49038469493391,Power
2020-05-04,Anhui,0.5251959811411113,Power
2020-05-05,Anhui,0.5247892152638315,Power
2020-05-06,Anhui,0.524627383678247,Power
2020-05-07,Anhui,0.5367297619839796,Power
2020-05-08,Anhui,0.5354788475656785,Power
2020-05-09,Anhui,0.549322008873103,Power
2020-05-10,Anhui,0.5094108408066736,Power
2020-05-11,Anhui,0.4905071620797577,Power
2020-05-12,Anhui,0.5045515194125034,Power
2020-05-13,Anhui,0.5154817121794083,Power
2020-05-14,Anhui,0.5292855090470961,Power
2020-05-15,Anhui,0.5389997780087991,Power
2020-05-16,Anhui,0.5265299982655234,Power
2020-05-17,Anhui,0.501231784994704,Power
2020-05-18,Anhui,0.5041053890954869,Power
2020-05-19,Anhui,0.5421970452807509,Power
2020-05-20,Anhui,0.5536914616838825,Power
2020-05-21,Anhui,0.5256814758978646,Power
2020-05-22,Anhui,0.5342235593207397,Power
2020-05-23,Anhui,0.5333312986867067,Power
2020-05-24,Anhui,0.5242249916276047,Power
2020-05-25,Anhui,0.5373770883263174,Power
2020-05-26,Anhui,0.5308644604632036,Power
2020-05-27,Anhui,0.5270985957283877,Power
2020-05-28,Anhui,0.521552583552143,Power
2020-05-29,Anhui,0.5102199987345958,Power
2020-05-30,Anhui,0.5036198943387337,Power
2020-05-31,Anhui,0.4939887280831416,Power
2020-05-01,Shandong,0.9369330228001872,Power
2020-05-02,Shandong,0.9467555738336191,Power
2020-05-03,Shandong,1.034070212926106,Power
2020-05-04,Shandong,1.107476488677358,Power
2020-05-05,Shandong,1.106618744784298,Power
2020-05-06,Shandong,1.1062774918375962,Power
2020-05-07,Shandong,1.1317976784192918,Power
2020-05-08,Shandong,1.1291598853718163,Power
2020-05-09,Shandong,1.158350846893705,Power
2020-05-10,Shandong,1.0741904917950527,Power
2020-05-11,Shandong,1.0343284583992853,Power
2020-05-12,Shandong,1.0639436803413975,Power
2020-05-13,Shandong,1.0869920888226614,Power
2020-05-14,Shandong,1.1161000428710282,Power
2020-05-15,Shandong,1.1365844427257248,Power
2020-05-16,Shandong,1.1102895197244909,Power
2020-05-17,Shandong,1.0569433834077124,Power
2020-05-18,Shandong,1.0630029289748153,Power
2020-05-19,Shandong,1.1433264941862307,Power
2020-05-20,Shandong,1.1675646764546426,Power
2020-05-21,Shandong,1.1085002475174623,Power
2020-05-22,Shandong,1.126512869271727,Power
2020-05-23,Shandong,1.1246313665385625,Power
2020-05-24,Shandong,1.1054289709971497,Power
2020-05-25,Shandong,1.1331626902060974,Power
2020-05-26,Shandong,1.11942956486452,Power
2020-05-27,Shandong,1.1114885165642527,Power
2020-05-28,Shandong,1.09979368585027,Power
2020-05-29,Shandong,1.0758967565285595,Power
2020-05-30,Shandong,1.0619791701347112,Power
2020-05-31,Shandong,1.041670008279672,Power
2020-05-01,Shanxi,0.4648151011832622,Power
2020-05-02,Shanxi,0.4696880963081827,Power
2020-05-03,Shanxi,0.5130051337237905,Power
2020-05-04,Shanxi,0.5494221930658021,Power
2020-05-05,Shanxi,0.5489966639140486,Power
2020-05-06,Shanxi,0.5488273673698023,Power
2020-05-07,Shanxi,0.5614880035300418,Power
2020-05-08,Shanxi,0.5601793869988426,Power
2020-05-09,Shanxi,0.5746611049052964,Power
2020-05-10,Shanxi,0.5329089166283956,Power
2020-05-11,Shanxi,0.5131332500275444,Power
2020-05-12,Shanxi,0.5278254447187366,Power
2020-05-13,Shanxi,0.5392598248287613,Power
2020-05-14,Shanxi,0.553700362494723,Power
2020-05-15,Shanxi,0.5638627307317637,Power
2020-05-16,Shanxi,0.5508177456602629,Power
2020-05-17,Shanxi,0.5243525777705539,Power
2020-05-18,Shanxi,0.5273587353264907,Power
2020-05-19,Shanxi,0.5672074813761927,Power
2020-05-20,Shanxi,0.5792321115999403,Power
2020-05-21,Shanxi,0.5499300826985404,Power
2020-05-22,Shanxi,0.5588661948853664,Power
2020-05-23,Shanxi,0.5579327761008744,Power
2020-05-24,Shanxi,0.5484064138003256,Power
2020-05-25,Shanxi,0.5621651897070261,Power
2020-05-26,Shanxi,0.5553521476966913,Power
2020-05-27,Shanxi,0.5514125713562626,Power
2020-05-28,Shanxi,0.5456107330291272,Power
2020-05-29,Shanxi,0.5337553993496258,Power
2020-05-30,Shanxi,0.5268508456937525,Power
2020-05-31,Shanxi,0.5167754135199732,Power
2020-05-01,Guangdong,0.5575936116168486,Power
2020-05-02,Guangdong,0.5634392714161512,Power
2020-05-03,Guangdong,0.6154025214818758,Power
2020-05-04,Guangdong,0.6590885368270858,Power
2020-05-05,Guangdong,0.6585780707601044,Power
2020-05-06,Guangdong,0.6583749821097999,Power
2020-05-07,Guangdong,0.6735627198231051,Power
2020-05-08,Guangdong,0.6719928994450767,Power
2020-05-09,Guangdong,0.6893652123697642,Power
2020-05-10,Guangdong,0.6392791600987453,Power
2020-05-11,Guangdong,0.6155562101902143,Power
2020-05-12,Guangdong,0.6331810117071723,Power
2020-05-13,Guangdong,0.6468977289263808,Power
2020-05-14,Guangdong,0.6642206419091026,Power
2020-05-15,Guangdong,0.6764114498098076,Power
2020-05-16,Guangdong,0.6607626459714869,Power
2020-05-17,Guangdong,0.6290149499347117,Power
2020-05-18,Guangdong,0.632621145698225,Power
2020-05-19,Guangdong,0.6804238228739298,Power
2020-05-20,Guangdong,0.6948486059279833,Power
2020-05-21,Guangdong,0.659697802777999,Power
2020-05-22,Guangdong,0.6704175901846072,Power
2020-05-23,Guangdong,0.6692978581667126,Power
2020-05-24,Guangdong,0.6578700049252593,Power
2020-05-25,Guangdong,0.6743750744243228,Power
2020-05-26,Guangdong,0.6662021284701807,Power
2020-05-27,Guangdong,0.6614762006887728,Power
2020-05-28,Guangdong,0.6545162977540163,Power
2020-05-29,Guangdong,0.6402946033502673,Power
2020-05-30,Guangdong,0.6320118797473119,Power
2020-05-31,Guangdong,0.6199253606129793,Power
2020-05-01,Guangxi,0.19740055552343563,Power
2020-05-02,Guangxi,0.19947004926895628,Power
2020-05-03,Guangxi,0.2178661969580115,Power
2020-05-04,Guangxi,0.23333201923087415,Power
2020-05-05,Guangxi,0.2331513028756315,Power
2020-05-06,Guangxi,0.2330794049708575,Power
2020-05-07,Guangxi,0.23845620233598014,Power
2020-05-08,Guangxi,0.23790045096394366,Power
2020-05-09,Guangxi,0.24405063660204016,Power
2020-05-10,Guangxi,0.22631905873549016,Power
2020-05-11,Guangxi,0.21792060618324585,Power
2020-05-12,Guangxi,0.2241601784056559,Power
2020-05-13,Guangxi,0.22901620175782128,Power
2020-05-14,Guangxi,0.23514889871637817,Power
2020-05-15,Guangxi,0.23946471618943108,Power
2020-05-16,Guangxi,0.23392469114860537,Power
2020-05-17,Guangxi,0.2226852997644821,Power
2020-05-18,Guangxi,0.22396197337087367,Power
2020-05-19,Guangxi,0.2408851856053706,Power
2020-05-20,Guangxi,0.245991880030937,Power
2020-05-21,Guangxi,0.23354771294519602,Power
2020-05-22,Guangxi,0.23734275640529157,Power
2020-05-23,Guangxi,0.23694634633572706,Power
2020-05-24,Guangxi,0.2329006318022304,Power
2020-05-25,Guangxi,0.23874379395507594,Power
2020-05-26,Guangxi,0.23585038908457812,Power
2020-05-27,Guangxi,0.234177305408622,Power
2020-05-28,Guangxi,0.23171334478015237,Power
2020-05-29,Guangxi,0.22667854825935993,Power
2020-05-30,Guangxi,0.22374627965655183,Power
2020-05-31,Guangxi,0.21946738272919367,Power
2020-05-01,Xinjiang,0.4229596341454102,Power
2020-05-02,Xinjiang,0.4273938279355473,Power
2020-05-03,Xinjiang,0.466810271701958,Power
2020-05-04,Xinjiang,0.49994806360402444,Power
2020-05-05,Xinjiang,0.4995608523153083,Power
2020-05-06,Xinjiang,0.49940680051227054,Power
2020-05-07,Xinjiang,0.5109273772421383,Power
2020-05-08,Xinjiang,0.5097365984402801,Power
2020-05-09,Xinjiang,0.5229142729433633,Power
2020-05-10,Xinjiang,0.4849217674644897,Power
2020-05-11,Xinjiang,0.4669268514447973,Power
2020-05-12,Xinjiang,0.48029604981111657,Power
2020-05-13,Xinjiang,0.4907007918595227,Power
2020-05-14,Xinjiang,0.5038409943024077,Power
2020-05-15,Xinjiang,0.5130882660469095,Power
2020-05-16,Xinjiang,0.5012179500885237,Power
2020-05-17,Xinjiang,0.47713590606772316,Power
2020-05-18,Xinjiang,0.479871366462202,Power
2020-05-19,Xinjiang,0.5161318300474637,Power
2020-05-20,Xinjiang,0.5270736716253792,Power
2020-05-21,Xinjiang,0.5004102190131373,Power
2020-05-22,Xinjiang,0.5085416560761773,Power
2020-05-23,Xinjiang,0.5076922893783482,Power
2020-05-24,Xinjiang,0.49902375278579864,Power
2020-05-25,Xinjiang,0.5115435844542888,Power
2020-05-26,Xinjiang,0.5053440402725855,Power
2020-05-27,Xinjiang,0.5017592131802776,Power
2020-05-28,Xinjiang,0.49647981625455573,Power
2020-05-29,Xinjiang,0.4856920264796778,Power
2020-05-30,Xinjiang,0.4794092110530892,Power
2020-05-31,Xinjiang,0.4702410469912284,Power
2020-05-01,Jiangsu,0.7634605629085975,Power
2020-05-02,Jiangsu,0.7714644758444122,Power
2020-05-03,Jiangsu,0.8426128737442772,Power
2020-05-04,Jiangsu,0.9024280315434772,Power
2020-05-05,Jiangsu,0.9017290983011949,Power
2020-05-06,Jiangsu,0.9014510280865232,Power
2020-05-07,Jiangsu,0.9222461708972264,Power
2020-05-08,Jiangsu,0.920096763291928,Power
2020-05-09,Jiangsu,0.9438830397631514,Power
2020-05-10,Jiangsu,0.8753049124961959,Power
2020-05-11,Jiangsu,0.8428233052580827,Power
2020-05-12,Jiangsu,0.8669552906448437,Power
2020-05-13,Jiangsu,0.8857363032519804,Power
2020-05-14,Jiangsu,0.9094549410223379,Power
2020-05-15,Jiangsu,0.9261466693138347,Power
2020-05-16,Jiangsu,0.904720231961715,Power
2020-05-17,Jiangsu,0.8612510935384745,Power
2020-05-18,Jiangsu,0.8661887187016952,Power
2020-05-19,Jiangsu,0.9316404349063985,Power
2020-05-20,Jiangsu,0.9513909355592818,Power
2020-05-21,Jiangsu,0.9032622421874917,Power
2020-05-22,Jiangsu,0.917939840275422,Power
2020-05-23,Jiangsu,0.916406696389125,Power
2020-05-24,Jiangsu,0.9007596102554482,Power
2020-05-25,Jiangsu,0.9233584517559124,Power
2020-05-26,Jiangsu,0.9121680044681867,Power
2020-05-27,Jiangsu,0.9056972354186691,Power
2020-05-28,Jiangsu,0.896167694007765,Power
2020-05-29,Jiangsu,0.8766952635695533,Power
2020-05-30,Jiangsu,0.8653545080576809,Power
2020-05-31,Jiangsu,0.8488055725791234,Power
2020-05-01,Jiangxi,0.18610556352493668,Power
2020-05-02,Jiangxi,0.188056643645761,Power
2020-05-03,Jiangxi,0.2054001887197926,Power
2020-05-04,Jiangxi,0.21998107762274155,Power
2020-05-05,Jiangxi,0.21981070161219068,Power
2020-05-06,Jiangxi,0.219742917607993,Power
2020-05-07,Jiangxi,0.2248120619219093,Power
2020-05-08,Jiangxi,0.22428810988946263,Power
2020-05-09,Jiangxi,0.230086390248532,Power
2020-05-10,Jiangxi,0.21336938921330034,Power
2020-05-11,Jiangxi,0.2054514847229692,Power
2020-05-12,Jiangxi,0.2113340370872573,Power
2020-05-13,Jiangxi,0.215912205370769,Power
2020-05-14,Jiangxi,0.22169399772881734,Power
2020-05-15,Jiangxi,0.2257628699807899,Power
2020-05-16,Jiangxi,0.22053983765734378,Power
2020-05-17,Jiangxi,0.20994354900114873,Power
2020-05-18,Jiangxi,0.2111471730756854,Power
2020-05-19,Jiangxi,0.22710206206372188,Power
2020-05-20,Jiangxi,0.23191655836186864,Power
2020-05-21,Jiangxi,0.22018442963533452,Power
2020-05-22,Jiangxi,0.22376232585690242,Power
2020-05-23,Jiangxi,0.2233885978337586,Power
2020-05-24,Jiangxi,0.2195743735975556,Power
2020-05-25,Jiangxi,0.2250831979386999,Power
2020-05-26,Jiangxi,0.22235534976977278,Power
2020-05-27,Jiangxi,0.2207779976720923,Power
2020-05-28,Jiangxi,0.21845502152823765,Power
2020-05-29,Jiangxi,0.2137083092342886,Power
2020-05-30,Jiangxi,0.21094382106309245,Power
2020-05-31,Jiangxi,0.20690975681327545,Power
2020-05-01,Hebei,0.5841148179944868,Power
2020-05-02,Hebei,0.5902385189096143,Power
2020-05-03,Hebei,0.6446733325842723,Power
2020-05-04,Hebei,0.6904372157612664,Power
2020-05-05,Hebei,0.689902470047551,Power
2020-05-06,Hebei,0.6896897217528469,Power
2020-05-07,Hebei,0.7055998442243563,Power
2020-05-08,Hebei,0.7039553574058339,Power
2020-05-09,Hebei,0.7221539615338884,Power
2020-05-10,Hebei,0.6696856320967643,Power
2020-05-11,Hebei,0.644834331293778,Power
2020-05-12,Hebei,0.6632974333017346,Power
2020-05-13,Hebei,0.6776665681251182,Power
2020-05-14,Hebei,0.6958134226679744,Power
2020-05-15,Hebei,0.7085840703041226,Power
2020-05-16,Hebei,0.6921909517040962,Power
2020-05-17,Hebei,0.6589332182833482,Power
2020-05-18,Hebei,0.6627109380028211,Power
2020-05-19,Hebei,0.7127872866130035,Power
2020-05-20,Hebei,0.7278981654908953,Power
2020-05-21,Hebei,0.6910754606453783,Power
2020-05-22,Hebei,0.7023051206334004,Power
2020-05-23,Hebei,0.7011321300355732,Power
2020-05-24,Hebei,0.6891607259930426,Power
2020-05-25,Hebei,0.706450837403172,Power
2020-05-26,Hebei,0.6978891560298156,Power
2020-05-27,Hebei,0.6929384457125155,Power
2020-05-28,Hebei,0.6856475041534719,Power
2020-05-29,Hebei,0.6707493735702842,Power
2020-05-30,Hebei,0.6620726931187093,Power
2020-05-31,Hebei,0.6494112946068684,Power
2020-05-01,Henan,0.4866321387079567,Power
2020-05-02,Henan,0.49173385772163947,Power
2020-05-03,Henan,0.537084067958761,Power
2020-05-04,Henan,0.5752104356863674,Power
2020-05-05,Henan,0.5747649334626374,Power
2020-05-06,Henan,0.5745876906424436,Power
2020-05-07,Henan,0.5878425793850353,Power
2020-05-08,Henan,0.5864725402884032,Power
2020-05-09,Henan,0.6016339869346997,Power
2020-05-10,Henan,0.5579220751977468,Power
2020-05-11,Henan,0.5372181976605291,Power
2020-05-12,Henan,0.5526000002454449,Power
2020-05-13,Henan,0.5645710761282554,Power
2020-05-14,Henan,0.5796894096561265,Power
2020-05-15,Henan,0.5903287692142385,Power
2020-05-16,Henan,0.5766714913663422,Power
2020-05-17,Henan,0.5489641272582287,Power
2020-05-18,Henan,0.5521113849032893,Power
2020-05-19,Henan,0.5938305124996864,Power
2020-05-20,Henan,0.606419543079929,Power
2020-05-21,Henan,0.5757421641469485,Power
2020-05-22,Henan,0.5850977108452793,Power
2020-05-23,Henan,0.5841204801609682,Power
2020-05-24,Henan,0.5741469787652053,Power
2020-05-25,Henan,0.58855155066581,Power
2020-05-26,Henan,0.5814187247396376,Power
2020-05-27,Henan,0.577294236410266,Power
2020-05-28,Henan,0.5712200770587639,Power
2020-05-29,Henan,0.5588082892987152,Power
2020-05-30,Henan,0.5515796564427083,Power
2020-05-31,Henan,0.541031313467939,Power
2020-05-01,Zhejiang,0.4386152632313848,Power
2020-05-02,Zhejiang,0.4432135863796673,Power
2020-05-03,Zhejiang,0.4840890091447286,Power
2020-05-04,Zhejiang,0.5184533790387946,Power
2020-05-05,Zhejiang,0.5180518353272545,Power
2020-05-06,Zhejiang,0.5178920813775019,Power
2020-05-07,Zhejiang,0.529839086214401,Power
2020-05-08,Zhejiang,0.5286042313595573,Power
2020-05-09,Zhejiang,0.5422696705748755,Power
2020-05-10,Zhejiang,0.5028708924264459,Power
2020-05-11,Zhejiang,0.4842099040256224,Power
2020-05-12,Zhejiang,0.49807395625955203,Power
2020-05-13,Zhejiang,0.5088638243793248,Power
2020-05-14,Zhejiang,0.5224904045257844,Power
2020-05-15,Zhejiang,0.5320799591852543,Power
2020-05-16,Zhejiang,0.5197702697056735,Power
2020-05-17,Zhejiang,0.4947968414524662,Power
2020-05-18,Zhejiang,0.4976335534791531,Power
2020-05-19,Zhejiang,0.5352361791114463,Power
2020-05-20,Zhejiang,0.5465830272181941,Power
2020-05-21,Zhejiang,0.5189326408880522,Power
2020-05-22,Zhejiang,0.5273650588303955,Power
2020-05-23,Zhejiang,0.5264842532695978,Power
2020-05-24,Zhejiang,0.5174948553402794,Power
2020-05-25,Zhejiang,0.5304781020134112,Power
2020-05-26,Zhejiang,0.524049084954451,Power
2020-05-27,Zhejiang,0.5203315673669664,Power
2020-05-28,Zhejiang,0.5148567563322037,Power
2020-05-29,Zhejiang,0.5036696621752086,Power
2020-05-30,Zhejiang,0.4971542916298956,Power
2020-05-31,Zhejiang,0.48764677278246077,Power
2020-05-01,Hainan,0.04189702329980375,Power
2020-05-02,Hainan,0.042336260299137236,Power
2020-05-03,Hainan,0.04624072665847063,Power
2020-05-04,Hainan,0.04952324992391211,Power
2020-05-05,Hainan,0.04948489401692806,Power
2020-05-06,Hainan,0.0494696341399559,Power
2020-05-07,Hainan,0.05061082548000825,Power
2020-05-08,Hainan,0.05049287075530461,Power
2020-05-09,Hainan,0.05179820888008439,Power
2020-05-10,Hainan,0.048034793275466545,Power
2020-05-11,Hainan,0.04625227467347658,Power
2020-05-12,Hainan,0.047576584537194704,Power
2020-05-13,Hainan,0.04860724487647581,Power
2020-05-14,Hainan,0.04990887113928939,Power
2020-05-15,Hainan,0.050824876186725695,Power
2020-05-16,Hainan,0.04964904080165549,Power
2020-05-17,Hainan,0.047263550844711975,Power
2020-05-18,Hainan,0.04753451676824446,Power
2020-05-19,Hainan,0.051126361864202476,Power
2020-05-20,Hainan,0.05221022555833242,Power
2020-05-21,Hainan,0.04956902955482856,Power
2020-05-22,Hainan,0.05037450360149361,Power
2020-05-23,Hainan,0.05029036806359311,Power
2020-05-24,Hainan,0.04943169066207921,Power
2020-05-25,Hainan,0.05067186498789684,Power
2020-05-26,Hainan,0.05005775804704468,Power
2020-05-27,Hainan,0.0497026565856117,Power
2020-05-28,Hainan,0.049179696477485074,Power
2020-05-29,Hainan,0.04811109266032729,Power
2020-05-30,Hainan,0.04748873713732802,Power
2020-05-31,Hainan,0.04658056824293146,Power
2020-05-01,Hubei,0.2566016062999685,Power
2020-05-02,Hubei,0.2592917477634523,Power
2020-05-03,Hubei,0.28320495831256143,Power
2020-05-04,Hubei,0.30330902958755457,Power
2020-05-05,Hubei,0.30307411582595456,Power
2020-05-06,Hubei,0.30298065551219966,Power
2020-05-07,Hubei,0.309969971408406,Power
2020-05-08,Hubei,0.3092475484426254,Power
2020-05-09,Hubei,0.3172421942003026,Power
2020-05-10,Hubei,0.2941928600648193,Power
2020-05-11,Hubei,0.28327568503648404,Power
2020-05-12,Hubei,0.29138652469774834,Power
2020-05-13,Hubei,0.29769888480783857,Power
2020-05-14,Hubei,0.30567079697568356,Power
2020-05-15,Hubei,0.31128094175539955,Power
2020-05-16,Hubei,0.30407944568742545,Power
2020-05-17,Hubei,0.2894693252885613,Power
2020-05-18,Hubei,0.2911288773463161,Power
2020-05-19,Hubei,0.313127414440664,Power
2020-05-20,Hubei,0.31976562267168324,Power
2020-05-21,Hubei,0.3035894105288191,Power
2020-05-22,Hubei,0.30852259952241895,Power
2020-05-23,Hubei,0.3080073048195544,Power
2020-05-24,Hubei,0.3027482677050255,Power
2020-05-25,Hubei,0.3103438126634253,Power
2020-05-26,Hubei,0.3065826665233996,Power
2020-05-27,Hubei,0.3044078197627803,Power
2020-05-28,Hubei,0.3012049095508578,Power
2020-05-29,Hubei,0.2946601616335935,Power
2020-05-30,Hubei,0.2908484964050516,Power
2020-05-31,Hubei,0.28528634475942594,Power
2020-05-01,Hunan,0.1601079660478912,Power
2020-05-02,Hunan,0.16178649442622095,Power
2020-05-03,Hunan,0.17670727203903555,Power
2020-05-04,Hunan,0.18925131651145466,Power
2020-05-05,Hunan,0.18910474079391038,Power
2020-05-06,Hunan,0.1890464257234895,Power
2020-05-07,Hunan,0.19340744734117812,Power
2020-05-08,Hunan,0.19295668760765486,Power
2020-05-09,Hunan,0.19794499025311363,Power
2020-05-10,Hunan,0.18356323302094577,Power
2020-05-11,Hunan,0.1767514023625973,Power
2020-05-12,Hunan,0.18181220482533603,Power
2020-05-13,Hunan,0.1857508362032196,Power
2020-05-14,Hunan,0.19072495410181928,Power
2020-05-15,Hunan,0.19422543441005433,Power
2020-05-16,Hunan,0.18973202182168053,Power
2020-05-17,Hunan,0.18061595784021653,Power
2020-05-18,Hunan,0.1816514443609326,Power
2020-05-19,Hunan,0.1953775510716121,Power
2020-05-20,Hunan,0.19951949715447645,Power
2020-05-21,Hunan,0.1894262617227172,Power
2020-05-22,Hunan,0.1925043517911472,Power
2020-05-23,Hunan,0.19218283086234036,Power
2020-05-24,Hunan,0.18890142608892957,Power
2020-05-25,Hunan,0.1936407076228615,Power
2020-05-26,Hunan,0.19129392005916857,Power
2020-05-27,Hunan,0.18993691260964568,Power
2020-05-28,Hunan,0.18793843938549346,Power
2020-05-29,Hunan,0.18385480837305,Power
2020-05-30,Hunan,0.1814764991496701,Power
2020-05-31,Hunan,0.17800596441813762,Power
2020-05-01,Gansu,0.13563963901067197,Power
2020-05-02,Gansu,0.13706164810194799,Power
2020-05-03,Gansu,0.14970217398655838,Power
2020-05-04,Gansu,0.1603291884067141,Power
2020-05-05,Gansu,0.1602050129649407,Power
2020-05-06,Gansu,0.16015560983219213,Power
2020-05-07,Gansu,0.16385016302990174,Power
2020-05-08,Gansu,0.1634682901659535,Power
2020-05-09,Gansu,0.16769426084566105,Power
2020-05-10,Gansu,0.15551038013402382,Power
2020-05-11,Gansu,0.14973956014107082,Power
2020-05-12,Gansu,0.15402695093176308,Power
2020-05-13,Gansu,0.1573636652219967,Power
2020-05-14,Gansu,0.16157761892346817,Power
2020-05-15,Gansu,0.16454314210818557,Power
2020-05-16,Gansu,0.16073643044693867,Power
2020-05-17,Gansu,0.1530135191005157,Power
2020-05-18,Gansu,0.15389075851175354,Power
2020-05-19,Gansu,0.16551918778492056,Power
2020-05-20,Gansu,0.1690281454298721,Power
2020-05-21,Gansu,0.1604773978049598,Power
2020-05-22,Gansu,0.16308508208220113,Power
2020-05-23,Gansu,0.16281269724218206,Power
2020-05-24,Gansu,0.16003276961022275,Power
2020-05-25,Gansu,0.16404777556089598,Power
2020-05-26,Gansu,0.16205963327271758,Power
2020-05-27,Gansu,0.16091000902146063,Power
2020-05-28,Gansu,0.15921695030996957,Power
2020-05-29,Gansu,0.15575739579776662,Power
2020-05-30,Gansu,0.1537425491135079,Power
2020-05-31,Gansu,0.15080239510506677,Power
2020-05-01,Fujian,0.177666871931258,Power
2020-05-02,Fujian,0.17952948310412425,Power
2020-05-03,Fujian,0.19608660983982817,Power
2020-05-04,Fujian,0.21000634911198068,Power
2020-05-05,Fujian,0.20984369855885715,Power
2020-05-06,Fujian,0.20977898812374346,Power
2020-05-07,Fujian,0.2146182793118382,Power
2020-05-08,Fujian,0.2141180851377164,Power
2020-05-09,Fujian,0.21965345073595266,Power
2020-05-10,Fujian,0.20369445829238045,Power
2020-05-11,Fujian,0.19613557989883312,Power
2020-05-12,Fujian,0.20175139630829178,Power
2020-05-13,Fujian,0.20612197407448218,Power
2020-05-14,Fujian,0.21164159929660972,Power
2020-05-15,Fujian,0.21552597433410825,Power
2020-05-16,Fujian,0.21053977296899867,Power
2020-05-17,Fujian,0.20042395792312234,Power
2020-05-18,Fujian,0.20157300537905953,Power
2020-05-19,Fujian,0.21680444266027277,Power
2020-05-20,Fujian,0.2214006324840216,Power
2020-05-21,Fujian,0.21020048041732167,Power
2020-05-22,Fujian,0.2136161420329158,Power
2020-05-23,Fujian,0.21325936017445127,Power
2020-05-24,Fujian,0.20961808650129868,Power
2020-05-25,Fujian,0.21487712105229284,Power
2020-05-26,Fujian,0.2122729632716376,Power
2020-05-27,Fujian,0.2107671339572359,Power
2020-05-28,Fujian,0.2085494898565839,Power
2020-05-29,Fujian,0.20401801046794876,Power
2020-05-30,Fujian,0.20137887407371857,Power
2020-05-31,Fujian,0.19752772871911625,Power
2020-05-01,Tibet,0.0011857386743579982,Power
2020-05-02,Tibet,0.0011981696361853297,Power
2020-05-03,Tibet,0.0013086709654053714,Power
2020-05-04,Tibet,0.0014015705195684974,Power
2020-05-05,Tibet,0.0014004849989582235,Power
2020-05-06,Tibet,0.001400053125167039,Power
2020-05-07,Tibet,0.0014323502813888469,Power
2020-05-08,Tibet,0.001429012013705639,Power
2020-05-09,Tibet,0.0014659547312488343,Power
2020-05-10,Tibet,0.0013594453165310905,Power
2020-05-11,Tibet,0.0013089977888149163,Power
2020-05-12,Tibet,0.0013464774305309356,Power
2020-05-13,Tibet,0.0013756464198328142,Power
2020-05-14,Tibet,0.0014124840869943703,Power
2020-05-15,Tibet,0.0014384081867300535,Power
2020-05-16,Tibet,0.0014051305602796108,Power
2020-05-17,Tibet,0.0013376181816793446,Power
2020-05-18,Tibet,0.001345286859539022,Power
2020-05-19,Tibet,0.0014469406121720998,Power
2020-05-20,Tibet,0.00147761532361081,Power
2020-05-21,Tibet,0.0014028661409420504,Power
2020-05-22,Tibet,0.001425662073757804,Power
2020-05-23,Tibet,0.001423280931773977,Power
2020-05-24,Tibet,0.0013989792768213916,Power
2020-05-25,Tibet,0.001434077776553584,Power
2020-05-26,Tibet,0.0014166977745245736,Power
2020-05-27,Tibet,0.0014066479546810692,Power
2020-05-28,Tibet,0.0013918475231345377,Power
2020-05-29,Tibet,0.001361604685487012,Power
2020-05-30,Tibet,0.0013439912381654694,Power
2020-05-31,Tibet,0.0013182889114576916,Power
2020-05-01,Guizhou,0.23647729384544394,Power
2020-05-02,Guizhou,0.23895645748950317,Power
2020-05-03,Guizhou,0.2609942436099806,Power
2020-05-04,Guizhou,0.2795216271245976,Power
2020-05-05,Guizhou,0.279305136778215,Power
2020-05-06,Guizhou,0.27921900621029927,Power
2020-05-07,Guizhou,0.28566017597847937,Power
2020-05-08,Guizhou,0.2849944099670232,Power
2020-05-09,Guizhou,0.29236206530359343,Power
2020-05-10,Guizhou,0.2711204049730393,Power
2020-05-11,Guizhou,0.26105942349921407,Power
2020-05-12,Guizhou,0.2685341600823822,Power
2020-05-13,Guizhou,0.2743514651964704,Power
2020-05-14,Guizhou,0.2816981698543585,Power
2020-05-15,Guizhou,0.2868683317824857,Power
2020-05-16,Guizhou,0.28023162234660515,Power
2020-05-17,Guizhou,0.2667673195135175,Power
2020-05-18,Guizhou,0.26829671905731733,Power
2020-05-19,Guizhou,0.288569992462117,Power
2020-05-20,Guizhou,0.2946875906373166,Power
2020-05-21,Guizhou,0.27978001882834463,Power
2020-05-22,Guizhou,0.28432631610237996,Power
2020-05-23,Guizhou,0.2838514340522503,Power
2020-05-24,Guizhou,0.27900484371710355,Power
2020-05-25,Guizhou,0.2860046982501421,Power
2020-05-26,Guizhou,0.28253852485483305,Power
2020-05-27,Guizhou,0.2805342432609035,Power
2020-05-28,Guizhou,0.2775825254199015,Power
2020-05-29,Guizhou,0.2715510578126177,Power
2020-05-30,Guizhou,0.26803832735357036,Power
2020-05-31,Guizhou,0.2629123946359944,Power
2020-05-01,Liaoning,0.2965454852880377,Power
2020-05-02,Liaoning,0.2996543875170039,Power
2020-05-03,Liaoning,0.3272900470490443,Power
2020-05-04,Liaoning,0.35052361779114943,Power
2020-05-05,Liaoning,0.3502521361880566,Power
2020-05-06,Liaoning,0.3501441273782239,Power
2020-05-07,Liaoning,0.35822143485949104,Power
2020-05-08,Liaoning,0.3573865559510551,Power
2020-05-09,Liaoning,0.36662568792727857,Power
2020-05-10,Liaoning,0.33998838009693444,Power
2020-05-11,Liaoning,0.32737178344567436,Power
2020-05-12,Liaoning,0.336745196644933,Power
2020-05-13,Liaoning,0.3440401700441692,Power
2020-05-14,Liaoning,0.3532530296071902,Power
2020-05-15,Liaoning,0.35973647735417036,Power
2020-05-16,Liaoning,0.3514139606830129,Power
2020-05-17,Liaoning,0.3345295564648529,Power
2020-05-18,Liaoning,0.3364474426286376,Power
2020-05-19,Liaoning,0.36187038113762043,Power
2020-05-20,Liaoning,0.3695419257927596,Power
2020-05-21,Liaoning,0.35084764422064735,Power
2020-05-22,Liaoning,0.35654875788559653,Power
2020-05-23,Liaoning,0.3559532498530058,Power
2020-05-24,Liaoning,0.3498755649321536,Power
2020-05-25,Liaoning,0.35865347009882154,Power
2020-05-26,Liaoning,0.3543068452923139,Power
2020-05-27,Liaoning,0.3517934510959384,Power
2020-05-28,Liaoning,0.348091959991404,Power
2020-05-29,Liaoning,0.3405284241460976,Power
2020-05-30,Liaoning,0.3361234161991398,Power
2020-05-31,Liaoning,0.32969543243558713,Power
2020-05-01,Chongqing,0.07690401836799923,Power
2020-05-02,Chongqing,0.07771025918427234,Power
2020-05-03,Chongqing,0.08487709656235444,Power
2020-05-04,Chongqing,0.09090232722593905,Power
2020-05-05,Chongqing,0.09083192309832083,Power
2020-05-06,Chongqing,0.0908039128539996,Power
2020-05-07,Chongqing,0.09289862490904906,Power
2020-05-08,Chongqing,0.09268211329078231,Power
2020-05-09,Chongqing,0.09507812473069249,Power
2020-05-10,Chongqing,0.08817019285417416,Power
2020-05-11,Chongqing,0.08489829350400294,Power
2020-05-12,Chongqing,0.08732912849090708,Power
2020-05-13,Chongqing,0.08922095553303525,Power
2020-05-14,Chongqing,0.09161015367027271,Power
2020-05-15,Chongqing,0.09329152536317652,Power
2020-05-16,Chongqing,0.09113322248318156,Power
2020-05-17,Chongqing,0.08675453996550683,Power
2020-05-18,Chongqing,0.08725191106061614,Power
2020-05-19,Chongqing,0.0938449169469283,Power
2020-05-20,Chongqing,0.09583440132736558,Power
2020-05-21,Chongqing,0.09098635795890274,Power
2020-05-22,Chongqing,0.09246484463888523,Power
2020-05-23,Chongqing,0.09231040977830333,Power
2020-05-24,Chongqing,0.09073426576001169,Power
2020-05-25,Chongqing,0.09301066588633396,Power
2020-05-26,Chongqing,0.09188344281081223,Power
2020-05-27,Chongqing,0.09123163685512102,Power
2020-05-28,Chongqing,0.09027171821189633,Power
2020-05-29,Chongqing,0.08831024407578028,Power
2020-05-30,Chongqing,0.08716788032765248,Power
2020-05-31,Chongqing,0.08550089227372443,Power
2020-05-01,Shaanxi,0.37865234765240213,Power
2020-05-02,Shaanxi,0.3826220358993044,Power
2020-05-03,Shaanxi,0.41790939611848116,Power
2020-05-04,Shaanxi,0.4475758268763166,Power
2020-05-05,Shaanxi,0.4472291780434885,Power
2020-05-06,Shaanxi,0.4470912639917181,Power
2020-05-07,Shaanxi,0.4574049986200547,Power
2020-05-08,Shaanxi,0.45633896027393833,Power
2020-05-09,Shaanxi,0.4681362028105068,Power
2020-05-10,Shaanxi,0.43412361571850433,Power
2020-05-11,Shaanxi,0.41801376350901004,Power
2020-05-12,Shaanxi,0.4299824667585903,Power
2020-05-13,Shaanxi,0.4392972563632933,Power
2020-05-14,Shaanxi,0.4510609522386204,Power
2020-05-15,Shaanxi,0.4593395227516437,Power
2020-05-16,Shaanxi,0.4487126859517204,Power
2020-05-17,Shaanxi,0.4271533649938966,Power
2020-05-18,Shaanxi,0.4296022712645208,Power
2020-05-19,Shaanxi,0.4620642571258085,Power
2020-05-20,Shaanxi,0.47185988220830527,Power
2020-05-21,Shaanxi,0.4479895690316275,Power
2020-05-22,Shaanxi,0.45526919452101716,Power
2020-05-23,Shaanxi,0.45450880353287815,Power
2020-05-24,Shaanxi,0.4467483425656946,Power
2020-05-25,Shaanxi,0.45795665482713593,Power
2020-05-26,Shaanxi,0.4524065460950821,Power
2020-05-27,Shaanxi,0.4491972488363189,Power
2020-05-28,Shaanxi,0.44447089700808223,Power
2020-05-29,Shaanxi,0.43481318597735585,Power
2020-05-30,Shaanxi,0.4291885291092099,Power
2020-05-31,Shaanxi,0.420980779325474,Power
2020-05-01,Qinghai,0.035214776377954476,Power
2020-05-02,Qinghai,0.03558395851764422,Power
2020-05-03,Qinghai,0.03886569308707401,Power
2020-05-04,Qinghai,0.04162467961269899,Power
2020-05-05,Qinghai,0.04159244117233172,Power
2020-05-06,Qinghai,0.04157961512616409,Power
2020-05-07,Qinghai,0.04253879538956456,Power
2020-05-08,Qinghai,0.0424396535191878,Power
2020-05-09,Qinghai,0.04353680044136433,Power
2020-05-10,Qinghai,0.04037362013651096,Power
2020-05-11,Qinghai,0.038875399284173835,Power
2020-05-12,Qinghai,0.039988492101585796,Power
2020-05-13,Qinghai,0.040854770192745096,Power
2020-05-14,Qinghai,0.041948797265853835,Power
2020-05-15,Qinghai,0.04271870668580773,Power
2020-05-16,Qinghai,0.041730407831107784,Power
2020-05-17,Qinghai,0.039725384830201285,Power
2020-05-18,Qinghai,0.03995313381215072,Power
2020-05-19,Qinghai,0.04297210776009243,Power
2020-05-20,Qinghai,0.043883103687890196,Power
2020-05-21,Qinghai,0.04166315775120187,Power
2020-05-22,Qinghai,0.04234016499891459,Power
2020-05-23,Qinghai,0.042269448420044445,Power
2020-05-24,Qinghai,0.04154772333569324,Power
2020-05-25,Qinghai,0.04259009957423506,Power
2020-05-26,Qinghai,0.042073937878462274,Power
2020-05-27,Qinghai,0.04177547231764269,Power
2020-05-28,Qinghai,0.041335920248979224,Power
2020-05-29,Qinghai,0.04043775036734908,Power
2020-05-30,Qinghai,0.03991465567364785,Power
2020-05-31,Qinghai,0.03915133260172597,Power
2020-05-01,Heilongjiang,0.14844450852675295,Power
2020-05-02,Heilongjiang,0.15000076038804283,Power
2020-05-03,Heilongjiang,0.16383459735595934,Power
2020-05-04,Heilongjiang,0.1754648401390636,Power
2020-05-05,Heilongjiang,0.1753289420892045,Power
2020-05-06,Heilongjiang,0.17527487512313147,Power
2020-05-07,Heilongjiang,0.17931820742377846,Power
2020-05-08,Heilongjiang,0.1789002843887279,Power
2020-05-09,Heilongjiang,0.18352520189199775,Power
2020-05-10,Heilongjiang,0.17019111904291798,Power
2020-05-11,Heilongjiang,0.16387551289785243,Power
2020-05-12,Heilongjiang,0.16856764879137517,Power
2020-05-13,Heilongjiang,0.1722193609053314,Power
2020-05-14,Heilongjiang,0.17683112698442138,Power
2020-05-15,Heilongjiang,0.18007660621815355,Power
2020-05-16,Heilongjiang,0.17591052729182732,Power
2020-05-17,Heilongjiang,0.16745854535220242,Power
2020-05-18,Heilongjiang,0.16841859931733616,Power
2020-05-19,Heilongjiang,0.18114479411543327,Power
2020-05-20,Heilongjiang,0.18498500997596826,Power
2020-05-21,Heilongjiang,0.17562704103728255,Power
2020-05-22,Heilongjiang,0.17848090008432393,Power
2020-05-23,Heilongjiang,0.17818280113624585,Power
2020-05-24,Heilongjiang,0.1751404383426257,Power
2020-05-25,Heilongjiang,0.1795344752880704,Power
2020-05-26,Heilongjiang,0.17735864522097125,Power
2020-05-27,Heilongjiang,0.17610049230775945,Power
2020-05-28,Heilongjiang,0.17424760276774484,Power
2020-05-29,Heilongjiang,0.17046145387328288,Power
2020-05-30,Heilongjiang,0.16825639841911724,Power
2020-05-31,Heilongjiang,0.16503868330309818,Power
2020-06-01,Shanghai,0.10785623495695473,Power
2020-06-02,Shanghai,0.11171429596095313,Power
2020-06-03,Shanghai,0.11351830528303399,Power
2020-06-04,Shanghai,0.12009071501548158,Power
2020-06-05,Shanghai,0.12185027236248036,Power
2020-06-06,Shanghai,0.11346644464543823,Power
2020-06-07,Shanghai,0.10963338787742351,Power
2020-06-08,Shanghai,0.11651788751825981,Power
2020-06-09,Shanghai,0.12152151296343586,Power
2020-06-10,Shanghai,0.12160763866515738,Power
2020-06-11,Shanghai,0.12336812209497038,Power
2020-06-12,Shanghai,0.12341164798723823,Power
2020-06-13,Shanghai,0.1226226254295314,Power
2020-06-14,Shanghai,0.1178097730440826,Power
2020-06-15,Shanghai,0.12361075579229336,Power
2020-06-16,Shanghai,0.12082787693559266,Power
2020-06-17,Shanghai,0.11986475080881437,Power
2020-06-18,Shanghai,0.1183218968403407,Power
2020-06-19,Shanghai,0.11613634139880535,Power
2020-06-20,Shanghai,0.11007605546261583,Power
2020-06-21,Shanghai,0.10807293833547985,Power
2020-06-22,Shanghai,0.11625765824746685,Power
2020-06-23,Shanghai,0.1178097730440826,Power
2020-06-24,Shanghai,0.11534731884109851,Power
2020-06-25,Shanghai,0.1018987442131425,Power
2020-06-26,Shanghai,0.11001493399687799,Power
2020-06-27,Shanghai,0.11756713934675962,Power
2020-06-28,Shanghai,0.11706427637864367,Power
2020-06-29,Shanghai,0.11595482916722022,Power
2020-06-30,Shanghai,0.11868584738632518,Power
2020-06-01,Yunnan,0.022364920645905978,Power
2020-06-02,Yunnan,0.02316492287327767,Power
2020-06-03,Yunnan,0.023538999766921465,Power
2020-06-04,Yunnan,0.024901845616094993,Power
2020-06-05,Yunnan,0.025266705009279394,Power
2020-06-06,Yunnan,0.023528246016385503,Power
2020-06-07,Yunnan,0.02273342863302222,Power
2020-06-08,Yunnan,0.024160989016671085,Power
2020-06-09,Yunnan,0.025198533912131785,Power
2020-06-10,Yunnan,0.025216392819271863,Power
2020-06-11,Yunnan,0.025581444243715834,Power
2020-06-12,Yunnan,0.025590469712915658,Power
2020-06-13,Yunnan,0.025426859079761388,Power
2020-06-14,Yunnan,0.024428872623772264,Power
2020-06-15,Yunnan,0.025631756433723365,Power
2020-06-16,Yunnan,0.0250547024987133,Power
2020-06-17,Yunnan,0.024854989988759735,Power
2020-06-18,Yunnan,0.024535065910314884,Power
2020-06-19,Yunnan,0.02408187213772794,Power
2020-06-20,Yunnan,0.022825219575097033,Power
2020-06-21,Yunnan,0.02240985596064553,Power
2020-06-22,Yunnan,0.02410702823273171,Power
2020-06-23,Yunnan,0.024428872623772264,Power
2020-06-24,Yunnan,0.023918261504573674,Power
2020-06-25,Yunnan,0.02112958355308742,Power
2020-06-26,Yunnan,0.02281254551196537,Power
2020-06-27,Yunnan,0.024378560433764733,Power
2020-06-28,Yunnan,0.02427428745981782,Power
2020-06-29,Yunnan,0.02404423401085208,Power
2020-06-30,Yunnan,0.024610534195326182,Power
2020-06-01,InnerMongolia,0.9893867836248935,Power
2020-06-02,InnerMongolia,1.0247775477221013,Power
2020-06-03,InnerMongolia,1.0413260855188753,Power
2020-06-04,InnerMongolia,1.1016161125946997,Power
2020-06-05,InnerMongolia,1.1177568835463787,Power
2020-06-06,InnerMongolia,1.040850357532931,Power
2020-06-07,InnerMongolia,1.0056889622860894,Power
2020-06-08,InnerMongolia,1.068841852420185,Power
2020-06-09,InnerMongolia,1.1147411079211966,Power
2020-06-10,InnerMongolia,1.1155311561835684,Power
2020-06-11,InnerMongolia,1.1316804222778534,Power
2020-06-12,InnerMongolia,1.1320796939803421,Power
2020-06-13,InnerMongolia,1.124841832479905,Power
2020-06-14,InnerMongolia,1.0806925763557598,Power
2020-06-15,InnerMongolia,1.1339061496406637,Power
2020-06-16,InnerMongolia,1.1083782461091927,Power
2020-06-17,InnerMongolia,1.0995432977987998,Power
2020-06-18,InnerMongolia,1.0853903902169593,Power
2020-06-19,InnerMongolia,1.0653418536664525,Power
2020-06-20,InnerMongolia,1.0097496404518276,Power
2020-06-21,InnerMongolia,0.991374646994732,Power
2020-06-22,InnerMongolia,1.0664547173478578,Power
2020-06-23,InnerMongolia,1.0806925763557598,Power
2020-06-24,InnerMongolia,1.0581039921660154,Power
2020-06-25,InnerMongolia,0.9347375312395507,Power
2020-06-26,InnerMongolia,1.009188961039822,Power
2020-06-27,InnerMongolia,1.0784668489929494,Power
2020-06-28,InnerMongolia,1.0738539865578118,Power
2020-06-29,InnerMongolia,1.0636768057156478,Power
2020-06-30,InnerMongolia,1.088728981261175,Power
2020-06-01,Beijing,0.06179536897605336,Power
2020-06-02,Beijing,0.06400581423560978,Power
2020-06-03,Beijing,0.0650394069781964,Power
2020-06-04,Beijing,0.06880501667744555,Power
2020-06-05,Beijing,0.0698131410156974,Power
2020-06-06,Beijing,0.06500969383980583,Power
2020-06-07,Beijing,0.06281357455768773,Power
2020-06-08,Beijing,0.06675799367903731,Power
2020-06-09,Beijing,0.0696247809419714,Power
2020-06-10,Beijing,0.06967412597537004,Power
2020-06-11,Beijing,0.07068278090537886,Power
2020-06-12,Beijing,0.07070771871795667,Power
2020-06-13,Beijing,0.07025565454101425,Power
2020-06-14,Beijing,0.06749816918001697,Power
2020-06-15,Beijing,0.07082179594570621,Power
2020-06-16,Beijing,0.06922736771599738,Power
2020-06-17,Beijing,0.06867555228874374,Power
2020-06-18,Beijing,0.06779158642162396,Power
2020-06-19,Beijing,0.06653938987516377,Power
2020-06-20,Beijing,0.0630671974175216,Power
2020-06-21,Beijing,0.061919527447185436,Power
2020-06-22,Beijing,0.06660889739532745,Power
2020-06-23,Beijing,0.06749816918001697,Power
2020-06-24,Beijing,0.06608732569822136,Power
2020-06-25,Beijing,0.058382072203435394,Power
2020-06-26,Beijing,0.06303217836156129,Power
2020-06-27,Beijing,0.06735915413968961,Power
2020-06-28,Beijing,0.06707104281565238,Power
2020-06-29,Beijing,0.06643539389079674,Power
2020-06-30,Beijing,0.06800010898211499,Power
2020-06-01,Jilin,0.12985365690680117,Power
2020-06-02,Jilin,0.13449857456166517,Power
2020-06-03,Jilin,0.13667051397397315,Power
2020-06-04,Jilin,0.14458337537497404,Power
2020-06-05,Jilin,0.14670179677301567,Power
2020-06-06,Jilin,0.13660807629066243,Power
2020-06-07,Jilin,0.13199326251882326,Power
2020-06-08,Jilin,0.1402818649783189,Power
2020-06-09,Jilin,0.14630598645917106,Power
2020-06-10,Jilin,0.14640967761181206,Power
2020-06-11,Jilin,0.14852921396848426,Power
2020-06-12,Jilin,0.14858161702412,Power
2020-06-13,Jilin,0.1476316722708929,Power
2020-06-14,Jilin,0.14183723226793368,Power
2020-06-15,Jilin,0.1488213331296879,Power
2020-06-16,Jilin,0.14547088244489045,Power
2020-06-17,Jilin,0.14431132546912026,Power
2020-06-18,Jilin,0.14245380439062688,Power
2020-06-19,Jilin,0.13982250202253302,Power
2020-06-20,Jilin,0.13252621274422532,Power
2020-06-21,Jilin,0.1301145572263495,Power
2020-06-22,Jilin,0.13996856160313487,Power
2020-06-23,Jilin,0.14183723226793368,Power
2020-06-24,Jilin,0.13887255726930592,Power
2020-06-25,Jilin,0.12268112803648433,Power
2020-06-26,Jilin,0.13245262547460915,Power
2020-06-27,Jilin,0.14154511310673007,Power
2020-06-28,Jilin,0.14093969057034236,Power
2020-06-29,Jilin,0.13960397013094558,Power
2020-06-30,Jilin,0.14289198313243234,Power
2020-06-01,Sichuan,0.0500662929455161,Power
2020-06-02,Sichuan,0.05185718442717171,Power
2020-06-03,Sichuan,0.052694595998526744,Power
2020-06-04,Sichuan,0.055745473781846445,Power
2020-06-05,Sichuan,0.056562250981833394,Power
2020-06-06,Sichuan,0.05267052256526397,Power
2020-06-07,Sichuan,0.05089123791750292,Power
2020-06-08,Sichuan,0.054086986183136086,Power
2020-06-09,Sichuan,0.05640964261025689,Power
2020-06-10,Sichuan,0.056449621704782564,Power
2020-06-11,Sichuan,0.05726682878750635,Power
2020-06-12,Sichuan,0.05728703327613761,Power
2020-06-13,Sichuan,0.05692077318435398,Power
2020-06-14,Sichuan,0.054686672601021245,Power
2020-06-15,Sichuan,0.05737945806455718,Power
2020-06-16,Sichuan,0.056087660440367296,Power
2020-06-17,Sichuan,0.05564058239405864,Power
2020-06-18,Sichuan,0.054924397754491136,Power
2020-06-19,Sichuan,0.05390987449555997,Power
2020-06-20,Sichuan,0.05109672186571017,Power
2020-06-21,Sichuan,0.050166885505935545,Power
2020-06-22,Sichuan,0.053966189134085386,Power
2020-06-23,Sichuan,0.054686672601021245,Power
2020-06-24,Sichuan,0.05354361440377634,Power
2020-06-25,Sichuan,0.047300857299455004,Power
2020-06-26,Sichuan,0.05106834960507905,Power
2020-06-27,Sichuan,0.054574043323970416,Power
2020-06-28,Sichuan,0.05434061699786888,Power
2020-06-29,Sichuan,0.05382561747914027,Power
2020-06-30,Sichuan,0.05509334167006738,Power
2020-06-01,Tianjin,0.1489759419992411,Power
2020-06-02,Tianjin,0.15430487150054056,Power
2020-06-03,Tianjin,0.15679665130575687,Power
2020-06-04,Tianjin,0.16587476284457642,Power
2020-06-05,Tianjin,0.1683051435580831,Power
2020-06-06,Tianjin,0.15672501903209565,Power
2020-06-07,Tianjin,0.1514306265198829,Power
2020-06-08,Tianjin,0.16093981084841383,Power
2020-06-09,Tianjin,0.16785104610898055,Power
2020-06-10,Tianjin,0.167970006849168,Power
2020-06-11,Tianjin,0.17040166671041865,Power
2020-06-12,Tianjin,0.1704617866543843,Power
2020-06-13,Tianjin,0.16937195277653813,Power
2020-06-14,Tianjin,0.16272422195122535,Power
2020-06-15,Tianjin,0.17073680341933375,Power
2020-06-16,Tianjin,0.16689296444876134,Power
2020-06-17,Tianjin,0.1655626507950524,Power
2020-06-18,Tianjin,0.1634315906536302,Power
2020-06-19,Tianjin,0.16041280197790608,Power
2020-06-20,Tianjin,0.1520420591414914,Power
2020-06-21,Tianjin,0.14927526257132565,Power
2020-06-22,Tianjin,0.16058037033236366,Power
2020-06-23,Tianjin,0.16272422195122535,Power
2020-06-24,Tianjin,0.15932296810005991,Power
2020-06-25,Tianjin,0.140747184562405,Power
2020-06-26,Tianjin,0.15195763539039067,Power
2020-06-27,Tianjin,0.16238908524231022,Power
2020-06-28,Tianjin,0.1616945080173449,Power
2020-06-29,Tianjin,0.1601620890200917,Power
2020-06-30,Tianjin,0.1639342957170029,Power
2020-06-01,Ningxia,0.23380946452658677,Power
2020-06-02,Ningxia,0.24217292332723728,Power
2020-06-03,Ningxia,0.2460836332993129,Power
2020-06-04,Ningxia,0.2603312250199602,Power
2020-06-05,Ningxia,0.2641455725286582,Power
2020-06-06,Ningxia,0.24597121042537234,Power
2020-06-07,Ningxia,0.23766195551037175,Power
2020-06-08,Ningxia,0.25258609202598287,Power
2020-06-09,Ningxia,0.26343289180992785,Power
2020-06-10,Ningxia,0.263619594082722,Power
2020-06-11,Ningxia,0.2674359491427404,Power
2020-06-12,Ningxia,0.2675303040547976,Power
2020-06-13,Ningxia,0.2658198703298446,Power
2020-06-14,Ningxia,0.2553866261178953,Power
2020-06-15,Ningxia,0.2679619275886766,Power
2020-06-16,Ningxia,0.26192923587097267,Power
2020-06-17,Ningxia,0.2598413824977906,Power
2020-06-18,Ningxia,0.2564968019980585,Power
2020-06-19,Ningxia,0.2517589808819915,Power
2020-06-20,Ningxia,0.23862156504150736,Power
2020-06-21,Ningxia,0.23427923153555275,Power
2020-06-22,Ningxia,0.25202197010495964,Power
2020-06-23,Ningxia,0.2553866261178953,Power
2020-06-24,Ningxia,0.2500485471570385,Power
2020-06-25,Ningxia,0.2208948868826634,Power
2020-06-26,Ningxia,0.23848906665436315,Power
2020-06-27,Ningxia,0.2548606476719591,Power
2020-06-28,Ningxia,0.2537705473049996,Power
2020-06-29,Ningxia,0.25136550082319953,Power
2020-06-30,Ningxia,0.25728576966696287,Power
2020-06-01,Anhui,0.5218049132637599,Power
2020-06-02,Anhui,0.5404700853640202,Power
2020-06-03,Anhui,0.5491978230623656,Power
2020-06-04,Anhui,0.5809949249335966,Power
2020-06-05,Anhui,0.5895076054401963,Power
2020-06-06,Anhui,0.548946923005329,Power
2020-06-07,Anhui,0.5304027205754256,Power
2020-06-08,Anhui,0.5637097031470376,Power
2020-06-09,Anhui,0.5879170782929106,Power
2020-06-10,Anhui,0.5883337516019179,Power
2020-06-11,Anhui,0.596850912466679,Power
2020-06-12,Anhui,0.5970614893002633,Power
2020-06-13,Anhui,0.5932442241467775,Power
2020-06-14,Anhui,0.5699598027821464,Power
2020-06-15,Anhui,0.5980247663049575,Power
2020-06-16,Anhui,0.5845612900300458,Power
2020-06-17,Anhui,0.5799017175422227,Power
2020-06-18,Anhui,0.5724374408453831,Power
2020-06-19,Anhui,0.5618637955845539,Power
2020-06-20,Anhui,0.5325443317765597,Power
2020-06-21,Anhui,0.5228533170735201,Power
2020-06-22,Anhui,0.5624507225036932,Power
2020-06-23,Anhui,0.5699598027821464,Power
2020-06-24,Anhui,0.5580465304310681,Power
2020-06-25,Anhui,0.4929827692116775,Power
2020-06-26,Anhui,0.5322486281379094,Power
2020-06-27,Anhui,0.5687859489438679,Power
2020-06-28,Anhui,0.5663531144622449,Power
2020-06-29,Anhui,0.5609856453849258,Power
2020-06-30,Anhui,0.5741982216028009,Power
2020-06-01,Shandong,1.1856187344233136,Power
2020-06-02,Shandong,1.228028794506665,Power
2020-06-03,Shandong,1.2478595187127064,Power
2020-06-04,Shandong,1.3201072854941625,Power
2020-06-05,Shandong,1.3394493676253116,Power
2020-06-06,Shandong,1.2472894362919988,Power
2020-06-07,Shandong,1.2051542373757744,Power
2020-06-08,Shandong,1.2808326787247024,Power
2020-06-09,Shandong,1.3358354522797549,Power
2020-06-10,Shandong,1.3367821962998585,Power
2020-06-11,Shandong,1.3561344584742345,Power
2020-06-12,Shandong,1.3566129205058999,Power
2020-06-13,Shandong,1.3479395236765632,Power
2020-06-14,Shandong,1.2950338390262568,Power
2020-06-15,Shandong,1.3588016297996877,Power
2020-06-16,Shandong,1.3282105999027913,Power
2020-06-17,Shandong,1.3176233549467937,Power
2020-06-18,Shandong,1.300663402930744,Power
2020-06-19,Shandong,1.2766385009152112,Power
2020-06-20,Shandong,1.2100202980382424,Power
2020-06-21,Shandong,1.1880008645384132,Power
2020-06-22,Shandong,1.2779720865779378,Power
2020-06-23,Shandong,1.2950338390262568,Power
2020-06-24,Shandong,1.2679651040858748,Power
2020-06-25,Shandong,1.120130516344533,Power
2020-06-26,Shandong,1.2093484151852658,Power
2020-06-27,Shandong,1.2923666677008037,Power
2020-06-28,Shandong,1.2868389042285857,Power
2020-06-29,Shandong,1.274643212442735,Power
2020-06-30,Shandong,1.3046641599189237,Power
2020-06-01,Shanxi,0.5826923442848427,Power
2020-06-02,Shanxi,0.6035354843379973,Power
2020-06-03,Shanxi,0.6132816285587235,Power
2020-06-04,Shanxi,0.6487890133300241,Power
2020-06-05,Shanxi,0.6582950061531143,Power
2020-06-06,Shanxi,0.6130014519281481,Power
2020-06-07,Shanxi,0.5922933970361638,Power
2020-06-08,Shanxi,0.6294868447450336,Power
2020-06-09,Shanxi,0.6565188864414317,Power
2020-06-10,Shanxi,0.6569841797743514,Power
2020-06-11,Shanxi,0.666495175751559,Power
2020-06-12,Shanxi,0.6667303239950775,Power
2020-06-13,Shanxi,0.6624676366870391,Power
2020-06-14,Shanxi,0.6364662447388287,Power
2020-06-15,Shanxi,0.6678060021303219,Power
2020-06-16,Shanxi,0.6527715240074873,Power
2020-06-17,Shanxi,0.6475682437253747,Power
2020-06-18,Shanxi,0.6392329889657598,Power
2020-06-19,Shanxi,0.6274255452486582,Power
2020-06-20,Shanxi,0.5946849047042886,Power
2020-06-21,Shanxi,0.5838630823483181,Power
2020-06-22,Shanxi,0.6280809584380398,Power
2020-06-23,Shanxi,0.6364662447388287,Power
2020-06-24,Shanxi,0.6231628579406199,Power
2020-06-25,Shanxi,0.5505070538475062,Power
2020-06-26,Shanxi,0.5943546965325393,Power
2020-06-27,Shanxi,0.6351554183600658,Power
2020-06-28,Shanxi,0.6324387056743089,Power
2020-06-29,Shanxi,0.6264449270416448,Power
2020-06-30,Shanxi,0.6411992285339042,Power
2020-06-01,Guangdong,0.5844155734646846,Power
2020-06-02,Guangdong,0.6053203541202796,Power
2020-06-03,Guangdong,0.6150953211671109,Power
2020-06-04,Guangdong,0.6507077139450174,Power
2020-06-05,Guangdong,0.6602418193808384,Power
2020-06-06,Guangdong,0.6148143159542656,Power
2020-06-07,Guangdong,0.5940450199548638,Power
2020-06-08,Guangdong,0.6313484619600711,Power
2020-06-09,Guangdong,0.6584604470494086,Power
2020-06-10,Guangdong,0.658927116420741,Power
2020-06-11,Guangdong,0.6684662398067914,Power
2020-06-12,Guangdong,0.6687020834675722,Power
2020-06-13,Guangdong,0.6644267898721408,Power
2020-06-14,Guangdong,0.6383485025300555,Power
2020-06-15,Guangdong,0.6697809427668888,Power
2020-06-16,Guangdong,0.6547020023276034,Power
2020-06-17,Guangdong,0.6494833340890487,Power
2020-06-18,Guangdong,0.6411234290069024,Power
2020-06-19,Guangdong,0.6292810664655668,Power
2020-06-20,Guangdong,0.5964436001645073,Power
2020-06-21,Guangdong,0.5855897738183594,Power
2020-06-22,Guangdong,0.6299384179456156,Power
2020-06-23,Guangdong,0.6383485025300555,Power
2020-06-24,Guangdong,0.6250057728701354,Power
2020-06-25,Guangdong,0.5521350996390861,Power
2020-06-26,Guangdong,0.5961124154493683,Power
2020-06-27,Guangdong,0.6370337995699581,Power
2020-06-28,Guangdong,0.634309052595405,Power
2020-06-29,Guangdong,0.6282975482206085,Power
2020-06-30,Guangdong,0.6430954834470486,Power
2020-06-01,Guangxi,0.14552948363955714,Power
2020-06-02,Guangxi,0.1507351319359758,Power
2020-06-03,Guangxi,0.15316926608898188,Power
2020-06-04,Guangxi,0.1620373616145899,Power
2020-06-05,Guangxi,0.16441151710263488,Power
2020-06-06,Guangxi,0.15309929097986055,Power
2020-06-07,Guangxi,0.14792738068248257,Power
2020-06-08,Guangxi,0.15721657641833856,Power
2020-06-09,Guangxi,0.1639679248930265,Power
2020-06-10,Guangxi,0.16408413355638868,Power
2020-06-11,Guangxi,0.1664595385999537,Power
2020-06-12,Guangxi,0.1665182677093948,Power
2020-06-13,Guangxi,0.16545364640633461,Power
2020-06-14,Guangxi,0.15895970636877158,Power
2020-06-15,Guangxi,0.1667869221461999,Power
2020-06-16,Guangxi,0.16303200780852878,Power
2020-06-17,Guangxi,0.16173247006770414,Power
2020-06-18,Guangxi,0.1596507105713447,Power
2020-06-19,Guangxi,0.15670175954408883,Power
2020-06-20,Guangxi,0.1485246682210539,Power
2020-06-21,Guangxi,0.1458218796312427,Power
2020-06-22,Guangxi,0.15686545131721194,Power
2020-06-23,Guangxi,0.15895970636877158,Power
2020-06-24,Guangxi,0.15563713824102865,Power
2020-06-25,Guangxi,0.13749109297924486,Power
2020-06-26,Guangxi,0.14844219755673235,Power
2020-06-27,Guangxi,0.1586323228225254,Power
2020-06-28,Guangxi,0.15795381417515253,Power
2020-06-29,Guangxi,0.1564568466621642,Power
2020-06-30,Guangxi,0.16014178589071398,Power
2020-06-01,Xinjiang,0.5268201895864539,Power
2020-06-02,Xinjiang,0.5456647601425623,Power
2020-06-03,Xinjiang,0.5544763836287119,Power
2020-06-04,Xinjiang,0.5865791002001717,Power
2020-06-05,Xinjiang,0.595173599493644,Power
2020-06-06,Xinjiang,0.5542230720705885,Power
2020-06-07,Xinjiang,0.535500633872861,Power
2020-06-08,Xinjiang,0.5691277432137419,Power
2020-06-09,Xinjiang,0.593567785151969,Power
2020-06-10,Xinjiang,0.5939884632752811,Power
2020-06-11,Xinjiang,0.6025874859894342,Power
2020-06-12,Xinjiang,0.6028000867614306,Power
2020-06-13,Xinjiang,0.5989461323414104,Power
2020-06-14,Xinjiang,0.5754379150634229,Power
2020-06-15,Xinjiang,0.6037726222077971,Power
2020-06-16,Xinjiang,0.5901797430620686,Power
2020-06-17,Xinjiang,0.5854753855540625,Power
2020-06-18,Xinjiang,0.5779393666998915,Power
2020-06-19,Xinjiang,0.5672640938932626,Power
2020-06-20,Xinjiang,0.5376628289582714,Power
2020-06-21,Xinjiang,0.5278786700257553,Power
2020-06-22,Xinjiang,0.5678566620024442,Power
2020-06-23,Xinjiang,0.5754379150634229,Power
2020-06-24,Xinjiang,0.5634101394732424,Power
2020-06-25,Xinjiang,0.49772102434702864,Power
2020-06-26,Xinjiang,0.5373642831933403,Power
2020-06-27,Xinjiang,0.57425277884506,Power
2020-06-28,Xinjiang,0.5717965614153991,Power
2020-06-29,Xinjiang,0.5663775034398308,Power
2020-06-30,Xinjiang,0.5797170710274361,Power
2020-06-01,Jiangsu,0.9029103257504586,Power
2020-06-02,Jiangsu,0.9352077920886409,Power
2020-06-03,Jiangsu,0.9503099198915164,Power
2020-06-04,Jiangsu,1.005330351625093,Power
2020-06-05,Jiangsu,1.0200603530755363,Power
2020-06-06,Jiangsu,0.9498757724803454,Power
2020-06-07,Jiangsu,0.9177876272154062,Power
2020-06-08,Jiangsu,0.9754206960483509,Power
2020-06-09,Jiangsu,1.0173081685940062,Power
2020-06-10,Jiangsu,1.0180291634018437,Power
2020-06-11,Jiangsu,1.0327669174846292,Power
2020-06-12,Jiangsu,1.033131291204719,Power
2020-06-13,Jiangsu,1.0265260484490466,Power
2020-06-14,Jiangsu,0.9862356181659131,Power
2020-06-15,Jiangsu,1.0347981071583219,Power
2020-06-16,Jiangsu,1.0115014469695947,Power
2020-06-17,Jiangsu,1.0034387093335624,Power
2020-06-18,Jiangsu,0.9905228238512265,Power
2020-06-19,Jiangsu,0.9722266115233075,Power
2020-06-20,Jiangsu,0.921493385475044,Power
2020-06-21,Jiangsu,0.9047244417185658,Power
2020-06-22,Jiangsu,0.9732422063601539,Power
2020-06-23,Jiangsu,0.9862356181659131,Power
2020-06-24,Jiangsu,0.9656213687676349,Power
2020-06-25,Jiangsu,0.8530376418921947,Power
2020-06-26,Jiangsu,0.9209817117404497,Power
2020-06-27,Jiangsu,0.9842044284922206,Power
2020-06-28,Jiangsu,0.9799947491303307,Power
2020-06-29,Jiangsu,0.9707070955842092,Power
2020-06-30,Jiangsu,0.9935696083617654,Power
2020-06-01,Jiangxi,0.2043416279064218,Power
2020-06-02,Jiangxi,0.2116510103119355,Power
2020-06-03,Jiangxi,0.2150688396268516,Power
2020-06-04,Jiangxi,0.2275207567972623,Power
2020-06-05,Jiangxi,0.2308543685520573,Power
2020-06-06,Jiangxi,0.2149705858067103,Power
2020-06-07,Jiangxi,0.20770857577876475,Power
2020-06-08,Jiangxi,0.22075177040252586,Power
2020-06-09,Jiangxi,0.2302315095136614,Power
2020-06-10,Jiangxi,0.2303946810363961,Power
2020-06-11,Jiangxi,0.23373004732369362,Power
2020-06-12,Jiangxi,0.23381251035131223,Power
2020-06-13,Jiangxi,0.23231764865916205,Power
2020-06-14,Jiangxi,0.2231993432435464,Power
2020-06-15,Jiangxi,0.23418973483935482,Power
2020-06-16,Jiangxi,0.22891736466927115,Power
2020-06-17,Jiangxi,0.2270926508666465,Power
2020-06-18,Jiangxi,0.22416959971744202,Power
2020-06-19,Jiangxi,0.22002890301148612,Power
2020-06-20,Jiangxi,0.20854724231497107,Power
2020-06-21,Jiangxi,0.20475218851201235,Power
2020-06-22,Jiangxi,0.22025874676931673,Power
2020-06-23,Jiangxi,0.2231993432435464,Power
2020-06-24,Jiangxi,0.21853404131933593,Power
2020-06-25,Jiangxi,0.19305472031768686,Power
2020-06-26,Jiangxi,0.20843144316980453,Power
2020-06-27,Jiangxi,0.22273965572788523,Power
2020-06-28,Jiangxi,0.22178694457901485,Power
2020-06-29,Jiangxi,0.2196850146409915,Power
2020-06-30,Jiangxi,0.22485913099093385,Power
2020-06-01,Hebei,0.8077405163683978,Power
2020-06-02,Hebei,0.8366337202596161,Power
2020-06-03,Hebei,0.8501440325928118,Power
2020-06-04,Hebei,0.8993651242913181,Power
2020-06-05,Hebei,0.9125425336512112,Power
2020-06-06,Hebei,0.8497556457906256,Power
2020-06-07,Hebei,0.8210496998218899,Power
2020-06-08,Hebei,0.8726080478121244,Power
2020-06-09,Hebei,0.9100804387444944,Power
2020-06-10,Hebei,0.9107254382552681,Power
2020-06-11,Hebei,0.9239097830937717,Power
2020-06-12,Hebei,0.9242357505884636,Power
2020-06-13,Hebei,0.9183267228123432,Power
2020-06-14,Hebei,0.8822830404737302,Power
2020-06-15,Hebei,0.9257268784897148,Power
2020-06-16,Hebei,0.9048857652652523,Power
2020-06-17,Hebei,0.8976728675103633,Power
2020-06-18,Hebei,0.8861183601453202,Power
2020-06-19,Hebei,0.8697506306246108,Power
2020-06-20,Hebei,0.8243648585976946,Power
2020-06-21,Hebei,0.8093634183632479,Power
2020-06-22,Hebei,0.8706591783225824,Power
2020-06-23,Hebei,0.8822830404737302,Power
2020-06-24,Hebei,0.8638416028484902,Power
2020-06-25,Hebei,0.7631245824672438,Power
2020-06-26,Hebei,0.8239071170094037,Power
2020-06-27,Hebei,0.8804659450777871,Power
2020-06-28,Hebei,0.8766999801923018,Power
2020-06-29,Hebei,0.8683912768169587,Power
2020-06-30,Hebei,0.888844003239235,Power
2020-06-01,Henan,0.5929668666528252,Power
2020-06-02,Henan,0.6141775305130035,Power
2020-06-03,Henan,0.6240955269603455,Power
2020-06-04,Henan,0.6602290078570536,Power
2020-06-05,Henan,0.6699026183549747,Power
2020-06-06,Henan,0.6238104100193542,Power
2020-06-07,Henan,0.6027372132557254,Power
2020-06-08,Henan,0.6405864871723277,Power
2020-06-09,Henan,0.6680951806040474,Power
2020-06-10,Henan,0.6685686783810508,Power
2020-06-11,Henan,0.6782473802529181,Power
2020-06-12,Henan,0.6784866748283929,Power
2020-06-13,Henan,0.6741488242261673,Power
2020-06-14,Henan,0.6476889538273802,Power
2020-06-15,Henan,0.6795813202268418,Power
2020-06-16,Henan,0.664281741518288,Power
2020-06-17,Henan,0.6589867126141628,Power
2020-06-18,Henan,0.65050448361967,Power
2020-06-19,Henan,0.6384888411064628,Power
2020-06-20,Henan,0.6051708900020444,Power
2020-06-21,Henan,0.5941582481562533,Power
2020-06-22,Henan,0.6391558110934248,Power
2020-06-23,Henan,0.6476889538273802,Power
2020-06-24,Henan,0.6341509905042372,Power
2020-06-25,Henan,0.5602140580564432,Power
2020-06-26,Henan,0.6048348593215904,Power
2020-06-27,Henan,0.6463550138534564,Power
2020-06-28,Henan,0.6435903978006295,Power
2020-06-29,Henan,0.6374909318129931,Power
2020-06-30,Henan,0.6525053935805557,Power
2020-06-01,Zhejiang,0.4713433276031545,Power
2020-06-02,Zhejiang,0.488203468441988,Power
2020-06-03,Zhejiang,0.4960871828812697,Power
2020-06-04,Zhejiang,0.5248093191110348,Power
2020-06-05,Zhejiang,0.5324987736462684,Power
2020-06-06,Zhejiang,0.495860546326547,Power
2020-06-07,Zhejiang,0.47910967668374055,Power
2020-06-08,Zhejiang,0.509195679323176,Power
2020-06-09,Zhejiang,0.5310620597725801,Power
2020-06-10,Zhejiang,0.5314384383366731,Power
2020-06-11,Zhejiang,0.5391319399532412,Power
2020-06-12,Zhejiang,0.5393221527759547,Power
2020-06-13,Zhejiang,0.5358740394791026,Power
2020-06-14,Zhejiang,0.5148413577845712,Power
2020-06-15,Zhejiang,0.5401922752628364,Power
2020-06-16,Zhejiang,0.5280307958531643,Power
2020-06-17,Zhejiang,0.5238218312654573,Power
2020-06-18,Zhejiang,0.5170793937624577,Power
2020-06-19,Zhejiang,0.5075282818134306,Power
2020-06-20,Zhejiang,0.48104418156155193,Power
2020-06-21,Zhejiang,0.47229034463538855,Power
2020-06-22,Zhejiang,0.5080584494682283,Power
2020-06-23,Zhejiang,0.5148413577845712,Power
2020-06-24,Zhejiang,0.5040801685165784,Power
2020-06-25,Zhejiang,0.4453084533793869,Power
2020-06-26,Zhejiang,0.48077707419348603,Power
2020-06-27,Zhejiang,0.5137810224749759,Power
2020-06-28,Zhejiang,0.5115834573104328,Power
2020-06-29,Zhejiang,0.5067350538719013,Power
2020-06-30,Zhejiang,0.5186698967268508,Power
2020-06-01,Hainan,0.040563826661692205,Power
2020-06-02,Hainan,0.04201481109368989,Power
2020-06-03,Hainan,0.04269328389098501,Power
2020-06-04,Hainan,0.04516511214683895,Power
2020-06-05,Hainan,0.04582686692859497,Power
2020-06-06,Hainan,0.04267377953952272,Power
2020-06-07,Hainan,0.04123219899126579,Power
2020-06-08,Hainan,0.043821401647883826,Power
2020-06-09,Hainan,0.04570322327200372,Power
2020-06-10,Hainan,0.04573561442711072,Power
2020-06-11,Hainan,0.046397717500857145,Power
2020-06-12,Hainan,0.04641408722440584,Power
2020-06-13,Hainan,0.046117342448586826,Power
2020-06-14,Hainan,0.0443072689744889,Power
2020-06-15,Hainan,0.04648897000234139,Power
2020-06-16,Hainan,0.045442352571195686,Power
2020-06-17,Hainan,0.04508012890118186,Power
2020-06-18,Hainan,0.04449987444517895,Power
2020-06-19,Hainan,0.04367790534783989,Power
2020-06-20,Hainan,0.04139868256267599,Power
2020-06-21,Hainan,0.040645326987445315,Power
2020-06-22,Hainan,0.04372353159858202,Power
2020-06-23,Hainan,0.0443072689744889,Power
2020-06-24,Hainan,0.04338116057202087,Power
2020-06-25,Hainan,0.038323264287462466,Power
2020-06-26,Hainan,0.04137569529130973,Power
2020-06-27,Hainan,0.04421601647300465,Power
2020-06-28,Hainan,0.04402689392221859,Power
2020-06-29,Hainan,0.04360964011772191,Power
2020-06-30,Hainan,0.04463675319740533,Power
2020-06-01,Hubei,0.2687743404659609,Power
2020-06-02,Hubei,0.2783885069741925,Power
2020-06-03,Hubei,0.2828840413856267,Power
2020-06-04,Hubei,0.2992622794338552,Power
2020-06-05,Hubei,0.3036470409234471,Power
2020-06-06,Hubei,0.282754806310144,Power
2020-06-07,Hubei,0.2732029495704487,Power
2020-06-08,Hubei,0.29035890584077845,Power
2020-06-09,Hubei,0.3028277828556549,Power
2020-06-10,Hubei,0.30304240539172445,Power
2020-06-11,Hubei,0.30742947465052145,Power
2020-06-12,Hubei,0.3075379398031587,Power
2020-06-13,Hubei,0.30557172044045744,Power
2020-06-14,Hubei,0.29357824388182097,Power
2020-06-15,Hubei,0.3080341101822441,Power
2020-06-16,Hubei,0.3010992637210737,Power
2020-06-17,Hubei,0.29869918374782334,Power
2020-06-18,Hubei,0.29485444025221275,Power
2020-06-19,Hubei,0.28940810492829855,Power
2020-06-20,Hubei,0.27430606325046186,Power
2020-06-21,Hubei,0.2693143584599422,Power
2020-06-22,Hubei,0.28971042269415986,Power
2020-06-23,Hubei,0.29357824388182097,Power
2020-06-24,Hubei,0.2874418855655973,Power
2020-06-25,Hubei,0.25392846116988455,Power
2020-06-26,Hubei,0.27415375048292867,Power
2020-06-27,Hubei,0.2929736083500983,Power
2020-06-28,Hubei,0.291720489671757,Power
2020-06-29,Hubei,0.2889557821641091,Power
2020-06-30,Hubei,0.29576139354979675,Power
2020-06-01,Hunan,0.15510297908312365,Power
2020-06-02,Hunan,0.16065107517087787,Power
2020-06-03,Hunan,0.16324533613557904,Power
2020-06-04,Hunan,0.17269680947566346,Power
2020-06-05,Hunan,0.17522714614554655,Power
2020-06-06,Hunan,0.1631707577916246,Power
2020-06-07,Hunan,0.15765861911970558,Power
2020-06-08,Hunan,0.1675588942796587,Power
2020-06-09,Hunan,0.17475437271512104,Power
2020-06-10,Hunan,0.1748782260363311,Power
2020-06-11,Hunan,0.17740989446235622,Power
2020-06-12,Hunan,0.17747248700103227,Power
2020-06-13,Hunan,0.17633783076801102,Power
2020-06-14,Hunan,0.1694166940978097,Power
2020-06-15,Hunan,0.17775881457157167,Power
2020-06-16,Hunan,0.17375688736473027,Power
2020-06-17,Hunan,0.17237186097700477,Power
2020-06-18,Hunan,0.17015315524435992,Power
2020-06-19,Hunan,0.1670102107491367,Power
2020-06-20,Hunan,0.15829519855560248,Power
2020-06-21,Hunan,0.1554146100203619,Power
2020-06-22,Hunan,0.16718467080374444,Power
2020-06-23,Hunan,0.1694166940978097,Power
2020-06-24,Hunan,0.16587555451611544,Power
2020-06-25,Hunan,0.1465357918213563,Power
2020-06-26,Hunan,0.15820730265022762,Power
2020-06-27,Hunan,0.16906777398859427,Power
2020-06-28,Hunan,0.16834463040346453,Power
2020-06-29,Hunan,0.16674918654529614,Power
2020-06-30,Hunan,0.1706765354081831,Power
2020-06-01,Gansu,0.1493619700413204,Power
2020-06-02,Gansu,0.15470470792130273,Power
2020-06-03,Gansu,0.15720294445279706,Power
2020-06-04,Gansu,0.16630457929058742,Power
2020-06-05,Gansu,0.16874125763239403,Power
2020-06-06,Gansu,0.15713112656482803,Power
2020-06-07,Gansu,0.1518230151665451,Power
2020-06-08,Gansu,0.1613568397944348,Power
2020-06-09,Gansu,0.16828598352116175,Power
2020-06-10,Gansu,0.16840525251368177,Power
2020-06-11,Gansu,0.17084321331777355,Power
2020-06-12,Gansu,0.17090348904517613,Power
2020-06-13,Gansu,0.16981083117821863,Power
2020-06-14,Gansu,0.1631458746822349,Power
2020-06-15,Gansu,0.1711792184364858,Power
2020-06-16,Gansu,0.1673254192695759,Power
2020-06-17,Gansu,0.16599165849300804,Power
2020-06-18,Gansu,0.1638550763259292,Power
2020-06-19,Gansu,0.1608284653329483,Power
2020-06-20,Gansu,0.1524360321388522,Power
2020-06-21,Gansu,0.14966206621604816,Power
2020-06-22,Gansu,0.16099646789230446,Power
2020-06-23,Gansu,0.1631458746822349,Power
2020-06-24,Gansu,0.1597358074659908,Power
2020-06-25,Gansu,0.14111189016087722,Power
2020-06-26,Gansu,0.1523513896280316,Power
2020-06-27,Gansu,0.16280986956352264,Power
2020-06-28,Gansu,0.16211349254268,Power
2020-06-29,Gansu,0.1605771027250567,Power
2020-06-30,Gansu,0.1643590840039976,Power
2020-06-01,Fujian,0.22454479151668366,Power
2020-06-02,Fujian,0.2325768492289449,Power
2020-06-03,Fujian,0.23633259777034787,Power
2020-06-04,Fujian,0.25001563031569546,Power
2020-06-05,Fujian,0.2536788347451953,Power
2020-06-06,Fujian,0.2362246296397942,Power
2020-06-07,Fujian,0.2282446279904785,Power
2020-06-08,Fujian,0.24257739732147943,Power
2020-06-09,Fujian,0.2529943939175782,Power
2020-06-10,Fujian,0.2531736981343906,Power
2020-06-11,Fujian,0.25683883056622175,Power
2020-06-12,Fujian,0.25692944667579354,Power
2020-06-13,Fujian,0.25528678868951254,Power
2020-06-14,Fujian,0.24526696057366484,Power
2020-06-15,Fujian,0.25734396717702646,Power
2020-06-16,Fujian,0.25155032017142276,Power
2020-06-17,Fujian,0.24954519774685444,Power
2020-06-18,Fujian,0.24633314586288246,Power
2020-06-19,Fujian,0.24178306036097738,Power
2020-06-20,Fujian,0.2291662131048474,Power
2020-06-21,Fujian,0.22499594406221154,Power
2020-06-22,Fujian,0.24203562866637976,Power
2020-06-23,Fujian,0.24526696057366484,Power
2020-06-24,Fujian,0.2401404023746964,Power
2020-06-25,Fujian,0.2121419525193297,Power
2020-06-26,Fujian,0.2290389649509806,Power
2020-06-27,Fujian,0.24476182396286017,Power
2020-06-28,Fujian,0.24371491869695575,Power
2020-06-29,Fujian,0.24140517190403954,Power
2020-06-30,Fujian,0.24709085077908952,Power
2020-06-01,Tibet,0.0013217600160795025,Power
2020-06-02,Tibet,0.0013690399046897047,Power
2020-06-03,Tibet,0.0013911477354656705,Power
2020-06-04,Tibet,0.0014716915111417641,Power
2020-06-05,Tibet,0.0014932545904407042,Power
2020-06-06,Tibet,0.001390512192075807,Power
2020-06-07,Tibet,0.0013435387261714318,Power
2020-06-08,Tibet,0.001427907111175811,Power
2020-06-09,Tibet,0.0014892256993085339,Power
2020-06-10,Tibet,0.0014902811552952714,Power
2020-06-11,Tibet,0.001511855583583316,Power
2020-06-12,Tibet,0.0015123889860712372,Power
2020-06-13,Tibet,0.0015027196473540283,Power
2020-06-14,Tibet,0.001443738950976875,Power
2020-06-15,Tibet,0.001514829018728749,Power
2020-06-16,Tibet,0.0014807253064691096,Power
2020-06-17,Tibet,0.001468922357800216,Power
2020-06-18,Tibet,0.001450014941951777,Power
2020-06-19,Tibet,0.0014232313276646724,Power
2020-06-20,Tibet,0.001348963542963481,Power
2020-06-21,Tibet,0.0013244156795300035,Power
2020-06-22,Tibet,0.0014247180452373889,Power
2020-06-23,Tibet,0.001443738950976875,Power
2020-06-24,Tibet,0.0014135619889474634,Power
2020-06-25,Tibet,0.0012487519691689332,Power
2020-06-26,Tibet,0.0013482145096825706,Power
2020-06-27,Tibet,0.0014407655158314421,Power
2020-06-28,Tibet,0.0014346030147475873,Power
2020-06-29,Tibet,0.0014210069258001503,Power
2020-06-30,Tibet,0.0014544750946699262,Power
2020-06-01,Guizhou,0.17028777814635476,Power
2020-06-02,Guizhou,0.17637904061797896,Power
2020-06-03,Guizhou,0.17922728336755264,Power
2020-06-04,Guizhou,0.1896040691959533,Power
2020-06-05,Guizhou,0.19238212937264218,Power
2020-06-06,Guizhou,0.17914540369918708,Power
2020-06-07,Guizhou,0.17309361892481054,Power
2020-06-08,Guizhou,0.1839631449003397,Power
2020-06-09,Guizhou,0.1918630707606819,Power
2020-06-10,Guizhou,0.19199904949564614,Power
2020-06-11,Guizhou,0.19477857180927016,Power
2020-06-12,Guizhou,0.19484729224521982,Power
2020-06-13,Guizhou,0.1936015515765151,Power
2020-06-14,Guizhou,0.18600282592480338,Power
2020-06-15,Guizhou,0.1951616516862662,Power
2020-06-16,Guizhou,0.19076793019629246,Power
2020-06-17,Guizhou,0.189247307783789,Power
2020-06-18,Guizhou,0.18681138764991337,Power
2020-06-19,Guizhou,0.18336074448307874,Power
2020-06-20,Guizhou,0.17379252037978807,Power
2020-06-21,Guizhou,0.17062991818916803,Power
2020-06-22,Guizhou,0.18355228442157676,Power
2020-06-23,Guizhou,0.18600282592480338,Power
2020-06-24,Guizhou,0.182115003814374,Power
2020-06-25,Guizhou,0.16088185124286014,Power
2020-06-26,Guizhou,0.17369601934207154,Power
2020-06-27,Guizhou,0.18561974604780734,Power
2020-06-28,Guizhou,0.18482580569204837,Power
2020-06-29,Guizhou,0.18307416564379927,Power
2020-06-30,Guizhou,0.18738600746540746,Power
2020-06-01,Liaoning,0.3640645905971504,Power
2020-06-02,Liaoning,0.37708732776649506,Power
2020-06-03,Liaoning,0.3831766921462078,Power
2020-06-04,Liaoning,0.4053616094987857,Power
2020-06-05,Liaoning,0.4113009279389573,Power
2020-06-06,Liaoning,0.38300163855007646,Power
2020-06-07,Liaoning,0.3700633022217237,Power
2020-06-08,Liaoning,0.3933016671081635,Power
2020-06-09,Liaoning,0.41019121317776736,Power
2020-06-10,Liaoning,0.41048192718562837,Power
2020-06-11,Liaoning,0.41642437158287376,Power
2020-06-12,Liaoning,0.4165712915653411,Power
2020-06-13,Liaoning,0.4139079761384852,Power
2020-06-14,Liaoning,0.397662377226079,Power
2020-06-15,Liaoning,0.4172433723362026,Power
2020-06-16,Liaoning,0.4078498713295102,Power
2020-06-17,Liaoning,0.4045988759727847,Power
2020-06-18,Liaoning,0.39939103148787636,Power
2020-06-19,Liaoning,0.3920137727937684,Power
2020-06-20,Liaoning,0.3715575097029879,Power
2020-06-21,Liaoning,0.36479606455241365,Power
2020-06-22,Liaoning,0.3924232731704329,Power
2020-06-23,Liaoning,0.397662377226079,Power
2020-06-24,Liaoning,0.38935045736691254,Power
2020-06-25,Liaoning,0.34395530874155883,Power
2020-06-26,Liaoning,0.37135119653611887,Power
2020-06-27,Liaoning,0.3968433764727501,Power
2020-06-28,Liaoning,0.3951459817816905,Power
2020-06-29,Liaoning,0.3914010852073087,Power
2020-06-30,Liaoning,0.4006195326178697,Power
2020-06-01,Chongqing,0.0682991694290053,Power
2020-06-02,Chongqing,0.07074225825261099,Power
2020-06-03,Chongqing,0.07188463391952982,Power
2020-06-04,Chongqing,0.07604656415983936,Power
2020-06-05,Chongqing,0.07716079093968833,Power
2020-06-06,Chongqing,0.07185179355128164,Power
2020-06-07,Chongqing,0.06942453847665275,Power
2020-06-08,Chongqing,0.07378409736159866,Power
2020-06-09,Chongqing,0.07695260646240076,Power
2020-06-10,Chongqing,0.07700714493109864,Power
2020-06-11,Chongqing,0.07812195814609489,Power
2020-06-12,Chongqing,0.07814952059801747,Power
2020-06-13,Chongqing,0.07764987785252729,Power
2020-06-14,Chongqing,0.07460217439206672,Power
2020-06-15,Chongqing,0.07827560415468458,Power
2020-06-16,Chongqing,0.07651336653708136,Power
2020-06-17,Chongqing,0.07590347398390086,Power
2020-06-18,Chongqing,0.07492647302851752,Power
2020-06-19,Chongqing,0.07354248608091563,Power
2020-06-20,Chongqing,0.06970485447705686,Power
2020-06-21,Chongqing,0.06843639525347092,Power
2020-06-22,Chongqing,0.07361930908521049,Power
2020-06-23,Chongqing,0.07460217439206672,Power
2020-06-24,Chongqing,0.07304284333542546,Power
2020-06-25,Chongqing,0.0645266321264956,Power
2020-06-26,Chongqing,0.0696661497573358,Power
2020-06-27,Chongqing,0.07444852838347703,Power
2020-06-28,Chongqing,0.07413009409849915,Power
2020-06-29,Chongqing,0.07342754479204701,Power
2020-06-30,Chongqing,0.07515694204140205,Power
2020-06-01,Shaanxi,0.3919975797220081,Power
2020-06-02,Shaanxi,0.40601949117284647,Power
2020-06-03,Shaanxi,0.41257606426603727,Power
2020-06-04,Shaanxi,0.4364631275321438,Power
2020-06-05,Shaanxi,0.4428581423560979,Power
2020-06-06,Shaanxi,0.4123875796185944,Power
2020-06-07,Shaanxi,0.3984565446942018,Power
2020-06-08,Shaanxi,0.4234778816422411,Power
2020-06-09,Shaanxi,0.44166328432320123,Power
2020-06-10,Shaanxi,0.4419763034698474,Power
2020-06-11,Shaanxi,0.4483746840910772,Power
2020-06-12,Shaanxi,0.4485328765630382,Power
2020-06-13,Shaanxi,0.4456652172840861,Power
2020-06-14,Shaanxi,0.42817316884193374,Power
2020-06-15,Shaanxi,0.4492565229773277,Power
2020-06-16,Shaanxi,0.439142302163653,Power
2020-06-17,Shaanxi,0.435641872996857,Power
2020-06-18,Shaanxi,0.430034454735432,Power
2020-06-19,Shaanxi,0.42209117316462585,Power
2020-06-20,Shaanxi,0.40006539579201755,Power
2020-06-21,Shaanxi,0.39278517628453724,Power
2020-06-22,Shaanxi,0.4225320926077511,Power
2020-06-23,Shaanxi,0.42817316884193374,Power
2020-06-24,Shaanxi,0.41922351388567375,Power
2020-06-25,Shaanxi,0.37034540584700976,Power
2020-06-26,Shaanxi,0.3998432531718171,Power
2020-06-27,Shaanxi,0.42729132995568325,Power
2020-06-28,Shaanxi,0.4254637020349427,Power
2020-06-29,Shaanxi,0.4214314768985759,Power
2020-06-30,Shaanxi,0.4313572130648078,Power
2020-06-01,Qinghai,0.01859419873087543,Power
2020-06-02,Qinghai,0.01925932071527269,Power
2020-06-03,Qinghai,0.019570328306632717,Power
2020-06-04,Qinghai,0.020703398571459256,Power
2020-06-05,Qinghai,0.02100674273141,Power
2020-06-06,Qinghai,0.01956138763665522,Power
2020-06-07,Qinghai,0.01890057633242568,Power
2020-06-08,Qinghai,0.020087450271938218,Power
2020-06-09,Qinghai,0.02095006526994552,Power
2020-06-10,Qinghai,0.020964913168301003,Power
2020-06-11,Qinghai,0.021268416983072774,Power
2020-06-12,Qinghai,0.021275920759661025,Power
2020-06-13,Qinghai,0.021139894852146273,Power
2020-06-14,Qinghai,0.020310168747270475,Power
2020-06-15,Qinghai,0.021310246546181768,Power
2020-06-16,Qinghai,0.020830483808996516,Power
2020-06-17,Qinghai,0.02066444279512874,Power
2020-06-18,Qinghai,0.020398457863298247,Power
2020-06-19,Qinghai,0.020021672485675216,Power
2020-06-20,Qinghai,0.018976891336876446,Power
2020-06-21,Qinghai,0.01863155795899568,Power
2020-06-22,Qinghai,0.020042587267229718,Power
2020-06-23,Qinghai,0.020310168747270475,Power
2020-06-24,Qinghai,0.019885646578160464,Power
2020-06-25,Qinghai,0.017567139267210624,Power
2020-06-26,Qinghai,0.018966354118688685,Power
2020-06-27,Qinghai,0.02026833918416148,Power
2020-06-28,Qinghai,0.020181646616343977,Power
2020-06-29,Qinghai,0.019990380140753987,Power
2020-06-30,Qinghai,0.020461202207961743,Power
2020-06-01,Heilongjiang,0.1562301809659952,Power
2020-06-02,Heilongjiang,0.16181859751950342,Power
2020-06-03,Heilongjiang,0.16443171212493646,Power
2020-06-04,Heilongjiang,0.17395187349801566,Power
2020-06-05,Heilongjiang,0.17650059924253453,Power
2020-06-06,Heilongjiang,0.16435659178720327,Power
2020-06-07,Heilongjiang,0.15880439396795926,Power
2020-06-08,Heilongjiang,0.16877661880203995,Power
2020-06-09,Heilongjiang,0.1760243899586902,Power
2020-06-10,Heilongjiang,0.17614914337671142,Power
2020-06-11,Heilongjiang,0.17869921055583265,Power
2020-06-12,Heilongjiang,0.17876225798214443,Power
2020-06-13,Heilongjiang,0.17761935570091808,Power
2020-06-14,Heilongjiang,0.17064792007235777,Power
2020-06-15,Heilongjiang,0.1790506664216558,Power
2020-06-16,Heilongjiang,0.17501965544150885,Power
2020-06-17,Heilongjiang,0.17362456345503535,Power
2020-06-18,Heilongjiang,0.171389733407473,Power
2020-06-19,Heilongjiang,0.16822394774586008,Power
2020-06-20,Heilongjiang,0.15944559970789612,Power
2020-06-21,Heilongjiang,0.15654407666295175,Power
2020-06-22,Heilongjiang,0.16839967567877165,Power
2020-06-23,Heilongjiang,0.17064792007235777,Power
2020-06-24,Heilongjiang,0.1670810454646337,Power
2020-06-25,Heilongjiang,0.14760073216889522,Power
2020-06-26,Heilongjiang,0.15935706502413916,Power
2020-06-27,Heilongjiang,0.17029646420653463,Power
2020-06-28,Heilongjiang,0.1695680652174432,Power
2020-06-29,Heilongjiang,0.16796102656379394,Power
2020-06-30,Heilongjiang,0.1719169172062077,Power
2020-07-01,Shanghai,0.10964492491136489,Power
2020-07-02,Shanghai,0.10757642455037376,Power
2020-07-03,Shanghai,0.10648328015640467,Power
2020-07-04,Shanghai,0.10325045390602322,Power
2020-07-05,Shanghai,0.0996083340569696,Power
2020-07-06,Shanghai,0.10815096090627382,Power
2020-07-07,Shanghai,0.1130980748380502,Power
2020-07-08,Shanghai,0.11222525412038495,Power
2020-07-09,Shanghai,0.11014827977184369,Power
2020-07-10,Shanghai,0.10749761646615741,Power
2020-07-11,Shanghai,0.10594857154199035,Power
2020-07-12,Shanghai,0.10244034069622908,Power
2020-07-13,Shanghai,0.10853567994105053,Power
2020-07-14,Shanghai,0.11276758932359442,Power
2020-07-15,Shanghai,0.10987287517646387,Power
2020-07-16,Shanghai,0.10857550768253621,Power
2020-07-17,Shanghai,0.108678042931893,Power
2020-07-18,Shanghai,0.10778064765033234,Power
2020-07-19,Shanghai,0.10465798323810281,Power
2020-07-20,Shanghai,0.10765523263459015,Power
2020-07-21,Shanghai,0.1095822174034938,Power
2020-07-22,Shanghai,0.1112888784960936,Power
2020-07-23,Shanghai,0.11489964459121169,Power
2020-07-24,Shanghai,0.11684188253770558,Power
2020-07-25,Shanghai,0.11500133244181343,Power
2020-07-26,Shanghai,0.10739592861555561,Power
2020-07-27,Shanghai,0.1125082853045599,Power
2020-07-28,Shanghai,0.115662303470725,Power
2020-07-29,Shanghai,0.11893411006383713,Power
2020-07-30,Shanghai,0.11987048568812847,Power
2020-07-31,Shanghai,0.11891885688624687,Power
2020-07-01,Yunnan,0.010914734144302171,Power
2020-07-02,Yunnan,0.01070882282158603,Power
2020-07-03,Yunnan,0.010600004465869593,Power
2020-07-04,Yunnan,0.01027818894101827,Power
2020-07-05,Yunnan,0.009915629799259163,Power
2020-07-06,Yunnan,0.010766015724823044,Power
2020-07-07,Yunnan,0.011258482050925802,Power
2020-07-08,Yunnan,0.01117159607698167,Power
2020-07-09,Yunnan,0.01096484120112044,Power
2020-07-10,Yunnan,0.010700977777336708,Power
2020-07-11,Yunnan,0.0105467762624145,Power
2020-07-12,Yunnan,0.010197545260347794,Power
2020-07-13,Yunnan,0.010804313037610067,Power
2020-07-14,Yunnan,0.011225583478267343,Power
2020-07-15,Yunnan,0.010937425723905056,Power
2020-07-16,Yunnan,0.010808277737391984,Power
2020-07-17,Yunnan,0.010818484730447556,Power
2020-07-18,Yunnan,0.010729152452382668,Power
2020-07-19,Yunnan,0.010418303118417497,Power
2020-07-20,Yunnan,0.010716667865835356,Power
2020-07-21,Yunnan,0.010908491851028516,Power
2020-07-22,Yunnan,0.011078383454449373,Power
2020-07-23,Yunnan,0.011437821449571653,Power
2020-07-24,Yunnan,0.011631163830425971,Power
2020-07-25,Yunnan,0.011447944087312714,Power
2020-07-26,Yunnan,0.010690855139595641,Power
2020-07-27,Yunnan,0.011199770752027632,Power
2020-07-28,Yunnan,0.011513741232629632,Power
2020-07-29,Yunnan,0.011839437101948362,Power
2020-07-30,Yunnan,0.011932649724480658,Power
2020-07-31,Yunnan,0.011837918706287203,Power
2020-07-01,InnerMongolia,1.2027330779517533,Power
2020-07-02,InnerMongolia,1.180042982555817,Power
2020-07-03,InnerMongolia,1.1680519038746378,Power
2020-07-04,InnerMongolia,1.1325899153717711,Power
2020-07-05,InnerMongolia,1.0926382439208349,Power
2020-07-06,InnerMongolia,1.1863452704208088,Power
2020-07-07,InnerMongolia,1.240611873010517,Power
2020-07-08,InnerMongolia,1.2310376008852344,Power
2020-07-09,InnerMongolia,1.2082545513909941,Power
2020-07-10,InnerMongolia,1.1791785094415925,Power
2020-07-11,InnerMongolia,1.1621865002716736,Power
2020-07-12,InnerMongolia,1.123703503573936,Power
2020-07-13,InnerMongolia,1.1905653864837973,Power
2020-07-14,InnerMongolia,1.236986663176672,Power
2020-07-15,InnerMongolia,1.2052335431961232,Power
2020-07-16,InnerMongolia,1.1910022707458248,Power
2020-07-17,InnerMongolia,1.1921270153352996,Power
2020-07-18,InnerMongolia,1.1822831763249364,Power
2020-07-19,InnerMongolia,1.148029591100018,Power
2020-07-20,InnerMongolia,1.1809074556700414,Power
2020-07-21,InnerMongolia,1.202045217624306,Power
2020-07-22,InnerMongolia,1.220766173022674,Power
2020-07-23,InnerMongolia,1.2603739143098867,Power
2020-07-24,InnerMongolia,1.2816789936410975,Power
2020-07-25,InnerMongolia,1.261489363489531,Power
2020-07-26,InnerMongolia,1.1780630602619477,Power
2020-07-27,InnerMongolia,1.2341422677685785,Power
2020-07-28,InnerMongolia,1.268739783157221,Power
2020-07-29,InnerMongolia,1.3046293605122845,Power
2020-07-30,InnerMongolia,1.314900788374845,Power
2020-07-31,InnerMongolia,1.304462043135338,Power
2020-07-01,Beijing,0.06479499822605735,Power
2020-07-02,Beijing,0.06357261171496834,Power
2020-07-03,Beijing,0.06292661474679759,Power
2020-07-04,Beijing,0.061016166348680206,Power
2020-07-05,Beijing,0.05886384466713144,Power
2020-07-06,Beijing,0.06391213570289066,Power
2020-07-07,Beijing,0.06683564756349597,Power
2020-07-08,Beijing,0.06631985153464645,Power
2020-07-09,Beijing,0.06509245729512202,Power
2020-07-10,Beijing,0.06352603984051883,Power
2020-07-11,Beijing,0.06261062708252182,Power
2020-07-12,Beijing,0.060537427510252886,Power
2020-07-13,Beijing,0.06413948657385926,Power
2020-07-14,Beijing,0.06664034615451411,Power
2020-07-15,Beijing,0.06492970612097046,Power
2020-07-16,Beijing,0.0641630228975058,Power
2020-07-17,Beijing,0.06422361641157452,Power
2020-07-18,Beijing,0.06369329797026226,Power
2020-07-19,Beijing,0.061847950041805495,Power
2020-07-20,Beijing,0.06361918358941786,Power
2020-07-21,Beijing,0.06475794103563515,Power
2020-07-22,Beijing,0.0657664975425312,Power
2020-07-23,Beijing,0.06790029062886888,Power
2020-07-24,Beijing,0.06904806198626992,Power
2020-07-25,Beijing,0.06796038337009404,Power
2020-07-26,Beijing,0.06346594709929364,Power
2020-07-27,Beijing,0.06648710966438989,Power
2020-07-28,Beijing,0.06835098618805777,Power
2020-07-29,Beijing,0.07028447013697812,Power
2020-07-30,Beijing,0.07083782412909338,Power
2020-07-31,Beijing,0.07027545622579436,Power
2020-07-01,Jilin,0.16872894900721236,Power
2020-07-02,Jilin,0.16554580220663578,Power
2020-07-03,Jilin,0.16386359844885462,Power
2020-07-04,Jilin,0.158888709041153,Power
2020-07-05,Jilin,0.15328397124972398,Power
2020-07-06,Jilin,0.16642993720491148,Power
2020-07-07,Jilin,0.17404288723431177,Power
2020-07-08,Jilin,0.17269973229592836,Power
2020-07-09,Jilin,0.1695035451561442,Power
2020-07-10,Jilin,0.16542452705200508,Power
2020-07-11,Jilin,0.1630407530448547,Power
2020-07-12,Jilin,0.15764205261290587,Power
2020-07-13,Jilin,0.16702196860493676,Power
2020-07-14,Jilin,0.17353431400521513,Power
2020-07-15,Jilin,0.16907973413189695,Power
2020-07-16,Jilin,0.16708325819921252,Power
2020-07-17,Jilin,0.16724104630362455,Power
2020-07-18,Jilin,0.1658600743815391,Power
2020-07-19,Jilin,0.16105470938353633,Power
2020-07-20,Jilin,0.1656670773612665,Power
2020-07-21,Jilin,0.1686324504970761,Power
2020-07-22,Jilin,0.17125877481348792,Power
2020-07-23,Jilin,0.17681526334984882,Power
2020-07-24,Jilin,0.17980410909623204,Power
2020-07-25,Jilin,0.17697174742034003,Power
2020-07-26,Jilin,0.16526804298151376,Power
2020-07-27,Jilin,0.1731352796254624,Power
2020-07-28,Jilin,0.17798889387853334,Power
2020-07-29,Jilin,0.18302376884658994,Power
2020-07-30,Jilin,0.18446472632903038,Power
2020-07-31,Jilin,0.18300029623601624,Power
2020-07-01,Sichuan,0.04287564389155876,Power
2020-07-02,Sichuan,0.042066775766206765,Power
2020-07-03,Sichuan,0.04163931166063361,Power
2020-07-04,Sichuan,0.040375144557717645,Power
2020-07-05,Sichuan,0.038950926940854516,Power
2020-07-06,Sichuan,0.04229144294727546,Power
2020-07-07,Sichuan,0.04422596655063676,Power
2020-07-08,Sichuan,0.04388465800122563,Power
2020-07-09,Sichuan,0.04307247620063664,Power
2020-07-10,Sichuan,0.04203595858650266,Power
2020-07-11,Sichuan,0.04143021875317884,Power
2020-07-12,Sichuan,0.04005835720506033,Power
2020-07-13,Sichuan,0.042441883803035305,Power
2020-07-14,Sichuan,0.04409673321639371,Power
2020-07-15,Sichuan,0.04296478175543409,Power
2020-07-16,Sichuan,0.04245745807664921,Power
2020-07-17,Sichuan,0.04249755354701692,Power
2020-07-18,Sichuan,0.042146635339418495,Power
2020-07-19,Sichuan,0.04092554601458355,Power
2020-07-20,Sichuan,0.042097592945910874,Power
2020-07-21,Sichuan,0.042851122694804955,Power
2020-07-22,Sichuan,0.043518496887537,Power
2020-07-23,Sichuan,0.044930453906023224,Power
2020-07-24,Sichuan,0.045689948270343894,Power
2020-07-25,Sichuan,0.04497021800886723,Power
2020-07-26,Sichuan,0.04199619448365864,Power
2020-07-27,Sichuan,0.043995334754141475,Power
2020-07-28,Sichuan,0.04522868467735333,Power
2020-07-29,Sichuan,0.0465080946863595,Power
2020-07-30,Sichuan,0.04687425580004813,Power
2020-07-31,Sichuan,0.0465021300709329,Power
2020-07-01,Tianjin,0.15871307532185272,Power
2020-07-02,Tianjin,0.15571888244094506,Power
2020-07-03,Tianjin,0.1541365355272331,Power
2020-07-04,Tianjin,0.14945695918939506,Power
2020-07-05,Tianjin,0.14418492272805086,Power
2020-07-06,Tianjin,0.15655053453977974,Power
2020-07-07,Tianjin,0.1637115742934622,Power
2020-07-08,Tianjin,0.16244815001352164,Power
2020-07-09,Tianjin,0.15944169087746893,Power
2020-07-10,Tianjin,0.15560480626809609,Power
2020-07-11,Tianjin,0.15336253482758022,Power
2020-07-12,Tianjin,0.1482843051975279,Power
2020-07-13,Tianjin,0.15710742252336518,Power
2020-07-14,Tianjin,0.1632331903428051,Power
2020-07-15,Tianjin,0.15904303758525465,Power
2020-07-16,Tianjin,0.15716507392254692,Power
2020-07-17,Tianjin,0.15731349560980207,Power
2020-07-18,Tianjin,0.15601449918994087,Power
2020-07-19,Tianjin,0.1514943841689885,Power
2020-07-20,Tianjin,0.15583295861379406,Power
2020-07-21,Tianjin,0.15862230503377933,Power
2020-07-22,Tianjin,0.1610927288199932,Power
2020-07-23,Tianjin,0.1663193801373007,Power
2020-07-24,Tianjin,0.16913080581654702,Power
2020-07-25,Tianjin,0.1664665751990413,Power
2020-07-26,Tianjin,0.1554576112063554,Power
2020-07-27,Tianjin,0.16285784293536645,Power
2020-07-28,Tianjin,0.16742334310035553,Power
2020-07-29,Tianjin,0.17215934421186085,Power
2020-07-30,Tianjin,0.1735147654053893,Power
2020-07-31,Tianjin,0.17213726495259976,Power
2020-07-01,Ningxia,0.29014894593072443,Power
2020-07-02,Ningxia,0.28467515678923827,Power
2020-07-03,Ningxia,0.28178241283490923,Power
2020-07-04,Ningxia,0.27322751501648657,Power
2020-07-05,Ningxia,0.26358952004307085,Power
2020-07-06,Ningxia,0.2861955291931415,Power
2020-07-07,Ningxia,0.2992868774143608,Power
2020-07-08,Ningxia,0.2969771671252453,Power
2020-07-09,Ningxia,0.2914809536120202,Power
2020-07-10,Ningxia,0.28446661013206576,Power
2020-07-11,Ningxia,0.2803674349781793,Power
2020-07-12,Ningxia,0.2710837450782396,Power
2020-07-13,Ningxia,0.28721359567009136,Power
2020-07-14,Ningxia,0.29841232691654035,Power
2020-07-15,Ningxia,0.29075216153050315,Power
2020-07-16,Ningxia,0.2873189902172646,Power
2020-07-17,Ningxia,0.2875903251153063,Power
2020-07-18,Ningxia,0.2852155841481478,Power
2020-07-19,Ningxia,0.27695220316233193,Power
2020-07-20,Ningxia,0.28488370344641084,Power
2020-07-21,Ningxia,0.28998300557985596,Power
2020-07-22,Ningxia,0.2944992740480875,Power
2020-07-23,Ningxia,0.304054298846069,Power
2020-07-24,Ningxia,0.30919396484864425,Power
2020-07-25,Ningxia,0.30432339130693675,Power
2020-07-26,Ningxia,0.2841975176711979,Power
2020-07-27,Ningxia,0.29772614114132745,Power
2020-07-28,Ningxia,0.3060724923025776,Power
2020-07-29,Ningxia,0.3147305422309996,Power
2020-07-30,Ningxia,0.3172084353081574,Power
2020-07-31,Ningxia,0.31469017836186947,Power
2020-07-01,Anhui,0.5299360244332688,Power
2020-07-02,Anhui,0.5199385452181702,Power
2020-07-03,Anhui,0.5146551580049472,Power
2020-07-04,Anhui,0.49903025706041587,Power
2020-07-05,Anhui,0.4814271576476777,Power
2020-07-06,Anhui,0.5227153952418642,Power
2020-07-07,Anhui,0.5466257941184498,Power
2020-07-08,Anhui,0.5424072756458764,Power
2020-07-09,Anhui,0.5323688399407529,Power
2020-07-10,Anhui,0.5195576498609379,Power
2020-07-11,Anhui,0.5120708034843708,Power
2020-07-12,Anhui,0.4951148166140274,Power
2020-07-13,Anhui,0.5245748198889983,Power
2020-07-14,Anhui,0.5450284910074754,Power
2020-07-15,Anhui,0.5310377540149408,Power
2020-07-16,Anhui,0.5247673153921159,Power
2020-07-17,Anhui,0.525262888921418,Power
2020-07-18,Anhui,0.5209255966277724,Power
2020-07-19,Anhui,0.5058331300535658,Power
2020-07-20,Anhui,0.5203194405754026,Power
2020-07-21,Anhui,0.5296329464070839,Power
2020-07-22,Anhui,0.5378815834981158,Power
2020-07-23,Anhui,0.5553331438977616,Power
2020-07-24,Anhui,0.5647203714114878,Power
2020-07-25,Anhui,0.5558246217780612,Power
2020-07-26,Anhui,0.519066171980638,Power
2020-07-27,Anhui,0.5437752224127109,Power
2020-07-28,Anhui,0.55901922800001,Power
2020-07-29,Anhui,0.5748325287986563,Power
2020-07-30,Anhui,0.5793582209464171,Power
2020-07-31,Anhui,0.5747588071166114,Power
2020-07-01,Shandong,1.2625779232217775,Power
2020-07-02,Shandong,1.2387588281558193,Power
2020-07-03,Shandong,1.2261711048313266,Power
2020-07-04,Shandong,1.188944620736025,Power
2020-07-05,Shandong,1.147005058837832,Power
2020-07-06,Shandong,1.2453747013449714,Power
2020-07-07,Shandong,1.3023414678320933,Power
2020-07-08,Shandong,1.2922908050226147,Power
2020-07-09,Shandong,1.268374130706079,Power
2020-07-10,Shandong,1.237851341125449,Power
2020-07-11,Shandong,1.2200138541198888,Power
2020-07-12,Shandong,1.1796160443808197,Power
2020-07-13,Shandong,1.2498047993211878,Power
2020-07-14,Shandong,1.298535877059572,Power
2020-07-15,Shandong,1.2652028050623112,Power
2020-07-16,Shandong,1.250263421798902,Power
2020-07-17,Shandong,1.2514441307308892,Power
2020-07-18,Shandong,1.2411104880947361,Power
2020-07-19,Shandong,1.2051525342569416,Power
2020-07-20,Shandong,1.2396663151861895,Power
2020-07-21,Shandong,1.2618558367675046,Power
2020-07-22,Shandong,1.2815082978338053,Power
2020-07-23,Shandong,1.323086816504862,Power
2020-07-24,Shandong,1.3454519807372158,Power
2020-07-25,Shandong,1.324257767511791,Power
2020-07-26,Shandong,1.2366803901185193,Power
2020-07-27,Shandong,1.295549951991902,Power
2020-07-28,Shandong,1.3318689490568334,Power
2020-07-29,Shandong,1.3695442977047911,Power
2020-07-30,Shandong,1.3803268048936006,Power
2020-07-31,Shandong,1.3693686550537518,Power
2020-07-01,Shanxi,0.6963536179746289,Power
2020-07-02,Shanxi,0.6832165967096466,Power
2020-07-03,Shanxi,0.6762740496257353,Power
2020-07-04,Shanxi,0.6557424084434709,Power
2020-07-05,Shanxi,0.6326113484693232,Power
2020-07-06,Shanxi,0.6868654702932838,Power
2020-07-07,Shanxi,0.7182845322125656,Power
2020-07-08,Shanxi,0.7127412581843263,Power
2020-07-09,Shanxi,0.6995504187248951,Power
2020-07-10,Shanxi,0.6827160875012717,Power
2020-07-11,Shanxi,0.6728781215560083,Power
2020-07-12,Shanxi,0.6505973890541538,Power
2020-07-13,Shanxi,0.6893088163212648,Power
2020-07-14,Shanxi,0.7161856226290575,Power
2020-07-15,Shanxi,0.697801327405305,Power
2020-07-16,Shanxi,0.6895617618351748,Power
2020-07-17,Shanxi,0.6902129619880067,Power
2020-07-18,Shanxi,0.6845136151958657,Power
2020-07-19,Shanxi,0.6646816105414372,Power
2020-07-20,Shanxi,0.6837171059180216,Power
2020-07-21,Shanxi,0.695955363335707,Power
2020-07-22,Shanxi,0.7067943476977203,Power
2020-07-23,Shanxi,0.7297262803524069,Power
2020-07-24,Shanxi,0.7420614105201002,Power
2020-07-25,Shanxi,0.7303720986857939,Power
2020-07-26,Shanxi,0.6820702691678845,Power
2020-07-27,Shanxi,0.7145387858789205,Power
2020-07-28,Shanxi,0.7345699178528101,Power
2020-07-29,Shanxi,0.7553491227295396,Power
2020-07-30,Shanxi,0.7612960332161457,Power
2020-07-31,Shanxi,0.7552522499795316,Power
2020-07-01,Guangdong,0.7483976385474014,Power
2020-07-02,Guangdong,0.7342787836459854,Power
2020-07-03,Guangdong,0.7268173650376992,Power
2020-07-04,Guangdong,0.7047512317116438,Power
2020-07-05,Guangdong,0.6798914044415553,Power
2020-07-06,Guangdong,0.7382003664494105,Power
2020-07-07,Guangdong,0.7719676236859798,Power
2020-07-08,Guangdong,0.7660100568902164,Power
2020-07-09,Guangdong,0.7518333615344728,Power
2020-07-10,Guangdong,0.7337408674207371,Power
2020-07-11,Guangdong,0.7231676323696152,Power
2020-07-12,Guangdong,0.6992216842779061,Power
2020-07-13,Guangdong,0.7408263230758924,Power
2020-07-14,Guangdong,0.7697118459671956,Power
2020-07-15,Guangdong,0.7499535467688191,Power
2020-07-16,Guangdong,0.7410981732112331,Power
2020-07-17,Guangdong,0.7417980427085994,Power
2020-07-18,Guangdong,0.7356727385952855,Power
2020-07-19,Guangdong,0.7143585311754913,Power
2020-07-20,Guangdong,0.734816699871234,Power
2020-07-21,Guangdong,0.7479696191853757,Power
2020-07-22,Guangdong,0.7596186866869946,Power
2020-07-23,Guangdong,0.7842645042760702,Power
2020-07-24,Guangdong,0.7975215364080017,Power
2020-07-25,Guangdong,0.7849585897280036,Power
2020-07-26,Guangdong,0.7330467819688034,Power
2020-07-27,Guangdong,0.767941928064765,Power
2020-07-28,Guangdong,0.7894701451655721,Power
2020-07-29,Guangdong,0.8118023445815356,Power
2020-07-30,Guangdong,0.8181937147847573,Power
2020-07-31,Guangdong,0.8116982317637456,Power
2020-07-01,Guangxi,0.1524916768596005,Power
2020-07-02,Guangxi,0.14961485343264103,Power
2020-07-03,Guangxi,0.14809453298168745,Power
2020-07-04,Guangxi,0.14359839149301465,Power
2020-07-05,Guangxi,0.13853301374247315,Power
2020-07-06,Guangxi,0.15041390557663062,Power
2020-07-07,Guangxi,0.15729423952443453,Power
2020-07-08,Guangxi,0.1560803402496421,Power
2020-07-09,Guangxi,0.1531917313928303,Power
2020-07-10,Guangxi,0.14950524893501418,Power
2020-07-11,Guangxi,0.14735087235800398,Power
2020-07-12,Guangxi,0.14247170439912968,Power
2020-07-13,Guangxi,0.15094896409192746,Power
2020-07-14,Guangxi,0.1568346077601927,Power
2020-07-15,Guangxi,0.1528087049226288,Power
2020-07-16,Guangxi,0.15100435561223352,Power
2020-07-17,Guangxi,0.15114695931344696,Power
2020-07-18,Guangxi,0.14989888229208276,Power
2020-07-19,Guangxi,0.14555595139149055,Power
2020-07-20,Guangxi,0.14972445793026792,Power
2020-07-21,Guangxi,0.1524044646786931,Power
2020-07-22,Guangxi,0.15477805025095706,Power
2020-07-23,Guangxi,0.15979982191104486,Power
2020-07-24,Guangxi,0.16250104243320423,Power
2020-07-25,Guangxi,0.15994124706927307,Power
2020-07-26,Guangxi,0.14936382377678592,Power
2020-07-27,Guangxi,0.15647397360671073,Power
2020-07-28,Guangxi,0.16086051059775666,Power
2020-07-29,Guangxi,0.1654108650637503,Power
2020-07-30,Guangxi,0.16671315506243534,Power
2020-07-31,Guangxi,0.16538965129001607,Power
2020-07-01,Xinjiang,0.601112931917818,Power
2020-07-02,Xinjiang,0.5897726686299952,Power
2020-07-03,Xinjiang,0.5837796577159061,Power
2020-07-04,Xinjiang,0.5660561409428444,Power
2020-07-05,Xinjiang,0.54608872938567,Power
2020-07-06,Xinjiang,0.5929224836685631,Power
2020-07-07,Xinjiang,0.620044342363487,Power
2020-07-08,Xinjiang,0.615259225122005,Power
2020-07-09,Xinjiang,0.6038725043852359,Power
2020-07-10,Xinjiang,0.5893406143547936,Power
2020-07-11,Xinjiang,0.5808481926873867,Power
2020-07-12,Xinjiang,0.561614808823566,Power
2020-07-13,Xinjiang,0.5950316518507308,Power
2020-07-14,Xinjiang,0.6182325018545763,Power
2020-07-15,Xinjiang,0.6023626372944769,Power
2020-07-16,Xinjiang,0.595250001860779,Power
2020-07-17,Xinjiang,0.5958121369930307,Power
2020-07-18,Xinjiang,0.5908922931496042,Power
2020-07-19,Xinjiang,0.5737727232128459,Power
2020-07-20,Xinjiang,0.590204722905197,Power
2020-07-21,Xinjiang,0.6007691467956146,Power
2020-07-22,Xinjiang,0.6101256770134249,Power
2020-07-23,Xinjiang,0.6299211960094976,Power
2020-07-24,Xinjiang,0.6405692433080185,Power
2020-07-25,Xinjiang,0.6304786853968545,Power
2020-07-26,Xinjiang,0.5887831249674363,Power
2020-07-27,Xinjiang,0.6168109039168158,Power
2020-07-28,Xinjiang,0.6341023664146759,Power
2020-07-29,Xinjiang,0.6520395874528913,Power
2020-07-30,Xinjiang,0.6571731355614714,Power
2020-07-31,Xinjiang,0.6519559640447877,Power
2020-07-01,Jiangsu,0.9007609067700101,Power
2020-07-02,Jiangsu,0.8837676509277843,Power
2020-07-03,Jiangsu,0.8747871920844942,Power
2020-07-04,Jiangsu,0.8482287033347641,Power
2020-07-05,Jiangsu,0.8183077637158019,Power
2020-07-06,Jiangsu,0.8884876130175138,Power
2020-07-07,Jiangsu,0.9291294104804034,Power
2020-07-08,Jiangsu,0.9219589665977764,Power
2020-07-09,Jiangsu,0.9048960947955252,Power
2020-07-10,Jiangsu,0.8831202224995472,Power
2020-07-11,Jiangsu,0.8703944250068849,Power
2020-07-12,Jiangsu,0.8415734175563258,Power
2020-07-13,Jiangsu,0.8916481776026716,Power
2020-07-14,Jiangsu,0.9264143880394087,Power
2020-07-15,Jiangsu,0.9026335760946962,Power
2020-07-16,Jiangsu,0.8919753726147914,Power
2020-07-17,Jiangsu,0.8928177257311,Power
2020-07-18,Jiangsu,0.885445395564399,Power
2020-07-19,Jiangsu,0.8597919142950005,Power
2020-07-20,Jiangsu,0.8844150793560216,Power
2020-07-21,Jiangsu,0.9002457486658214,Power
2020-07-22,Jiangsu,0.9142664030149582,Power
2020-07-23,Jiangsu,0.943929763581826,Power
2020-07-24,Jiangsu,0.9598857416196716,Power
2020-07-25,Jiangsu,0.9447651551021319,Power
2020-07-26,Jiangsu,0.882284830979241,Power
2020-07-27,Jiangsu,0.9242841396626283,Power
2020-07-28,Jiangsu,0.9501951999841214,Power
2020-07-29,Jiangsu,0.9770739221499688,Power
2020-07-30,Jiangsu,0.984766485732787,Power
2020-07-31,Jiangsu,0.976948613421923,Power
2020-07-01,Jiangxi,0.25517364343008553,Power
2020-07-02,Jiangxi,0.2503596789535971,Power
2020-07-03,Jiangxi,0.24781563381854177,Power
2020-07-04,Jiangxi,0.24029196545401768,Power
2020-07-05,Jiangxi,0.23181575925985654,Power
2020-07-06,Jiangxi,0.25169678174550997,Power
2020-07-07,Jiangxi,0.2632100650776441,Power
2020-07-08,Jiangxi,0.26117877322562316,Power
2020-07-09,Jiangxi,0.256345087469018,Power
2020-07-10,Jiangxi,0.25017627104851176,Power
2020-07-11,Jiangxi,0.24657122104317752,Power
2020-07-12,Jiangxi,0.2384066110748604,Power
2020-07-13,Jiangxi,0.2525921278628085,Power
2020-07-14,Jiangxi,0.26244093515309247,Power
2020-07-15,Jiangxi,0.255704145865225,Power
2020-07-16,Jiangxi,0.252684817879357,Power
2020-07-17,Jiangxi,0.25292344536876915,Power
2020-07-18,Jiangxi,0.2508349618044098,Power
2020-07-19,Jiangxi,0.2435676700814029,Power
2020-07-20,Jiangxi,0.2505430868586825,Power
2020-07-21,Jiangxi,0.2550277059572219,Power
2020-07-22,Jiangxi,0.2589995717727269,Power
2020-07-23,Jiangxi,0.2674028092304563,Power
2020-07-24,Jiangxi,0.2719229266332057,Power
2020-07-25,Jiangxi,0.2676394645918567,Power
2020-07-26,Jiangxi,0.24993961568711123,Power
2020-07-27,Jiangxi,0.26183746398152125,Power
2020-07-28,Jiangxi,0.26917772444096,Power
2020-07-29,Jiangxi,0.27679211069402093,Power
2020-07-30,Jiangxi,0.27897131214691717,Power
2020-07-31,Jiangxi,0.27675661238981086,Power
2020-07-01,Hebei,0.8130192851135198,Power
2020-07-02,Hebei,0.7976813140573169,Power
2020-07-03,Hebei,0.7895756267723919,Power
2020-07-04,Hebei,0.7656041562359667,Power
2020-07-05,Hebei,0.738597765576581,Power
2020-07-06,Hebei,0.8019415124907893,Power
2020-07-07,Hebei,0.8386244600639612,Power
2020-07-08,Hebei,0.8321524771930521,Power
2020-07-09,Hebei,0.8167516713516947,Power
2020-07-10,Hebei,0.7970969505553805,Power
2020-07-11,Hebei,0.7856107518291457,Power
2020-07-12,Hebei,0.7595971507752005,Power
2020-07-13,Hebei,0.8047942117368014,Power
2020-07-14,Hebei,0.8361739034429372,Power
2020-07-15,Hebei,0.8147095408341747,Power
2020-07-16,Hebei,0.8050895352270274,Power
2020-07-17,Hebei,0.8058498361273962,Power
2020-07-18,Hebei,0.7991956323795394,Power
2020-07-19,Hebei,0.7760410140501219,Power
2020-07-20,Hebei,0.7982656775592534,Power
2020-07-21,Hebei,0.8125543077033769,Power
2020-07-22,Hebei,0.8252092334334846,Power
2020-07-23,Hebei,0.8519831353877989,Power
2020-07-24,Hebei,0.8663848681452002,Power
2020-07-25,Hebei,0.8527371528096521,Power
2020-07-26,Hebei,0.796342933133527,Power
2020-07-27,Hebei,0.834251159017211,Power
2020-07-28,Hebei,0.8576382660516999,Power
2020-07-29,Hebei,0.8818987765998357,Power
2020-07-30,Hebei,0.8888420203594032,Power
2020-07-31,Hebei,0.8817856739865577,Power
2020-07-01,Henan,0.6306340775622306,Power
2020-07-02,Henan,0.6187368847086143,Power
2020-07-03,Henan,0.612449552147711,Power
2020-07-04,Henan,0.5938556190315514,Power
2020-07-05,Henan,0.5729075916309604,Power
2020-07-06,Henan,0.6220413897289963,Power
2020-07-07,Henan,0.6504952249929911,Power
2020-07-08,Henan,0.6454751067466884,Power
2020-07-09,Henan,0.6335291748809722,Power
2020-07-10,Henan,0.6182836118960843,Power
2020-07-11,Henan,0.6093741204841995,Power
2020-07-12,Henan,0.5891961694747889,Power
2020-07-13,Henan,0.6242541408783373,Power
2020-07-14,Henan,0.64859440352109,Power
2020-07-15,Henan,0.6319451569877212,Power
2020-07-16,Henan,0.6244832142352074,Power
2020-07-17,Henan,0.6250729562816176,Power
2020-07-18,Henan,0.619911494900225,Power
2020-07-19,Henan,0.6019511689413657,Power
2020-07-20,Henan,0.6191901575211446,Power
2020-07-21,Henan,0.6302734088726905,Power
2020-07-22,Henan,0.6400894459096356,Power
2020-07-23,Henan,0.6608571389654566,Power
2020-07-24,Henan,0.6720281205387822,Power
2020-07-25,Henan,0.6614420071106567,Power
2020-07-26,Henan,0.6176987437508838,Power
2020-07-27,Henan,0.6471029897508294,Power
2020-07-28,Henan,0.6652436500544588,Power
2020-07-29,Henan,0.6840617826262786,Power
2020-07-30,Henan,0.6894474434633314,Power
2020-07-31,Henan,0.6839740524044986,Power
2020-07-01,Zhejiang,0.47361599624866946,Power
2020-07-02,Zhejiang,0.46468101945878615,Power
2020-07-03,Zhejiang,0.45995913496106,Power
2020-07-04,Zhejiang,0.4459948021247615,Power
2020-07-05,Zhejiang,0.4302625078835003,Power
2020-07-06,Zhejiang,0.46716275410177716,Power
2020-07-07,Zhejiang,0.4885320267356726,Power
2020-07-08,Zhejiang,0.4847618398886509,Power
2020-07-09,Zhejiang,0.4757902593429713,Power
2020-07-10,Zhejiang,0.4643406045298804,Power
2020-07-11,Zhejiang,0.4576494379703119,Power
2020-07-12,Zhejiang,0.4424954830706327,Power
2020-07-13,Zhejiang,0.46882456461493033,Power
2020-07-14,Zhejiang,0.4871044802596158,Power
2020-07-15,Zhejiang,0.4746006372795906,Power
2020-07-16,Zhejiang,0.4689966022671731,Power
2020-07-17,Zhejiang,0.4694395077123086,Power
2020-07-18,Zhejiang,0.4655631699734777,Power
2020-07-19,Zhejiang,0.4520746859625313,Power
2020-07-20,Zhejiang,0.465021434387692,Power
2020-07-21,Zhejiang,0.4733451284557767,Power
2020-07-22,Zhejiang,0.4807171248731569,Power
2020-07-23,Zhejiang,0.4963139852179717,Power
2020-07-24,Zhejiang,0.5047035660464896,Power
2020-07-25,Zhejiang,0.4967532302875275,Power
2020-07-26,Zhejiang,0.4639013594603244,Power
2020-07-27,Zhejiang,0.4859844053322483,Power
2020-07-28,Zhejiang,0.49960832323964105,Power
2020-07-29,Zhejiang,0.5137410333526027,Power
2020-07-30,Zhejiang,0.5177857483680968,Power
2020-07-31,Zhejiang,0.5136751465921693,Power
2020-07-01,Hainan,0.04900394609199194,Power
2020-07-02,Hainan,0.04807946481515021,Power
2020-07-03,Hainan,0.047590902403382145,Power
2020-07-04,Hainan,0.04614604534842467,Power
2020-07-05,Hainan,0.044518261436967965,Power
2020-07-06,Hainan,0.04833624412924227,Power
2020-07-07,Hainan,0.05054727309040656,Power
2020-07-08,Hainan,0.05015718062209563,Power
2020-07-09,Hainan,0.04922891203973631,Power
2020-07-10,Hainan,0.048044242873836705,Power
2020-07-11,Hainan,0.047351923425222736,Power
2020-07-12,Hainan,0.04578397894094383,Power
2020-07-13,Hainan,0.048508187799740476,Power
2020-07-14,Hainan,0.050399568175220864,Power
2020-07-15,Hainan,0.04910582461041489,Power
2020-07-16,Hainan,0.04852598813567312,Power
2020-07-17,Hainan,0.04857181453243585,Power
2020-07-18,Hainan,0.04817073887812393,Power
2020-07-19,Hainan,0.046775116794895016,Power
2020-07-20,Hainan,0.04811468675646372,Power
2020-07-21,Hainan,0.04897592003116184,Power
2020-07-22,Hainan,0.049738683362402836,Power
2020-07-23,Hainan,0.05135245424344448,Power
2020-07-24,Hainan,0.052220504668074236,Power
2020-07-25,Hainan,0.05139790190965545,Power
2020-07-26,Hainan,0.04799879520762571,Power
2020-07-27,Hainan,0.05028367662638287,Power
2020-07-28,Hainan,0.051693311740026844,Power
2020-07-29,Hainan,0.0531555904003652,Power
2020-07-30,Hainan,0.053574087660058,Power
2020-07-31,Hainan,0.05314877325043356,Power
2020-07-01,Hubei,0.22279540561260566,Power
2020-07-02,Hubei,0.2185922710187393,Power
2020-07-03,Hubei,0.21637103233537688,Power
2020-07-04,Hubei,0.20980202026016173,Power
2020-07-05,Hubei,0.2024013350965248,Power
2020-07-06,Hubei,0.21975971274534375,Power
2020-07-07,Hubei,0.22981210920539777,Power
2020-07-08,Hubei,0.22803856203961226,Power
2020-07-09,Hubei,0.22381820854122372,Power
2020-07-10,Hubei,0.21843213520668298,Power
2020-07-11,Hubei,0.21528451946002677,Power
2020-07-12,Hubei,0.20815589298784046,Power
2020-07-13,Hubei,0.22054145101065112,Power
2020-07-14,Hubei,0.22914057192903237,Power
2020-07-15,Hubei,0.22325859414425253,Power
2020-07-16,Hubei,0.2206223798619054,Power
2020-07-17,Hubei,0.22083072860662387,Power
2020-07-18,Hubei,0.21900724661772406,Power
2020-07-19,Hubei,0.21266208030129735,Power
2020-07-20,Hubei,0.21875240683079566,Power
2020-07-21,Hubei,0.22266798571914148,Power
2020-07-22,Hubei,0.22613587308991037,Power
2020-07-23,Hubei,0.23347284830681522,Power
2020-07-24,Hubei,0.23741942122330092,Power
2020-07-25,Hubei,0.23367947516108142,Power
2020-07-26,Hubei,0.21822550835241666,Power
2020-07-27,Hubei,0.22861367345065342,Power
2020-07-28,Hubei,0.23502254971381223,Power
2020-07-29,Hubei,0.24167076874982943,Power
2020-07-30,Hubei,0.24357345769953131,Power
2020-07-31,Hubei,0.24163977472168952,Power
2020-07-01,Hunan,0.21009579141411758,Power
2020-07-02,Hunan,0.2061322407004468,Power
2020-07-03,Hunan,0.20403761537450035,Power
2020-07-04,Hunan,0.19784304512761222,Power
2020-07-05,Hunan,0.1908642081889162,Power
2020-07-06,Hunan,0.2072331368019908,Power
2020-07-07,Hunan,0.21671253420732053,Power
2020-07-08,Hunan,0.21504008142768888,Power
2020-07-09,Hunan,0.21106029330839063,Power
2020-07-10,Hunan,0.20598123282811118,Power
2020-07-11,Hunan,0.20301303507940566,Power
2020-07-12,Hunan,0.196290749149624,Power
2020-07-13,Hunan,0.2079703150174789,Power
2020-07-14,Hunan,0.21607927538784832,Power
2020-07-15,Hunan,0.2105325776254971,Power
2020-07-16,Hunan,0.2080466308239281,Power
2020-07-17,Hunan,0.20824310343202074,Power
2020-07-18,Hunan,0.20652356217606938,Power
2020-07-19,Hunan,0.20054007820233863,Power
2020-07-20,Hunan,0.2062832485727825,Power
2020-07-21,Hunan,0.20997563461247415,Power
2020-07-22,Hunan,0.21324584810585104,Power
2020-07-23,Hunan,0.22016460664372536,Power
2020-07-24,Hunan,0.22388622001354644,Power
2020-07-25,Hunan,0.2203594555112552,Power
2020-07-26,Hunan,0.20578638396058124,Power
2020-07-27,Hunan,0.21558241077564713,Power
2020-07-28,Hunan,0.2216259731501996,Power
2020-07-29,Hunan,0.22789523546297422,Power
2020-07-30,Hunan,0.22968946878481203,Power
2020-07-31,Hunan,0.22786600813284474,Power
2020-07-01,Gansu,0.1484403843625095,Power
2020-07-02,Gansu,0.14563999037356998,Power
2020-07-03,Gansu,0.1441600607358264,Power
2020-07-04,Gansu,0.13978336959784843,Power
2020-07-05,Gansu,0.1348525652699246,Power
2020-07-06,Gansu,0.14641781385759334,Power
2020-07-07,Gansu,0.15311535589259084,Power
2020-07-08,Gansu,0.15193370664695066,Power
2020-07-09,Gansu,0.14912184033523793,Power
2020-07-10,Gansu,0.14553329777177917,Power
2020-07-11,Gansu,0.14343615716883715,Power
2020-07-12,Gansu,0.13868661554072997,Power
2020-07-13,Gansu,0.14693865731149686,Power
2020-07-14,Gansu,0.15266793530443581,Power
2020-07-15,Gansu,0.14874898984510873,Power
2020-07-16,Gansu,0.14699257722853093,Power
2020-07-17,Gansu,0.1471313923340867,Power
2020-07-18,Gansu,0.14591647335240424,Power
2020-07-19,Gansu,0.14168892241047792,Power
2020-07-20,Gansu,0.14574668297536078,Power
2020-07-21,Gansu,0.14835548917398778,Power
2020-07-22,Gansu,0.15066601498051144,Power
2020-07-23,Gansu,0.15555437171417444,Power
2020-07-24,Gansu,0.15818382809379317,Power
2020-07-25,Gansu,0.15569203958745287,Power
2020-07-26,Gansu,0.1453956298985007,Power
2020-07-27,Gansu,0.15231688222757575,Power
2020-07-28,Gansu,0.15658688076376293,Power
2020-07-29,Gansu,0.16101634458649766,Power
2020-07-30,Gansu,0.1622840362529369,Power
2020-07-31,Gansu,0.1609956944055059,Power
2020-07-01,Fujian,0.31657544342363486,Power
2020-07-02,Fujian,0.3106031066325607,Power
2020-07-03,Fujian,0.30744689423580285,Power
2020-07-04,Fujian,0.2981128242407402,Power
2020-07-05,Fujian,0.2875970096041007,Power
2020-07-06,Fujian,0.312261953148066,Power
2020-07-07,Fujian,0.3265456492506023,Power
2020-07-08,Fujian,0.32402557268574916,Power
2020-07-09,Fujian,0.3180287691319094,Power
2020-07-10,Fujian,0.31037556573884095,Power
2020-07-11,Fujian,0.30590304150529585,Power
2020-07-12,Fujian,0.2957738017203522,Power
2020-07-13,Fujian,0.31337274417762256,Power
2020-07-14,Fujian,0.32559144550274527,Power
2020-07-15,Fujian,0.31723359934202855,Power
2020-07-16,Fujian,0.3134877379626207,Power
2020-07-17,Fujian,0.313783785792084,Power
2020-07-18,Fujian,0.31119275561521076,Power
2020-07-19,Fujian,0.3021767535361004,Power
2020-07-20,Fujian,0.3108306475262804,Power
2020-07-21,Fujian,0.3163943893791697,Power
2020-07-22,Fujian,0.3213219954001544,Power
2020-07-23,Fujian,0.3317472830145613,Power
2020-07-24,Fujian,0.3373550650404285,Power
2020-07-25,Fujian,0.33204088416774796,Power
2020-07-26,Fujian,0.3100819645856541,Power
2020-07-27,Fujian,0.3248427625621191,Power
2020-07-28,Fujian,0.33394929166346204,Power
2020-07-29,Fujian,0.34339590876724635,Power
2020-07-30,Fujian,0.34609948605284113,Power
2020-07-31,Fujian,0.34335186859426836,Power
2020-07-01,Tibet,0.0013739724158121555,Power
2020-07-02,Tibet,0.0013480518140114178,Power
2020-07-03,Tibet,0.0013343535033506428,Power
2020-07-04,Tibet,0.0012938426078693585,Power
2020-07-05,Tibet,0.0012482028100243886,Power
2020-07-06,Tibet,0.00135525139124243,Power
2020-07-07,Tibet,0.0014172442111165418,Power
2020-07-08,Tibet,0.0014063068002788687,Power
2020-07-09,Tibet,0.0013802800100233964,Power
2020-07-10,Tibet,0.0013470642613823854,Power
2020-07-11,Tibet,0.001327653011856884,Power
2020-07-12,Tibet,0.0012836909915967221,Power
2020-07-13,Tibet,0.0013600723470873848,Power
2020-07-14,Tibet,0.0014131028613818888,Power
2020-07-15,Tibet,0.0013768288852445186,Power
2020-07-16,Tibet,0.0013605714328246378,Power
2020-07-17,Tibet,0.0013618563131269274,Power
2020-07-18,Tibet,0.0013506109557705238,Power
2020-07-19,Tibet,0.0013114805102007905,Power
2020-07-20,Tibet,0.0013490393666404504,Power
2020-07-21,Tibet,0.001373186621247119,Power
2020-07-22,Tibet,0.0013945729760306857,Power
2020-07-23,Tibet,0.0014398198765931372,Power
2020-07-24,Tibet,0.0014641582704183278,Power
2020-07-25,Tibet,0.0014410941380499532,Power
2020-07-26,Tibet,0.0013457899999255688,Power
2020-07-27,Tibet,0.0014098534946670076,Power
2020-07-28,Tibet,0.0014493768375192593,Power
2020-07-29,Tibet,0.001490376199892323,Power
2020-07-30,Tibet,0.001502110024140506,Power
2020-07-31,Tibet,0.0014901850606738006,Power
2020-07-01,Guizhou,0.12840542677586544,Power
2020-07-02,Guizhou,0.12598300118841751,Power
2020-07-03,Guizhou,0.1247028172442111,Power
2020-07-04,Guizhou,0.12091684689758521,Power
2020-07-05,Guizhou,0.11665155186487271,Power
2020-07-06,Guizhou,0.12665584205211672,Power
2020-07-07,Guizhou,0.13244941869264149,Power
2020-07-08,Guizhou,0.1314272563185852,Power
2020-07-09,Guizhou,0.12899490682459305,Power
2020-07-10,Guizhou,0.12589070885755616,Power
2020-07-11,Guizhou,0.12407661874126985,Power
2020-07-12,Guizhou,0.11996812143195629,Power
2020-07-13,Guizhou,0.127106387409225,Power
2020-07-14,Guizhou,0.1320623863374163,Power
2020-07-15,Guizhou,0.12867237986190538,Power
2020-07-16,Guizhou,0.1271530297699829,Power
2020-07-17,Guizhou,0.12727310903916814,Power
2020-07-18,Guizhou,0.1262221673361336,Power
2020-07-19,Guizhou,0.12256520777458275,Power
2020-07-20,Guizhou,0.1260752935192789,Power
2020-07-21,Guizhou,0.1283319898674381,Power
2020-07-22,Guizhou,0.13033066464544718,Power
2020-07-23,Guizhou,0.13455924122394602,Power
2020-07-24,Guizhou,0.1368338006038848,Power
2020-07-25,Guizhou,0.13467832810247682,Power
2020-07-26,Guizhou,0.1257716219790253,Power
2020-07-27,Guizhou,0.1317587147971627,Power
2020-07-28,Guizhou,0.13545239281292723,Power
2020-07-29,Guizhou,0.1392840131296566,Power
2020-07-30,Guizhou,0.14038060480279463,Power
2020-07-31,Guizhou,0.139266150097877,Power
2020-07-01,Liaoning,0.46165473171288424,Power
2020-07-02,Liaoning,0.45294540950783635,Power
2020-07-03,Liaoning,0.44834277712581594,Power
2020-07-04,Liaoning,0.4347311162441045,Power
2020-07-05,Liaoning,0.41939614416819454,Power
2020-07-06,Liaoning,0.45536446745745646,Power
2020-07-07,Liaoning,0.47619405493515804,Power
2020-07-08,Liaoning,0.47251908489369987,Power
2020-07-09,Liaoning,0.46377408336786113,Power
2020-07-10,Liaoning,0.45261359182448146,Power
2020-07-11,Liaoning,0.446091411983913,Power
2020-07-12,Liaoning,0.4313201731764986,Power
2020-07-13,Liaoning,0.45698430862136125,Power
2020-07-14,Liaoning,0.4748025614243146,Power
2020-07-15,Liaoning,0.46261450544215826,Power
2020-07-16,Liaoning,0.45715200142907825,Power
2020-07-17,Liaoning,0.4575837212106476,Power
2020-07-18,Liaoning,0.453805281138896,Power
2020-07-19,Liaoning,0.4406574514274656,Power
2020-07-20,Liaoning,0.4532772271911913,Power
2020-07-21,Liaoning,0.46139070473903193,Power
2020-07-22,Liaoning,0.46857651994631033,Power
2020-07-23,Liaoning,0.48377947853529407,Power
2020-07-24,Liaoning,0.4919571788605581,Power
2020-07-25,Liaoning,0.48420763038478426,Power
2020-07-26,Liaoning,0.4521854399749911,Power
2020-07-27,Liaoning,0.4737107742081145,Power
2020-07-28,Liaoning,0.4869906174064711,Power
2020-07-29,Liaoning,0.5007664031638205,Power
2020-07-30,Liaoning,0.50470896811121,Power
2020-07-31,Liaoning,0.500702180386397,Power
2020-07-01,Chongqing,0.058371356160543036,Power
2020-07-02,Chongqing,0.05727015451908786,Power
2020-07-03,Chongqing,0.0566882003537961,Power
2020-07-04,Chongqing,0.05496714985721622,Power
2020-07-05,Chongqing,0.053028204894096855,Power
2020-07-06,Chongqing,0.05757601880131098,Power
2020-07-07,Chongqing,0.06020969974470111,Power
2020-07-08,Chongqing,0.059745038666987535,Power
2020-07-09,Chongqing,0.0586393257529332,Power
2020-07-10,Chongqing,0.057228199683915675,Power
2020-07-11,Chongqing,0.05640353905278905,Power
2020-07-12,Chongqing,0.05453587219673644,Power
2020-07-13,Chongqing,0.057780830577312876,Power
2020-07-14,Chongqing,0.06003376011333383,Power
2020-07-15,Chongqing,0.05849270939346046,Power
2020-07-16,Chongqing,0.057802033558528934,Power
2020-07-17,Chongqing,0.05785661995697877,Power
2020-07-18,Chongqing,0.05737887618872764,Power
2020-07-19,Chongqing,0.05571647223593685,Power
2020-07-20,Chongqing,0.05731210935426006,Power
2020-07-21,Chongqing,0.05833797274330925,Power
2020-07-22,Chongqing,0.05924654304478026,Power
2020-07-23,Chongqing,0.061168796299282735,Power
2020-07-24,Chongqing,0.0622027799790104,Power
2020-07-25,Chongqing,0.06122293157047265,Power
2020-07-26,Chongqing,0.05717406441272573,Power
2020-07-27,Chongqing,0.059895715171799514,Power
2020-07-28,Chongqing,0.06157481083320721,Power
2020-07-29,Chongqing,0.06331661318374324,Power
2020-07-30,Chongqing,0.06381510880595051,Power
2020-07-31,Chongqing,0.06330849289306474,Power
2020-07-01,Shaanxi,0.44155556980774424,Power
2020-07-02,Shaanxi,0.43322542724726276,Power
2020-07-03,Shaanxi,0.4288231806667543,Power
2020-07-04,Shaanxi,0.415804133608894,Power
2020-07-05,Shaanxi,0.40113680352902936,Power
2020-07-06,Shaanxi,0.4355391661477161,Power
2020-07-07,Shaanxi,0.45546189137020315,Power
2020-07-08,Shaanxi,0.4519469192942933,Power
2020-07-09,Shaanxi,0.44358265079132725,Power
2020-07-10,Shaanxi,0.43290805598215637,Power
2020-07-11,Shaanxi,0.4266698336959785,Power
2020-07-12,Shaanxi,0.4125416935073699,Power
2020-07-13,Shaanxi,0.43708848393651517,Power
2020-07-14,Shaanxi,0.45413097961330523,Power
2020-07-15,Shaanxi,0.44247355766057894,Power
2020-07-16,Shaanxi,0.4372488758661926,Power
2020-07-17,Shaanxi,0.43766179977025577,Power
2020-07-18,Shaanxi,0.4340478624611407,Power
2020-07-19,Shaanxi,0.42147245265557975,Power
2020-07-20,Shaanxi,0.43354279851236915,Power
2020-07-21,Shaanxi,0.4413030378333585,Power
2020-07-22,Shaanxi,0.44817600264974927,Power
2020-07-23,Shaanxi,0.4627170667424211,Power
2020-07-24,Shaanxi,0.4705387327598825,Power
2020-07-25,Shaanxi,0.4631265780522357,Power
2020-07-26,Shaanxi,0.43249854467234156,Power
2020-07-27,Shaanxi,0.45308672577327774,Power
2020-07-28,Shaanxi,0.46578840156603163,Power
2020-07-29,Shaanxi,0.47896442795932087,Power
2020-07-30,Shaanxi,0.4827353446038649,Power
2020-07-31,Shaanxi,0.4789030012628487,Power
2020-07-01,Qinghai,0.020044588234418455,Power
2020-07-02,Qinghai,0.019666438146465636,Power
2020-07-03,Qinghai,0.019466596436732275,Power
2020-07-04,Qinghai,0.018875591690505317,Power
2020-07-05,Qinghai,0.018209762490168886,Power
2020-07-06,Qinghai,0.019771471231116198,Power
2020-07-07,Qinghai,0.020675871154700206,Power
2020-07-08,Qinghai,0.020516307619021627,Power
2020-07-09,Qinghai,0.02013660837052824,Power
2020-07-10,Qinghai,0.01965203095343835,Power
2020-07-11,Qinghai,0.01936884440662239,Power
2020-07-12,Qinghai,0.018727491942826947,Power
2020-07-13,Qinghai,0.019841803119658014,Power
2020-07-14,Qinghai,0.020615453893618022,Power
2020-07-15,Qinghai,0.020086260652959754,Power
2020-07-16,Qinghai,0.019849084174198686,Power
2020-07-17,Qinghai,0.019867829016739568,Power
2020-07-18,Qinghai,0.019703772915493342,Power
2020-07-19,Qinghai,0.019132907256293775,Power
2020-07-20,Qinghai,0.019680845339492926,Power
2020-07-21,Qinghai,0.02003312444641825,Power
2020-07-22,Qinghai,0.020345125379288787,Power
2020-07-23,Qinghai,0.021005222685625116,Power
2020-07-24,Qinghai,0.021360290281523458,Power
2020-07-25,Qinghai,0.021023812612111933,Power
2020-07-26,Qinghai,0.019633441026951522,Power
2020-07-27,Qinghai,0.020568049581076626,Power
2020-07-28,Qinghai,0.021144647134276297,Power
2020-07-29,Qinghai,0.02174277801898987,Power
2020-07-30,Qinghai,0.02191396025872271,Power
2020-07-31,Qinghai,0.021739989530016848,Power
2020-07-01,Heilongjiang,0.190757450683154,Power
2020-07-02,Heilongjiang,0.18715872638361322,Power
2020-07-03,Heilongjiang,0.1852569015796773,Power
2020-07-04,Heilongjiang,0.17963251272152575,Power
2020-07-05,Heilongjiang,0.1732960452739935,Power
2020-07-06,Heilongjiang,0.18815829011777493,Power
2020-07-07,Heilongjiang,0.19676515306768025,Power
2020-07-08,Heilongjiang,0.19524664179011902,Power
2020-07-09,Heilongjiang,0.1916331746626408,Power
2020-07-10,Heilongjiang,0.18702161808379464,Power
2020-07-11,Heilongjiang,0.18432662913682185,Power
2020-07-12,Heilongjiang,0.17822309837070194,Power
2020-07-13,Heilongjiang,0.18882761450613686,Power
2020-07-14,Heilongjiang,0.19619018277811823,Power
2020-07-15,Heilongjiang,0.1911540327546724,Power
2020-07-16,Heilongjiang,0.18889690579744306,Power
2020-07-17,Heilongjiang,0.18907529401548664,Power
2020-07-18,Heilongjiang,0.1875140285369067,Power
2020-07-19,Heilongjiang,0.1820812964419425,Power
2020-07-20,Heilongjiang,0.1872958346834319,Power
2020-07-21,Heilongjiang,0.1906483537564166,Power
2020-07-22,Heilongjiang,0.19361755930302663,Power
2020-07-23,Heilongjiang,0.19989947828719018,Power
2020-07-24,Heilongjiang,0.20327853445046234,Power
2020-07-25,Heilongjiang,0.20007639222244,Power
2020-07-26,Heilongjiang,0.18684470414854476,Power
2020-07-27,Heilongjiang,0.19573905224323113,Power
2020-07-28,Heilongjiang,0.20122633280156407,Power
2020-07-29,Heilongjiang,0.20691853866822807,Power
2020-07-30,Heilongjiang,0.20854762115532047,Power
2020-07-31,Heilongjiang,0.2068920015779406,Power
2020-08-01,Shanghai,0.15402190827404214,Power
2020-08-02,Shanghai,0.1532183609794042,Power
2020-08-03,Shanghai,0.16754074268876046,Power
2020-08-04,Shanghai,0.16822658728108522,Power
2020-08-05,Shanghai,0.16928364808839766,Power
2020-08-06,Shanghai,0.1706564690298002,Power
2020-08-07,Shanghai,0.1689350670084702,Power
2020-08-08,Shanghai,0.16425525283476902,Power
2020-08-09,Shanghai,0.16312575959526393,Power
2020-08-10,Shanghai,0.1707198474079688,Power
2020-08-11,Shanghai,0.17381407037070135,Power
2020-08-12,Shanghai,0.1681315197138323,Power
2020-08-13,Shanghai,0.16570276972187034,Power
2020-08-14,Shanghai,0.17150075956754654,Power
2020-08-15,Shanghai,0.17024450957170412,Power
2020-08-16,Shanghai,0.1671604724197487,Power
2020-08-17,Shanghai,0.17763714468237304,Power
2020-08-18,Shanghai,0.17587386766118165,Power
2020-08-19,Shanghai,0.16778293863390487,Power
2020-08-20,Shanghai,0.15914423933817065,Power
2020-08-21,Shanghai,0.1567256751569858,Power
2020-08-22,Shanghai,0.15620733056410668,Power
2020-08-23,Shanghai,0.1566826684003714,Power
2020-08-24,Shanghai,0.16421337783490766,Power
2020-08-25,Shanghai,0.16805795552488656,Power
2020-08-26,Shanghai,0.16139304000640384,Power
2020-08-27,Shanghai,0.156440472455227,Power
2020-08-28,Shanghai,0.15933437447267654,Power
2020-08-29,Shanghai,0.15887940825796604,Power
2020-08-30,Shanghai,0.1570312494802988,Power
2020-08-31,Shanghai,0.16205851297717438,Power
2020-08-01,Yunnan,0.007848961273918174,Power
2020-08-02,Yunnan,0.007808012478593856,Power
2020-08-03,Yunnan,0.008537881499480133,Power
2020-08-04,Yunnan,0.008572832161404835,Power
2020-08-05,Yunnan,0.008626700013282178,Power
2020-08-06,Yunnan,0.00869665901149119,Power
2020-08-07,Yunnan,0.008608936310521769,Power
2020-08-08,Yunnan,0.008370452833527319,Power
2020-08-09,Yunnan,0.008312893822634827,Power
2020-08-10,Yunnan,0.008699888775629447,Power
2020-08-11,Yunnan,0.008857570474807881,Power
2020-08-12,Yunnan,0.008567987515197452,Power
2020-08-13,Yunnan,0.008444218339470705,Power
2020-08-14,Yunnan,0.008739684083761532,Power
2020-08-15,Yunnan,0.008675665544592526,Power
2020-08-16,Yunnan,0.008518502914650597,Power
2020-08-17,Yunnan,0.009052394461576262,Power
2020-08-18,Yunnan,0.008962537809301205,Power
2020-08-19,Yunnan,0.008550223812437042,Power
2020-08-20,Yunnan,0.008109995425520806,Power
2020-08-21,Yunnan,0.007986745319030568,Power
2020-08-22,Yunnan,0.0079603304623284,Power
2020-08-23,Yunnan,0.007984553693365322,Power
2020-08-24,Yunnan,0.008368318882221688,Power
2020-08-25,Yunnan,0.008564238681822689,Power
2020-08-26,Yunnan,0.008224594378069288,Power
2020-08-27,Yunnan,0.007972211380408415,Power
2020-08-28,Yunnan,0.008119684717935574,Power
2020-08-29,Yunnan,0.008096499625371664,Power
2020-08-30,Yunnan,0.00800231739612573,Power
2020-08-31,Yunnan,0.008258506901520976,Power
2020-08-01,InnerMongolia,1.120696478271889,Power
2020-08-02,InnerMongolia,1.1148496956075464,Power
2020-08-03,InnerMongolia,1.2190624204205813,Power
2020-08-04,InnerMongolia,1.2240527729481752,Power
2020-08-05,InnerMongolia,1.2317441743685922,Power
2020-08-06,InnerMongolia,1.2417331143289407,Power
2020-08-07,InnerMongolia,1.2292078235789898,Power
2020-08-08,InnerMongolia,1.1951564907380652,Power
2020-08-09,InnerMongolia,1.1869380553873419,Power
2020-08-10,InnerMongolia,1.2421942690179593,Power
2020-08-11,InnerMongolia,1.2647084997282587,Power
2020-08-12,InnerMongolia,1.2233610409146476,Power
2020-08-13,InnerMongolia,1.2056889344390431,Power
2020-08-14,InnerMongolia,1.2478763535790809,Power
2020-08-15,InnerMongolia,1.2387356088503199,Power
2020-08-16,InnerMongolia,1.21629549228647,Power
2020-08-17,InnerMongolia,1.2925260093622715,Power
2020-08-18,InnerMongolia,1.279696027121362,Power
2020-08-19,InnerMongolia,1.2208246901250452,Power
2020-08-20,InnerMongolia,1.1579676590307824,Power
2020-08-21,InnerMongolia,1.1403696667016274,Power
2020-08-22,InnerMongolia,1.1365980801378686,Power
2020-08-23,InnerMongolia,1.140056740305508,Power
2020-08-24,InnerMongolia,1.1948517992471068,Power
2020-08-25,InnerMongolia,1.2228257720791793,Power
2020-08-26,InnerMongolia,1.1743304155857806,Power
2020-08-27,InnerMongolia,1.138294470601044,Power
2020-08-28,InnerMongolia,1.1593511230978382,Power
2020-08-29,InnerMongolia,1.1560406912230978,Power
2020-08-30,InnerMongolia,1.1425930910951099,Power
2020-08-31,InnerMongolia,1.1791725398204753,Power
2020-08-01,Beijing,0.06318398737151046,Power
2020-08-02,Beijing,0.06285435035632377,Power
2020-08-03,Beijing,0.06872978194391195,Power
2020-08-04,Beijing,0.0690111341005361,Power
2020-08-05,Beijing,0.06944476927262676,Power
2020-08-06,Beijing,0.07000793786336121,Power
2020-08-07,Beijing,0.0693017718068838,Power
2020-08-08,Beijing,0.06738198440153594,Power
2020-08-09,Beijing,0.06691863547032986,Power
2020-08-10,Beijing,0.0700339374025872,Power
2020-08-11,Beijing,0.07130327204979907,Power
2020-08-12,Beijing,0.06897213479169712,Power
2020-08-13,Beijing,0.06797579530635817,Power
2020-08-14,Beijing,0.07035428886805033,Power
2020-08-15,Beijing,0.06983894085839225,Power
2020-08-16,Beijing,0.06857378470855599,Power
2020-08-17,Beijing,0.07287160139810984,Power
2020-08-18,Beijing,0.07214825707464383,Power
2020-08-19,Beijing,0.06882913732595415,Power
2020-08-20,Beijing,0.0652853072739541,Power
2020-08-21,Beijing,0.06429314628599075,Power
2020-08-22,Beijing,0.06408050719732103,Power
2020-08-23,Beijing,0.06427550374151599,Power
2020-08-24,Beijing,0.06736480613454734,Power
2020-08-25,Beijing,0.0689419567550955,Power
2020-08-26,Beijing,0.06620782663899066,Power
2020-08-27,Beijing,0.0641761483594738,Power
2020-08-28,Beijing,0.06536330589163207,Power
2020-08-29,Beijing,0.06517666634218834,Power
2020-08-30,Beijing,0.06441850120725894,Power
2020-08-31,Beijing,0.06648082180086358,Power
2020-08-01,Jilin,0.1499178762353921,Power
2020-08-02,Jilin,0.14913574007556427,Power
2020-08-03,Jilin,0.16307649092432638,Power
2020-08-04,Jilin,0.16374406066074282,Power
2020-08-05,Jilin,0.1647729552709952,Power
2020-08-06,Jilin,0.16610919634405316,Power
2020-08-07,Jilin,0.16443366240166143,Power
2020-08-08,Jilin,0.1598785454708332,Power
2020-08-09,Jilin,0.15877914844617383,Power
2020-08-10,Jilin,0.1661708859566593,Power
2020-08-11,Jilin,0.169182660972109,Power
2020-08-12,Jilin,0.16365152624183363,Power
2020-08-13,Jilin,0.16128749215874838,Power
2020-08-14,Jilin,0.16693099011198495,Power
2020-08-15,Jilin,0.16570821386211326,Power
2020-08-16,Jilin,0.16270635324868957,Power
2020-08-17,Jilin,0.17290386653252923,Power
2020-08-18,Jilin,0.17118757338180846,Power
2020-08-19,Jilin,0.16331223337249987,Power
2020-08-20,Jilin,0.1549037188542382,Power
2020-08-21,Jilin,0.15254959917317895,Power
2020-08-22,Jilin,0.15204506627007874,Power
2020-08-23,Jilin,0.1525077383646248,Power
2020-08-24,Jilin,0.15983778626250417,Power
2020-08-25,Jilin,0.16357992222720147,Power
2020-08-26,Jilin,0.157092598501531,Power
2020-08-27,Jilin,0.15227199591645135,Power
2020-08-28,Jilin,0.1550887876920566,Power
2020-08-29,Jilin,0.15464594440156254,Power
2020-08-30,Jilin,0.15284703123395854,Power
2020-08-31,Jilin,0.15774033943389543,Power
2020-08-01,Sichuan,0.044106273733021145,Power
2020-08-02,Sichuan,0.04387616700773847,Power
2020-08-03,Sichuan,0.047977576315417755,Power
2020-08-04,Sichuan,0.04817397726685622,Power
2020-08-05,Sichuan,0.04847668104349569,Power
2020-08-06,Sichuan,0.04886980704035187,Power
2020-08-07,Sichuan,0.048376860097880094,Power
2020-08-08,Sichuan,0.04703673149359294,Power
2020-08-09,Sichuan,0.046713285702280116,Power
2020-08-10,Sichuan,0.04888795630319106,Power
2020-08-11,Sichuan,0.049774029242519016,Power
2020-08-12,Sichuan,0.048146753372597426,Power
2020-08-13,Sichuan,0.04745124769308104,Power
2020-08-14,Sichuan,0.04911158114888832,Power
2020-08-15,Sichuan,0.04875183683189708,Power
2020-08-16,Sichuan,0.047868680738382574,Power
2020-08-17,Sichuan,0.05086881870449773,Power
2020-08-18,Sichuan,0.05036388028479292,Power
2020-08-19,Sichuan,0.04804693242698184,Power
2020-08-20,Sichuan,0.04557312308320341,Power
2020-08-21,Sichuan,0.04488053424950047,Power
2020-08-22,Sichuan,0.044732099206994176,Power
2020-08-23,Sichuan,0.04486821867828816,Power
2020-08-24,Sichuan,0.047024740016359916,Power
2020-08-25,Sichuan,0.048125687263944776,Power
2020-08-26,Sichuan,0.04621709782001564,Power
2020-08-27,Sichuan,0.044798862566724086,Power
2020-08-28,Sichuan,0.045627570871721,Power
2020-08-29,Sichuan,0.045497285092053905,Power
2020-08-30,Sichuan,0.04496803962390374,Power
2020-08-31,Sichuan,0.0464076650798272,Power
2020-08-01,Tianjin,0.16609259074065985,Power
2020-08-02,Tianjin,0.16522606952010988,Power
2020-08-03,Tianjin,0.18067089493709593,Power
2020-08-04,Tianjin,0.1814104891056217,Power
2020-08-05,Tianjin,0.1825503916689931,Power
2020-08-06,Tianjin,0.18403080045846792,Power
2020-08-07,Tianjin,0.18217449232261365,Power
2020-08-08,Tianjin,0.17712792155222742,Power
2020-08-09,Tianjin,0.17590991003376424,Power
2020-08-10,Tianjin,0.18409914579417327,Power
2020-08-11,Tianjin,0.1874358627195024,Power
2020-08-12,Tianjin,0.1813079711020637,Power
2020-08-13,Tianjin,0.17868888020164075,Power
2020-08-14,Tianjin,0.1849412579662571,Power
2020-08-15,Tianjin,0.18358655577638314,Power
2020-08-16,Tianjin,0.18026082292286383,Power
2020-08-17,Tianjin,0.19155855100544306,Power
2020-08-18,Tianjin,0.1896570861299263,Power
2020-08-19,Tianjin,0.18093207175568424,Power
2020-08-20,Tianjin,0.1716163584085602,Power
2020-08-21,Tianjin,0.1690082515799471,Power
2020-08-22,Tianjin,0.16844928437007117,Power
2020-08-23,Tianjin,0.1689618743878613,Power
2020-08-24,Tianjin,0.17708276481256502,Power
2020-08-25,Tianjin,0.18122864169454853,Power
2020-08-26,Tianjin,0.17404139737367688,Power
2020-08-27,Tianjin,0.168700697569273,Power
2020-08-28,Tianjin,0.17182139441567626,Power
2020-08-29,Tianjin,0.1713307725415057,Power
2020-08-30,Tianjin,0.16933777373424072,Power
2020-08-31,Tianjin,0.17475902339858304,Power
2020-08-01,Ningxia,0.2800247448724479,Power
2020-08-02,Ningxia,0.27856382850869543,Power
2020-08-03,Ningxia,0.3046031194710722,Power
2020-08-04,Ningxia,0.3058500424519652,Power
2020-08-05,Ningxia,0.3077718676403382,Power
2020-08-06,Ningxia,0.31026777123080546,Power
2020-08-07,Ningxia,0.307138118006485,Power
2020-08-08,Ningxia,0.2986298234091378,Power
2020-08-09,Ningxia,0.29657630998515905,Power
2020-08-10,Ningxia,0.31038299843696054,Power
2020-08-11,Ningxia,0.31600855525174826,Power
2020-08-12,Ningxia,0.30567720164273254,Power
2020-08-13,Ningxia,0.30126153049257365,Power
2020-08-14,Ningxia,0.31180276222708625,Power
2020-08-15,Ningxia,0.3095187943907971,Power
2020-08-16,Ningxia,0.30391175623414146,Power
2020-08-17,Ningxia,0.3229592249373199,Power
2020-08-18,Ningxia,0.3197534394517898,Power
2020-08-19,Ningxia,0.30504345200887933,Power
2020-08-20,Ningxia,0.2893375722841996,Power
2020-08-21,Ningxia,0.28494041979217277,Power
2020-08-22,Ningxia,0.28399802585611833,Power
2020-08-23,Ningxia,0.2848622299022818,Power
2020-08-24,Ningxia,0.29855369114792824,Power
2020-08-25,Ningxia,0.30554345577844527,Power
2020-08-26,Ningxia,0.2934260804740252,Power
2020-08-27,Ningxia,0.2844218973644747,Power
2020-08-28,Ningxia,0.28968325390266497,Power
2020-08-29,Ningxia,0.2888560871727657,Power
2020-08-30,Ningxia,0.285495979536135,Power
2020-08-31,Ningxia,0.29463596613865395,Power
2020-08-01,Anhui,0.6430988027858424,Power
2020-08-02,Anhui,0.639743693704581,Power
2020-08-03,Anhui,0.6995449689487546,Power
2020-08-04,Anhui,0.7024086254321974,Power
2020-08-05,Anhui,0.7068222478010682,Power
2020-08-06,Anhui,0.7125542862737021,Power
2020-08-07,Anhui,0.7053667920306054,Power
2020-08-08,Anhui,0.6858268257615687,Power
2020-08-09,Anhui,0.6811107710248099,Power
2020-08-10,Anhui,0.7128189145956044,Power
2020-08-11,Anhui,0.725738447311335,Power
2020-08-12,Anhui,0.7020116829493441,Power
2020-08-13,Anhui,0.6918707476135877,Power
2020-08-14,Anhui,0.7160795135619007,Power
2020-08-15,Anhui,0.7108342021813371,Power
2020-08-16,Anhui,0.6979571990173408,Power
2020-08-17,Anhui,0.7417012057289422,Power
2020-08-18,Anhui,0.73433886777316,Power
2020-08-19,Anhui,0.7005562271788813,Power
2020-08-20,Anhui,0.6644864418024469,Power
2020-08-21,Anhui,0.6543880360184249,Power
2020-08-22,Anhui,0.6522237543857238,Power
2020-08-23,Anhui,0.6542084667999912,Power
2020-08-24,Anhui,0.6856519820488834,Power
2020-08-25,Anhui,0.7017045250757074,Power
2020-08-26,Anhui,0.6738760217242307,Power
2020-08-27,Anhui,0.6531972085698645,Power
2020-08-28,Anhui,0.6652803267681539,Power
2020-08-29,Anhui,0.6633806734573551,Power
2020-08-30,Anhui,0.6556639225704538,Power
2020-08-31,Anhui,0.6766546191042049,Power
2020-08-01,Shandong,1.3070617802152336,Power
2020-08-02,Shandong,1.3002427116217719,Power
2020-08-03,Shandong,1.421785406058757,Power
2020-08-04,Shandong,1.4276056251681062,Power
2020-08-05,Shandong,1.4365760618811956,Power
2020-08-06,Shandong,1.4482261044218563,Power
2020-08-07,Shandong,1.4336179307167076,Power
2020-08-08,Shandong,1.3939040594012644,Power
2020-08-09,Shandong,1.3843189460825676,Power
2020-08-10,Shandong,1.4487639464517632,Power
2020-08-11,Shandong,1.4750221626975728,Power
2020-08-12,Shandong,1.4267988621232461,Power
2020-08-13,Shandong,1.4061879871914584,Power
2020-08-14,Shandong,1.4553909286059727,Power
2020-08-15,Shandong,1.4447301312274619,Power
2020-08-16,Shandong,1.418558353879316,Power
2020-08-17,Shandong,1.5074655622873108,Power
2020-08-18,Shandong,1.4925020286695452,Power
2020-08-19,Shandong,1.4238407309587584,Power
2020-08-20,Shandong,1.3505309414180622,Power
2020-08-21,Shandong,1.3300065053839383,Power
2020-08-22,Shandong,1.3256077259250572,Power
2020-08-23,Shandong,1.3296415411493587,Power
2020-08-24,Shandong,1.3935486994886477,Power
2020-08-25,Shandong,1.4261745811956754,Power
2020-08-26,Shandong,1.3696147291577927,Power
2020-08-27,Shandong,1.3275862162493577,Power
2020-08-28,Shandong,1.3521444675077827,Power
2020-08-29,Shandong,1.3482835300788085,Power
2020-08-30,Shandong,1.3325996723138462,Power
2020-08-31,Shandong,1.3752620704718146,Power
2020-08-01,Shanxi,0.6369337017160174,Power
2020-08-02,Shanxi,0.6336107565674156,Power
2020-08-03,Shanxi,0.6928387436879172,Power
2020-08-04,Shanxi,0.6956749475753154,Power
2020-08-05,Shanxi,0.7000462585172791,Power
2020-08-06,Shanxi,0.70572334649651,Power
2020-08-07,Shanxi,0.6986047555514067,Power
2020-08-08,Shanxi,0.6792521102141269,Power
2020-08-09,Shanxi,0.6745812661883459,Power
2020-08-10,Shanxi,0.7059854379448505,Power
2020-08-11,Shanxi,0.7187811168691849,Power
2020-08-12,Shanxi,0.6952818104028049,Power
2020-08-13,Shanxi,0.6852380916860449,Power
2020-08-14,Shanxi,0.7092147790047594,Power
2020-08-15,Shanxi,0.7040197520822973,Power
2020-08-16,Shanxi,0.6912661949978747,Power
2020-08-17,Shanxi,0.7345908474494341,Power
2020-08-18,Shanxi,0.7272990889402486,Power
2020-08-19,Shanxi,0.6938403074369325,Power
2020-08-20,Shanxi,0.6581163069872454,Power
2020-08-21,Shanxi,0.6481147101103975,Power
2020-08-22,Shanxi,0.6459711764793274,Power
2020-08-23,Shanxi,0.6479368623418807,Power
2020-08-24,Shanxi,0.679078942650045,Power
2020-08-25,Shanxi,0.6949775971145524,Power
2020-08-26,Shanxi,0.667415873198896,Power
2020-08-27,Shanxi,0.6469352985928656,Power
2020-08-28,Shanxi,0.6589025813322668,Power
2020-08-29,Shanxi,0.6570211391495372,Power
2020-08-30,Shanxi,0.6493783653077531,Power
2020-08-31,Shanxi,0.6701678334064703,Power
2020-08-01,Guangdong,0.5989291579698715,Power
2020-08-02,Guangdong,0.5958044862270038,Power
2020-08-03,Guangdong,0.6514984593340329,Power
2020-08-04,Guangdong,0.6541654326807623,Power
2020-08-05,Guangdong,0.6582759163537742,Power
2020-08-06,Guangdong,0.6636142639933497,Power
2020-08-07,Guangdong,0.6569204249498259,Power
2020-08-08,Guangdong,0.638722512757209,Power
2020-08-09,Guangdong,0.6343303685327275,Power
2020-08-10,Guangdong,0.6638607169758857,Power
2020-08-11,Guangdong,0.6758929036589847,Power
2020-08-12,Guangdong,0.6537957532069584,Power
2020-08-13,Guangdong,0.6443513228404877,Power
2020-08-14,Guangdong,0.6668973697964191,Power
2020-08-15,Guangdong,0.6620123196068652,Power
2020-08-16,Guangdong,0.6500197414388167,Power
2020-08-17,Guangdong,0.6907592996412482,Power
2020-08-18,Guangdong,0.6839026255914061,Power
2020-08-19,Guangdong,0.6524402618030101,Power
2020-08-20,Guangdong,0.6188478400941239,Power
2020-08-21,Guangdong,0.6094430182427037,Power
2020-08-22,Guangdong,0.6074273849212483,Power
2020-08-23,Guangdong,0.6092757822902686,Power
2020-08-24,Guangdong,0.6385596777508907,Power
2020-08-25,Guangdong,0.6535096917093717,Power
2020-08-26,Guangdong,0.6275925200280368,Power
2020-08-27,Guangdong,0.6083339798212916,Power
2020-08-28,Guangdong,0.619587199041732,Power
2020-08-29,Guangdong,0.6178180187028125,Power
2020-08-30,Guangdong,0.6106312736942168,Power
2020-08-31,Guangdong,0.6301802763446651,Power
2020-08-01,Guangxi,0.17395362269704467,Power
2020-08-02,Guangxi,0.17304608970724444,Power
2020-08-03,Guangxi,0.1892219065888244,Power
2020-08-04,Guangxi,0.18999650516885108,Power
2020-08-05,Guangxi,0.19119035842585588,Power
2020-08-06,Guangxi,0.19274083380138782,Power
2020-08-07,Guangxi,0.19079666805844958,Power
2020-08-08,Guangxi,0.18551124705447222,Power
2020-08-09,Guangxi,0.1842355880068376,Power
2020-08-10,Guangxi,0.19281241386818895,Power
2020-08-11,Guangxi,0.1963070549866591,Power
2020-08-12,Guangxi,0.18988913506864938,Power
2020-08-13,Guangxi,0.18714608465159124,Power
2020-08-14,Guangxi,0.19369438254841734,Power
2020-08-15,Guangxi,0.19227556336718035,Power
2020-08-16,Guangxi,0.18879242618801753,Power
2020-08-17,Guangxi,0.20062486687334238,Power
2020-08-18,Guangxi,0.19863340715769626,Power
2020-08-19,Guangxi,0.18949544470124308,Power
2020-08-20,Guangxi,0.1797388259531514,Power
2020-08-21,Guangxi,0.17700727947540063,Power
2020-08-22,Guangxi,0.17642185678620553,Power
2020-08-23,Guangxi,0.17695870728721413,Power
2020-08-24,Guangxi,0.1854639530817644,Power
2020-08-25,Guangxi,0.18980605106254086,Power
2020-08-26,Guangxi,0.18227864010911343,Power
2020-08-27,Guangxi,0.1766851691747955,Power
2020-08-28,Guangxi,0.17995356615355484,Power
2020-08-29,Guangxi,0.17943972353116092,Power
2020-08-30,Guangxi,0.1773523976546204,Power
2020-08-31,Guangxi,0.18303023081052544,Power
2020-08-01,Xinjiang,0.5705509834908532,Power
2020-08-02,Xinjiang,0.5675743634478047,Power
2020-08-03,Xinjiang,0.6206294713981962,Power
2020-08-04,Xinjiang,0.6231700794912771,Power
2020-08-05,Xinjiang,0.6270858021957944,Power
2020-08-06,Xinjiang,0.6321712108045517,Power
2020-08-07,Xinjiang,0.6257945360362747,Power
2020-08-08,Xinjiang,0.6084588686024643,Power
2020-08-09,Xinjiang,0.6042748308518133,Power
2020-08-10,Xinjiang,0.632405986469919,Power
2020-08-11,Xinjiang,0.6438680698469534,Power
2020-08-12,Xinjiang,0.6228179159932263,Power
2020-08-13,Xinjiang,0.6138209771025475,Power
2020-08-14,Xinjiang,0.6352987580610506,Power
2020-08-15,Xinjiang,0.6306451689796649,Power
2020-08-16,Xinjiang,0.6192208174059931,Power
2020-08-17,Xinjiang,0.6580300733757106,Power
2020-08-18,Xinjiang,0.6514982789713875,Power
2020-08-19,Xinjiang,0.6215266498337068,Power
2020-08-20,Xinjiang,0.589525888159638,Power
2020-08-21,Xinjiang,0.5805666810723218,Power
2020-08-22,Xinjiang,0.5786465515234257,Power
2020-08-23,Xinjiang,0.5804073690136798,Power
2020-08-24,Xinjiang,0.6083037489664184,Power
2020-08-25,Xinjiang,0.6225454085244965,Power
2020-08-26,Xinjiang,0.5978562318575779,Power
2020-08-27,Xinjiang,0.5795101905781694,Power
2020-08-28,Xinjiang,0.5902302151557396,Power
2020-08-29,Xinjiang,0.5885448612722107,Power
2020-08-30,Xinjiang,0.5816986351731993,Power
2020-08-31,Xinjiang,0.6003213763439333,Power
2020-08-01,Jiangsu,1.1189643353379293,Power
2020-08-02,Jiangsu,1.113126589431955,Power
2020-08-03,Jiangsu,1.2171782435729452,Power
2020-08-04,Jiangsu,1.2221608830363542,Power
2020-08-05,Jiangsu,1.2298403966647766,Power
2020-08-06,Jiangsu,1.2398138977689268,Power
2020-08-07,Jiangsu,1.2273079660464103,Power
2020-08-08,Jiangsu,1.19330926277711,Power
2020-08-09,Jiangsu,1.185103529799417,Power
2020-08-10,Jiangsu,1.2402743396995388,Power
2020-08-11,Jiangsu,1.2627537725262057,Power
2020-08-12,Jiangsu,1.2214702201404364,Power
2020-08-13,Jiangsu,1.2038254275851958,Power
2020-08-14,Jiangsu,1.245947642058866,Power
2020-08-15,Jiangsu,1.2368210252199485,Power
2020-08-16,Jiangsu,1.214415591989273,Power
2020-08-17,Jiangsu,1.290528287554911,Power
2020-08-18,Jiangsu,1.2777181352710971,Power
2020-08-19,Jiangsu,1.2189377895220699,Power
2020-08-20,Jiangsu,1.1561779099441816,Power
2020-08-21,Jiangsu,1.1386071169849326,Power
2020-08-22,Jiangsu,1.1348413597667124,Power
2020-08-23,Jiangsu,1.138294674246303,Power
2020-08-24,Jiangsu,1.193005042215813,Power
2020-08-25,Jiangsu,1.2209357786138328,Power
2020-08-26,Jiangsu,1.172515376303577,Power
2020-08-27,Jiangsu,1.1365351282971785,Power
2020-08-28,Jiangsu,1.1575592357360176,Power
2020-08-29,Jiangsu,1.1542539204484097,Power
2020-08-30,Jiangsu,1.1408271048646692,Power
2020-08-31,Jiangsu,1.1773500165750033,Power
2020-08-01,Jiangxi,0.2789776131684688,Power
2020-08-02,Jiangxi,0.2775221597927892,Power
2020-08-03,Jiangxi,0.30346407876352915,Power
2020-08-04,Jiangxi,0.3047063389686867,Power
2020-08-05,Jiangxi,0.30662097763472157,Power
2020-08-06,Jiangxi,0.30910754797936857,Power
2020-08-07,Jiangxi,0.3059895978604831,Power
2020-08-08,Jiangxi,0.2975131193978983,Power
2020-08-09,Jiangxi,0.29546728493461916,Power
2020-08-10,Jiangxi,0.30922234430195733,Power
2020-08-11,Jiangxi,0.3148268647654898,Power
2020-08-12,Jiangxi,0.30453414448480354,Power
2020-08-13,Jiangxi,0.30013498540845357,Power
2020-08-14,Jiangxi,0.3106367989909981,Power
2020-08-15,Jiangxi,0.30836137188254126,Power
2020-08-16,Jiangxi,0.3027753008279963,Power
2020-08-17,Jiangxi,0.3217515429387936,Power
2020-08-18,Jiangxi,0.3185577452496262,Power
2020-08-19,Jiangxi,0.303902764710565,Power
2020-08-20,Jiangxi,0.28825561595484334,Power
2020-08-21,Jiangxi,0.2838749062874809,Power
2020-08-22,Jiangxi,0.28293603636345094,Power
2020-08-23,Jiangxi,0.28379700878286707,Power
2020-08-24,Jiangxi,0.2974372718276165,Power
2020-08-25,Jiangxi,0.3044008987532271,Power
2020-08-26,Jiangxi,0.2923288354724143,Power
2020-08-27,Jiangxi,0.2833583228358313,Power
2020-08-28,Jiangxi,0.28860000492260973,Power
2020-08-29,Jiangxi,0.28777593132116863,Power
2020-08-30,Jiangxi,0.2844283885571055,Power
2020-08-31,Jiangxi,0.29353419685959675,Power
2020-08-01,Hebei,0.7965745126782702,Power
2020-08-02,Hebei,0.7924187058725183,Power
2020-08-03,Hebei,0.8664915722482779,Power
2020-08-04,Hebei,0.8700386411557225,Power
2020-08-05,Hebei,0.8755055757424439,Power
2020-08-06,Hebei,0.8826055668063552,Power
2020-08-07,Hebei,0.8737027750436107,Power
2020-08-08,Hebei,0.8494995903368728,Power
2020-08-09,Hebei,0.8436580478127318,Power
2020-08-10,Hebei,0.8829333487515975,Power
2020-08-11,Hebei,0.8989361315782531,Power
2020-08-12,Hebei,0.869546968237859,Power
2020-08-13,Hebei,0.8569858958362484,Power
2020-08-14,Hebei,0.8869720905769057,Power
2020-08-15,Hebei,0.8804749841622795,Power
2020-08-16,Hebei,0.8645248805768235,Power
2020-08-17,Hebei,0.9187084067751964,Power
2020-08-18,Hebei,0.909589044798631,Power
2020-08-19,Hebei,0.8677441675390257,Power
2020-08-20,Hebei,0.8230663177526825,Power
2020-08-21,Hebei,0.8105579245922717,Power
2020-08-22,Hebei,0.8078771365401106,Power
2020-08-23,Hebei,0.8103355011294288,Power
2020-08-24,Hebei,0.8492830201230522,Power
2020-08-25,Hebei,0.8691665070514167,Power
2020-08-26,Hebei,0.8346967235597654,Power
2020-08-27,Hebei,0.809082905838681,Power
2020-08-28,Hebei,0.8240496635884097,Power
2020-08-29,Hebei,0.821696657481491,Power
2020-08-30,Hebei,0.8121383018282619,Power
2020-08-31,Hebei,0.8381384339848106,Power
2020-08-01,Henan,0.6663197781809983,Power
2020-08-02,Henan,0.6628435230097636,Power
2020-08-03,Henan,0.7248040993364899,Power
2020-08-04,Henan,0.7277711565671495,Power
2020-08-05,Henan,0.7323441457642387,Power
2020-08-06,Henan,0.7382831563596016,Power
2020-08-07,Henan,0.7308361364786888,Power
2020-08-08,Henan,0.7105906222067794,Power
2020-08-09,Henan,0.7057042804308749,Power
2020-08-10,Henan,0.7385573398660652,Power
2020-08-11,Henan,0.751943370342341,Power
2020-08-12,Henan,0.7273598813074542,Power
2020-08-13,Henan,0.716852777649046,Power
2020-08-14,Henan,0.7419356723564202,Power
2020-08-15,Henan,0.7365009635675883,Power
2020-08-16,Henan,0.7231589982977085,Power
2020-08-17,Henan,0.7684825111429481,Power
2020-08-18,Henan,0.7608543343024076,Power
2020-08-19,Henan,0.7258518720219044,Power
2020-08-20,Henan,0.6884796808641088,Power
2020-08-21,Henan,0.6780166424120966,Power
2020-08-22,Henan,0.675774213019948,Power
2020-08-23,Henan,0.677830589318425,Power
2020-08-24,Henan,0.7104094652471518,Power
2020-08-25,Henan,0.7270416325945945,Power
2020-08-26,Henan,0.6982082992095222,Power
2020-08-27,Henan,0.6767828166330105,Power
2020-08-28,Henan,0.6893022313834996,Power
2020-08-29,Henan,0.6873339854978145,Power
2020-08-30,Henan,0.6793385986039746,Power
2020-08-31,Henan,0.7010872260273897,Power
2020-08-01,Zhejiang,0.561060409401475,Power
2020-08-02,Zhejiang,0.5581333026076749,Power
2020-08-03,Zhejiang,0.6103058891929426,Power
2020-08-04,Zhejiang,0.6128042366817353,Power
2020-08-05,Zhejiang,0.6166548250555512,Power
2020-08-06,Zhejiang,0.6216556427187618,Power
2020-08-07,Zhejiang,0.6153850378830295,Power
2020-08-08,Zhejiang,0.5983377328233628,Power
2020-08-09,Zhejiang,0.5942232925695424,Power
2020-08-10,Zhejiang,0.6218865131137657,Power
2020-08-11,Zhejiang,0.6331579356127086,Power
2020-08-12,Zhejiang,0.6124579310892295,Power
2020-08-13,Zhejiang,0.603610647737828,Power
2020-08-14,Zhejiang,0.6247311661950644,Power
2020-08-15,Zhejiang,0.6201549851512361,Power
2020-08-16,Zhejiang,0.6089206668229189,Power
2020-08-17,Zhejiang,0.6470843676541969,Power
2020-08-18,Zhejiang,0.6406612234503369,Power
2020-08-19,Zhejiang,0.6111881439167077,Power
2020-08-20,Zhejiang,0.5797196845405442,Power
2020-08-21,Zhejiang,0.5709095053597686,Power
2020-08-22,Zhejiang,0.5690213153434862,Power
2020-08-23,Zhejiang,0.570752843306016,Power
2020-08-24,Zhejiang,0.5981851934552352,Power
2020-08-25,Zhejiang,0.6121899565235998,Power
2020-08-26,Zhejiang,0.5879114608775594,Power
2020-08-27,Zhejiang,0.5698705885822508,Power
2020-08-28,Zhejiang,0.5804122957255561,Power
2020-08-29,Zhejiang,0.5787549761042777,Power
2020-08-30,Zhejiang,0.5720226304785375,Power
2020-08-31,Zhejiang,0.5903356000251009,Power
2020-08-01,Hainan,0.038565830480843624,Power
2020-08-02,Hainan,0.03836462878755458,Power
2020-08-03,Hainan,0.04195083643343179,Power
2020-08-04,Hainan,0.04212256632939399,Power
2020-08-05,Hainan,0.04238724574000239,Power
2020-08-06,Hainan,0.042730988914593385,Power
2020-08-07,Hainan,0.04229996387868827,Power
2020-08-08,Hainan,0.04112817655227955,Power
2020-08-09,Hainan,0.04084536065100849,Power
2020-08-10,Hainan,0.04274685834392323,Power
2020-08-11,Hainan,0.043521626554419345,Power
2020-08-12,Hainan,0.042098762185399236,Power
2020-08-13,Hainan,0.04149062298286643,Power
2020-08-14,Hainan,0.04294239238388019,Power
2020-08-15,Hainan,0.04262783762394943,Power
2020-08-16,Hainan,0.04185561985745275,Power
2020-08-17,Hainan,0.04447889320220861,Power
2020-08-18,Hainan,0.04403738300763913,Power
2020-08-19,Hainan,0.04201148032408511,Power
2020-08-20,Hainan,0.03984842042989461,Power
2020-08-21,Hainan,0.03924283167136126,Power
2020-08-22,Hainan,0.03911304241005649,Power
2020-08-23,Hainan,0.0392320631300303,Power
2020-08-24,Hainan,0.0411176913936152,Power
2020-08-25,Hainan,0.042080342312069946,Power
2020-08-26,Hainan,0.040411501788437325,Power
2020-08-27,Hainan,0.03917141923937698,Power
2020-08-28,Hainan,0.03989602871788413,Power
2020-08-29,Hainan,0.03978210888590921,Power
2020-08-30,Hainan,0.03931934499134441,Power
2020-08-31,Hainan,0.04057813079640064,Power
2020-08-01,Hubei,0.33010902409706144,Power
2020-08-02,Hubei,0.3283868131712183,Power
2020-08-03,Hubei,0.3590834036874781,Power
2020-08-04,Hubei,0.3605533470974231,Power
2020-08-05,Hubei,0.36281890344212375,Power
2020-08-06,Hubei,0.365761215911205,Power
2020-08-07,Hubei,0.36207180349119455,Power
2020-08-08,Hubei,0.352041744085052,Power
2020-08-09,Hubei,0.34962094619210643,Power
2020-08-10,Hubei,0.36589705226591934,Power
2020-08-11,Hubei,0.372528777155011,Power
2020-08-12,Hubei,0.36034959256535154,Power
2020-08-13,Hubei,0.35514414940076094,Power
2020-08-14,Hubei,0.3675707502079359,Power
2020-08-15,Hubei,0.36487827960556146,Power
2020-08-16,Hubei,0.35826838555919177,Power
2020-08-17,Hubei,0.380722620123318,Power
2020-08-18,Hubei,0.3769434586832285,Power
2020-08-19,Hubei,0.3596024926144224,Power
2020-08-20,Hubei,0.3410875123370134,Power
2020-08-21,Hubei,0.3359039000151448,Power
2020-08-22,Hubei,0.3347929526855164,Power
2020-08-23,Hubei,0.33581172534587433,Power
2020-08-24,Hubei,0.35195199506497293,Power
2020-08-25,Hubei,0.3601919253679151,Power
2020-08-26,Hubei,0.3459072772801827,Power
2020-08-27,Hubei,0.3352926364189301,Power
2020-08-28,Hubei,0.34149502140115656,Power
2020-08-29,Hubei,0.3405199104262426,Power
2020-08-30,Hubei,0.3365588252968034,Power
2020-08-31,Hubei,0.34733355900468377,Power
2020-08-01,Hunan,0.2615958304165393,Power
2020-08-02,Hunan,0.2602310594941731,Power
2020-08-03,Hunan,0.28455665952592607,Power
2020-08-04,Hunan,0.2857215203413542,Power
2020-08-05,Hunan,0.2875168668786641,Power
2020-08-06,Hunan,0.289848510722087,Power
2020-08-07,Hunan,0.2869248254081165,Power
2020-08-08,Hunan,0.2789764764447582,Power
2020-08-09,Hunan,0.27705810830317873,Power
2020-08-10,Hunan,0.2899561546258229,Power
2020-08-11,Hunan,0.29521148378321627,Power
2020-08-12,Hunan,0.28556005448575034,Power
2020-08-13,Hunan,0.2814349863175842,Power
2020-08-14,Hunan,0.2912824812968549,Power
2020-08-15,Hunan,0.28914882534780345,Power
2020-08-16,Hunan,0.2839107961035105,Power
2020-08-17,Hunan,0.3017047178335728,Power
2020-08-18,Hunan,0.2987099106546339,Power
2020-08-19,Hunan,0.2849680130152027,Power
2020-08-20,Hunan,0.27029576449348236,Power
2020-08-21,Hunan,0.26618799623841666,Power
2020-08-22,Hunan,0.2653076228828621,Power
2020-08-23,Hunan,0.2661149521608816,Power
2020-08-24,Hunan,0.27890535457978993,Power
2020-08-25,Hunan,0.2854351106689139,Power
2020-08-26,Hunan,0.2741152008635411,Power
2020-08-27,Hunan,0.265703598671605,Power
2020-08-28,Hunan,0.27061869620469015,Power
2020-08-29,Hunan,0.2698459667528715,Power
2020-08-30,Hunan,0.26670699363142913,Power
2020-08-31,Hunan,0.2752454618527683,Power
2020-08-01,Gansu,0.1646742855508323,Power
2020-08-02,Gansu,0.16381516376657695,Power
2020-08-03,Gansu,0.17912810204791652,Power
2020-08-04,Gansu,0.17986138064123866,Power
2020-08-05,Gansu,0.18099154929827316,Power
2020-08-06,Gansu,0.1824593165155995,Power
2020-08-07,Gansu,0.1806188598482018,Power
2020-08-08,Gansu,0.1756153829779261,Power
2020-08-09,Gansu,0.17440777235724048,Power
2020-08-10,Gansu,0.18252707823379427,Power
2020-08-11,Gansu,0.1858353021185183,Power
2020-08-12,Gansu,0.17975973806394652,Power
2020-08-13,Gansu,0.17716301222026773,Power
2020-08-14,Gansu,0.18336199940440862,Power
2020-08-15,Gansu,0.18201886534733336,Power
2020-08-16,Gansu,0.1787215317387478,Power
2020-08-17,Gansu,0.18992278576248234,Power
2020-08-18,Gansu,0.1880375579598488,Power
2020-08-19,Gansu,0.17938704861387517,Power
2020-08-20,Gansu,0.17015088441778944,Power
2020-08-21,Gansu,0.16756504885024914,Power
2020-08-22,Gansu,0.16701085479787034,Power
2020-08-23,Gansu,0.16751906768433125,Power
2020-08-24,Gansu,0.1755706118426903,Power
2020-08-25,Gansu,0.17968108606961325,Power
2020-08-26,Gansu,0.1725552153830223,Power
2020-08-27,Gansu,0.16726012111837263,Power
2020-08-28,Gansu,0.17035416957237381,Power
2020-08-29,Gansu,0.16986773723818982,Power
2020-08-30,Gansu,0.16789175713440257,Power
2020-08-31,Gansu,0.17326671342406755,Power
2020-08-01,Fujian,0.31136325422640415,Power
2020-08-02,Fujian,0.3097388418075025,Power
2020-08-03,Fujian,0.3386922772458132,Power
2020-08-04,Fujian,0.34007874756391804,Power
2020-08-05,Fujian,0.3422156506614591,Power
2020-08-06,Fujian,0.34499087920248406,Power
2020-08-07,Fujian,0.3415109759783299,Power
2020-08-08,Fujian,0.3320504895668392,Power
2020-08-09,Fujian,0.3297671605611155,Power
2020-08-10,Fujian,0.3451190018721439,Power
2020-08-11,Fujian,0.351374133637323,Power
2020-08-12,Fujian,0.3398865635594283,Power
2020-08-13,Fujian,0.33497671982567756,Power
2020-08-14,Fujian,0.3466976561947385,Power
2020-08-15,Fujian,0.344158081849695,Power
2020-08-16,Fujian,0.3379235412278541,Power
2020-08-17,Fujian,0.35910267610359037,Power
2020-08-18,Fujian,0.3555381204012681,Power
2020-08-19,Fujian,0.3391818888762991,Power
2020-08-20,Fujian,0.32171831142069846,Power
2020-08-21,Fujian,0.316829058830286,Power
2020-08-22,Fujian,0.31578119842485364,Power
2020-08-23,Fujian,0.31674211844730255,Power
2020-08-24,Fujian,0.33196583708867117,Power
2020-08-25,Fujian,0.3397378497464302,Power
2020-08-26,Fujian,0.3262643782888078,Power
2020-08-27,Fujian,0.31625250681681666,Power
2020-08-28,Fujian,0.322102679429678,Power
2020-08-29,Fujian,0.32118294169390554,Power
2020-08-30,Fujian,0.31744679313043167,Power
2020-08-31,Fujian,0.3276096663202362,Power
2020-08-01,Tibet,0.0012915630239280964,Power
2020-08-02,Tibet,0.0012848248138555055,Power
2020-08-03,Tibet,0.0014049262905718942,Power
2020-08-04,Tibet,0.0014106774952254012,Power
2020-08-05,Tibet,0.001419541563123711,Power
2020-08-06,Tibet,0.001431053462867447,Power
2020-08-07,Tibet,0.0014166185086133475,Power
2020-08-08,Tibet,0.0013773755527680476,Power
2020-08-09,Tibet,0.001367904096919533,Power
2020-08-10,Tibet,0.0014315849273238766,Power
2020-08-11,Tibet,0.001457531781321712,Power
2020-08-12,Tibet,0.001409880298540757,Power
2020-08-13,Tibet,0.0013895138213354332,Power
2020-08-14,Tibet,0.0014381333286620282,Power
2020-08-15,Tibet,0.0014275989439006538,Power
2020-08-16,Tibet,0.0014017375038333161,Power
2020-08-17,Tibet,0.0014895904765684887,Power
2020-08-18,Tibet,0.001474804376155677,Power
2020-08-19,Tibet,0.0014069572440303935,Power
2020-08-20,Tibet,0.001334516740531682,Power
2020-08-21,Tibet,0.001314235677256856,Power
2020-08-22,Tibet,0.0013098890572381988,Power
2020-08-23,Tibet,0.0013138750406614217,Power
2020-08-24,Tibet,0.0013770244066093355,Power
2020-08-25,Tibet,0.0014092634201538293,Power
2020-08-26,Tibet,0.0013533742382982141,Power
2020-08-27,Tibet,0.0013118440872029223,Power
2020-08-28,Tibet,0.001336111133900971,Power
2020-08-29,Tibet,0.0013322959783387436,Power
2020-08-30,Tibet,0.0013167980951717848,Power
2020-08-31,Tibet,0.0013589546150907259,Power
2020-08-01,Guizhou,0.25636922490849384,Power
2020-08-02,Guizhou,0.25503172169604754,Power
2020-08-03,Guizhou,0.27887130360239687,Power
2020-08-04,Guizhou,0.2800128908513299,Power
2020-08-05,Guizhou,0.28177236690826635,Power
2020-08-06,Guizhou,0.2840574252134739,Power
2020-08-07,Guizhou,0.28119215424709243,Power
2020-08-08,Guizhou,0.27340261089009876,Power
2020-08-09,Guizhou,0.2715225711633081,Power
2020-08-10,Guizhou,0.2841629184245964,Power
2020-08-11,Guizhou,0.28931324769618544,Power
2020-08-12,Guizhou,0.2798546510346462,Power
2020-08-13,Guizhou,0.2758120004798436,Power
2020-08-14,Guizhou,0.2854627454902133,Power
2020-08-15,Guizhou,0.28337171934117744,Power
2020-08-16,Guizhou,0.2782383443356617,Power
2020-08-17,Guizhou,0.2956767488956835,Power
2020-08-18,Guizhou,0.2927417770576675,Power
2020-08-19,Guizhou,0.2792744383734722,Power
2020-08-20,Guizhou,0.2648953369360037,Power
2020-08-21,Guizhou,0.26086964064727447,Power
2020-08-22,Guizhou,0.26000685688487946,Power
2020-08-23,Guizhou,0.26079805596829847,Power
2020-08-24,Guizhou,0.2733329100184643,Power
2020-08-25,Guizhou,0.2797322035574503,Power
2020-08-26,Guizhou,0.2686384621235119,Power
2020-08-27,Guizhou,0.2603949211972231,Power
2020-08-28,Guizhou,0.26521181656937126,Power
2020-08-29,Guizhou,0.2644545260180988,Power
2020-08-30,Guizhou,0.26137826862947233,Power
2020-08-31,Guizhou,0.26974614084029835,Power
2020-08-01,Liaoning,0.40847189467034367,Power
2020-08-02,Liaoning,0.40634085701747946,Power
2020-08-03,Liaoning,0.4443243520836719,Power
2020-08-04,Liaoning,0.4461432377423138,Power
2020-08-05,Liaoning,0.44894660276734927,Power
2020-08-06,Liaoning,0.45258737554611583,Power
2020-08-07,Liaoning,0.44802215263061373,Power
2020-08-08,Liaoning,0.43561110939879183,Power
2020-08-09,Liaoning,0.4326156508388504,Power
2020-08-10,Liaoning,0.4527554573891587,Power
2020-08-11,Liaoning,0.4609614530834274,Power
2020-08-12,Liaoning,0.44589111497774964,Power
2020-08-13,Liaoning,0.4394499786354304,Power
2020-08-14,Liaoning,0.45482646581236474,Power
2020-08-15,Liaoning,0.45149484356633757,Power
2020-08-16,Liaoning,0.44331586102541504,Power
2020-08-17,Liaoning,0.4711003899726884,Power
2020-08-18,Liaoning,0.46642411298231873,Power
2020-08-19,Liaoning,0.4449666648410141,Power
2020-08-20,Liaoning,0.42205650934198236,Power
2020-08-21,Liaoning,0.41564238615300936,Power
2020-08-22,Liaoning,0.4142677167938377,Power
2020-08-23,Liaoning,0.4155283306166589,Power
2020-08-24,Liaoning,0.4355000553239244,Power
2020-08-25,Liaoning,0.44569601998136055,Power
2020-08-26,Liaoning,0.42802041330851925,Power
2020-08-27,Liaoning,0.4148860178593167,Power
2020-08-28,Liaoning,0.4225607548711108,Power
2020-08-29,Liaoning,0.421354167354982,Power
2020-08-30,Liaoning,0.4164527807533943,Power
2020-08-31,Liaoning,0.42978527266046873,Power
2020-08-01,Chongqing,0.10372035676502941,Power
2020-08-02,Chongqing,0.10317923756314853,Power
2020-08-03,Chongqing,0.1128241157318845,Power
2020-08-04,Chongqing,0.11328597240278565,Power
2020-08-05,Chongqing,0.11399781090216135,Power
2020-08-06,Chongqing,0.1149222863836846,Power
2020-08-07,Chongqing,0.11376307186810597,Power
2020-08-08,Chongqing,0.11061162412194055,Power
2020-08-09,Chongqing,0.10985100868042351,Power
2020-08-10,Chongqing,0.1149649662080583,Power
2020-08-11,Chongqing,0.11704865620516017,Power
2020-08-12,Chongqing,0.1132219526662251,Power
2020-08-13,Chongqing,0.1115864008250471,Power
2020-08-14,Chongqing,0.11549084261552,Power
2020-08-15,Chongqing,0.11464486752525552,Power
2020-08-16,Chongqing,0.11256803678564228,Power
2020-08-17,Chongqing,0.11962316418255962,Power
2020-08-18,Chongqing,0.11843575049730552,Power
2020-08-19,Chongqing,0.11298721363216974,Power
2020-08-20,Chongqing,0.1071698011420898,Power
2020-08-21,Chongqing,0.10554110855840043,Power
2020-08-22,Chongqing,0.10519204856620121,Power
2020-08-23,Chongqing,0.105512147249004,Power
2020-08-24,Chongqing,0.1105834249522651,Power
2020-08-25,Chongqing,0.11317241358436275,Power
2020-08-26,Chongqing,0.1086841727676353,Power
2020-08-27,Chongqing,0.10534904934871878,Power
2020-08-28,Chongqing,0.1072978406152109,Power
2020-08-29,Chongqing,0.10699146044738539,Power
2020-08-30,Chongqing,0.10574688628305935,Power
2020-08-31,Chongqing,0.10913231092355917,Power
2020-08-01,Shaanxi,0.4271482581168179,Power
2020-08-02,Shaanxi,0.42491978405708625,Power
2020-08-03,Shaanxi,0.46463998014990887,Power
2020-08-04,Shaanxi,0.4665420298403277,Power
2020-08-05,Shaanxi,0.4694735717724255,Power
2020-08-06,Shaanxi,0.47328080984912196,Power
2020-08-07,Shaanxi,0.4685068534479221,Power
2020-08-08,Shaanxi,0.45552834607187925,Power
2020-08-09,Shaanxi,0.45239592760481995,Power
2020-08-10,Shaanxi,0.4734565768172134,Power
2020-08-11,Shaanxi,0.4820377712951097,Power
2020-08-12,Shaanxi,0.46627837938819056,Power
2020-08-13,Shaanxi,0.4595427380752551,Power
2020-08-14,Shaanxi,0.4756222769597696,Power
2020-08-15,Shaanxi,0.4721383245565271,Power
2020-08-16,Shaanxi,0.4635853783413598,Power
2020-08-17,Shaanxi,0.49264028590605835,Power
2020-08-18,Shaanxi,0.4877501977580838,Power
2020-08-19,Shaanxi,0.4653116610636872,Power
2020-08-20,Shaanxi,0.4413539955736425,Power
2020-08-21,Shaanxi,0.4346466025234361,Power
2020-08-22,Shaanxi,0.43320907982011625,Power
2020-08-23,Shaanxi,0.43452733208080263,Power
2020-08-24,Shaanxi,0.45541221432510465,Power
2020-08-25,Shaanxi,0.4660743641573699,Power
2020-08-26,Shaanxi,0.4475905842450324,Power
2020-08-27,Shaanxi,0.43385565116702435,Power
2020-08-28,Shaanxi,0.441881296477917,Power
2020-08-29,Shaanxi,0.44061954074268866,Power
2020-08-30,Shaanxi,0.43549405040530587,Power
2020-08-31,Shaanxi,0.4494361374099932,Power
2020-08-01,Qinghai,0.017496454235362387,Power
2020-08-02,Qinghai,0.017405173529752852,Power
2020-08-03,Qinghai,0.019032155683962246,Power
2020-08-04,Qinghai,0.0191100656946656,Power
2020-08-05,Qinghai,0.019230144820073073,Power
2020-08-06,Qinghai,0.019386093405853868,Power
2020-08-07,Qinghai,0.019190546992850905,Power
2020-08-08,Qinghai,0.018658933305955933,Power
2020-08-09,Qinghai,0.018530626060606195,Power
2020-08-10,Qinghai,0.019393293010803354,Power
2020-08-11,Qinghai,0.019744788009587115,Power
2020-08-12,Qinghai,0.019099266287241373,Power
2020-08-13,Qinghai,0.018823367140427198,Power
2020-08-14,Qinghai,0.01948200242893093,Power
2020-08-15,Qinghai,0.019339295973682218,Power
2020-08-16,Qinghai,0.01898895805426534,Power
2020-08-17,Qinghai,0.020179078465289945,Power
2020-08-18,Qinghai,0.01997877517044536,Power
2020-08-19,Qinghai,0.019059668460019205,Power
2020-08-20,Qinghai,0.01807833659252965,Power
2020-08-21,Qinghai,0.01780359452508236,Power
2020-08-22,Qinghai,0.017744712041745502,Power
2020-08-23,Qinghai,0.01779870907886664,Power
2020-08-24,Qinghai,0.018654176424114315,Power
2020-08-25,Qinghai,0.019090909602925,Power
2020-08-26,Qinghai,0.01833379400386225,Power
2020-08-27,Qinghai,0.01777119630280968,Power
2020-08-28,Qinghai,0.018099935407378104,Power
2020-08-29,Qinghai,0.018048252528990734,Power
2020-08-30,Qinghai,0.017838306906088803,Power
2020-08-31,Qinghai,0.018409389855831838,Power
2020-08-01,Heilongjiang,0.17028413522719285,Power
2020-08-02,Heilongjiang,0.1693957463108699,Power
2020-08-03,Heilongjiang,0.1852303403053304,Power
2020-08-04,Heilongjiang,0.18598859901419196,Power
2020-08-05,Heilongjiang,0.18715726837735486,Power
2020-08-06,Heilongjiang,0.18867503704707278,Power
2020-08-07,Heilongjiang,0.18677188276294995,Power
2020-08-08,Heilongjiang,0.18159795576436485,Power
2020-08-09,Heilongjiang,0.18034920627353346,Power
2020-08-10,Heilongjiang,0.18874510715878276,Power
2020-08-11,Heilongjiang,0.19216603011262356,Power
2020-08-12,Heilongjiang,0.18588349384662703,Power
2020-08-13,Heilongjiang,0.183198307065741,Power
2020-08-14,Heilongjiang,0.1896084710352093,Power
2020-08-15,Heilongjiang,0.18821958132095792,Power
2020-08-16,Heilongjiang,0.1848099196350705,Power
2020-08-17,Heilongjiang,0.19639275935112907,Power
2020-08-18,Heilongjiang,0.19444330874319787,Power
2020-08-19,Heilongjiang,0.18549810823222213,Power
2020-08-20,Heilongjiang,0.17594730175575296,Power
2020-08-21,Heilongjiang,0.17327337624282038,Power
2020-08-22,Heilongjiang,0.1727003028291923,Power
2020-08-23,Heilongjiang,0.1732258286670172,Power
2020-08-24,Heilongjiang,0.1815516594405565,Power
2020-08-25,Heilongjiang,0.1858021624669636,Power
2020-08-26,Heilongjiang,0.17843353946946242,Power
2020-08-27,Heilongjiang,0.17295806074012549,Power
2020-08-28,Heilongjiang,0.1761575120908829,Power
2020-08-29,Heilongjiang,0.17565450878896485,Power
2020-08-30,Heilongjiang,0.17361121428142204,Power
2020-08-31,Heilongjiang,0.1791692756424172,Power
2020-09-01,Shanghai,0.12268459197670692,Power
2020-09-02,Shanghai,0.11882808094493477,Power
2020-09-03,Shanghai,0.11438794887845562,Power
2020-09-04,Shanghai,0.11324554174668872,Power
2020-09-05,Shanghai,0.11107425862668453,Power
2020-09-06,Shanghai,0.11155233117639135,Power
2020-09-07,Shanghai,0.11486602142816243,Power
2020-09-08,Shanghai,0.11433118330669081,Power
2020-09-09,Shanghai,0.11780718761522692,Power
2020-09-10,Shanghai,0.11268675564962884,Power
2020-09-11,Shanghai,0.10887104487256265,Power
2020-09-12,Shanghai,0.10840095498138527,Power
2020-09-13,Shanghai,0.10595382666108645,Power
2020-09-14,Shanghai,0.11143880003286172,Power
2020-09-15,Shanghai,0.09797560294195344,Power
2020-09-16,Shanghai,0.09986039731695706,Power
2020-09-17,Shanghai,0.10457016584931908,Power
2020-09-18,Shanghai,0.10362821214284666,Power
2020-09-19,Shanghai,0.10080235102342947,Power
2020-09-20,Shanghai,0.10362821214284666,Power
2020-09-21,Shanghai,0.10080235102342947,Power
2020-09-22,Shanghai,0.09514974182253623,Power
2020-09-23,Shanghai,0.10080235102342947,Power
2020-09-24,Shanghai,0.09797560294195344,Power
2020-09-25,Shanghai,0.09232388070311902,Power
2020-09-26,Shanghai,0.09609169552900863,Power
2020-09-27,Shanghai,0.1055130065178503,Power
2020-09-28,Shanghai,0.10174430472990185,Power
2020-09-29,Shanghai,0.10833886763726752,Power
2020-09-30,Shanghai,0.11116472875668473,Power
2020-09-01,Yunnan,0.008715905208886272,Power
2020-09-02,Yunnan,0.008441926349370386,Power
2020-09-03,Yunnan,0.008126485187747447,Power
2020-09-04,Yunnan,0.008045324936814497,Power
2020-09-05,Yunnan,0.007891070049948148,Power
2020-09-06,Yunnan,0.007925033850610306,Power
2020-09-07,Yunnan,0.008160448988409607,Power
2020-09-08,Yunnan,0.008122452380247674,Power
2020-09-09,Yunnan,0.008369398826991638,Power
2020-09-10,Yunnan,0.0080056269879886,Power
2020-09-11,Yunnan,0.007734546708863175,Power
2020-09-12,Yunnan,0.007701150021755673,Power
2020-09-13,Yunnan,0.007527298210945109,Power
2020-09-14,Yunnan,0.007916968235610758,Power
2020-09-15,Yunnan,0.006960499719375329,Power
2020-09-16,Yunnan,0.007094401530891257,Power
2020-09-17,Yunnan,0.007428998528138122,Power
2020-09-18,Yunnan,0.007362079128688748,Power
2020-09-19,Yunnan,0.007161320930340631,Power
2020-09-20,Yunnan,0.007362079128688748,Power
2020-09-21,Yunnan,0.007161320930340631,Power
2020-09-22,Yunnan,0.0067597415210272115,Power
2020-09-23,Yunnan,0.007161320930340631,Power
2020-09-24,Yunnan,0.006960499719375329,Power
2020-09-25,Yunnan,0.0065589833226790935,Power
2020-09-26,Yunnan,0.006826660920476583,Power
2020-09-27,Yunnan,0.007495980940204677,Power
2020-09-28,Yunnan,0.007228240329790002,Power
2020-09-29,Yunnan,0.007696739138552796,Power
2020-09-30,Yunnan,0.007897497336900913,Power
2020-09-01,InnerMongolia,1.2543404302284638,Power
2020-09-02,InnerMongolia,1.2149110477050875,Power
2020-09-03,InnerMongolia,1.1695146611107867,Power
2020-09-04,InnerMongolia,1.1578345680357847,Power
2020-09-05,InnerMongolia,1.1356351364770856,Power
2020-09-06,InnerMongolia,1.1405230015139072,Power
2020-09-07,InnerMongolia,1.174402526147608,Power
2020-09-08,InnerMongolia,1.1689342838151344,Power
2020-09-09,InnerMongolia,1.2044733247785913,Power
2020-09-10,InnerMongolia,1.152121479031708,Power
2020-09-11,InnerMongolia,1.1131092426895821,Power
2020-09-12,InnerMongolia,1.1083029932099617,Power
2020-09-13,InnerMongolia,1.0832832907302024,Power
2020-09-14,InnerMongolia,1.1393622469226026,Power
2020-09-15,InnerMongolia,1.001713075505325,Power
2020-09-16,InnerMongolia,1.020983415400029,Power
2020-09-17,InnerMongolia,1.0691365941486783,Power
2020-09-18,InnerMongolia,1.0595059583989483,Power
2020-09-19,InnerMongolia,1.030614051149759,Power
2020-09-20,InnerMongolia,1.0595059583989483,Power
2020-09-21,InnerMongolia,1.030614051149759,Power
2020-09-22,InnerMongolia,0.9728211682561356,Power
2020-09-23,InnerMongolia,1.030614051149759,Power
2020-09-24,InnerMongolia,1.001713075505325,Power
2020-09-25,InnerMongolia,0.9439292610069461,Power
2020-09-26,InnerMongolia,0.9824518040058653,Power
2020-09-27,InnerMongolia,1.0787762982936526,Power
2020-09-28,InnerMongolia,1.0402446868994886,Power
2020-09-29,InnerMongolia,1.1076682055428422,Power
2020-09-30,InnerMongolia,1.1365601127920315,Power
2020-09-01,Beijing,0.06368962164491698,Power
2020-09-02,Beijing,0.06168757946076357,Power
2020-09-03,Beijing,0.05938256033153819,Power
2020-09-04,Beijing,0.05878949907735475,Power
2020-09-05,Beijing,0.057662314333378775,Power
2020-09-06,Beijing,0.05791049757561859,Power
2020-09-07,Beijing,0.059630743573778,Power
2020-09-08,Beijing,0.05935309144934274,Power
2020-09-09,Beijing,0.06115760003252977,Power
2020-09-10,Beijing,0.058499414768243295,Power
2020-09-11,Beijing,0.05651855334316787,Power
2020-09-12,Beijing,0.0562745141624868,Power
2020-09-13,Beijing,0.05500412906909231,Power
2020-09-14,Beijing,0.057851559811227686,Power
2020-09-15,Beijing,0.05086236976677863,Power
2020-09-16,Beijing,0.05184082874592443,Power
2020-09-17,Beijing,0.054285825065578205,Power
2020-09-18,Beijing,0.05379682580164745,Power
2020-09-19,Beijing,0.05232982800985519,Power
2020-09-20,Beijing,0.05379682580164745,Power
2020-09-21,Beijing,0.05232982800985519,Power
2020-09-22,Beijing,0.04939537197498637,Power
2020-09-23,Beijing,0.05232982800985519,Power
2020-09-24,Beijing,0.05086236976677863,Power
2020-09-25,Beijing,0.04792837418319411,Power
2020-09-26,Beijing,0.04988437123891712,Power
2020-09-27,Beijing,0.054775284780793264,Power
2020-09-28,Beijing,0.05281882727378594,Power
2020-09-29,Beijing,0.05624228257258553,Power
2020-09-30,Beijing,0.05770928036437779,Power
2020-09-01,Jilin,0.1443519191048557,Power
2020-09-02,Jilin,0.1398143096176672,Power
2020-09-03,Jilin,0.13459000577846167,Power
2020-09-04,Jilin,0.13324583811068363,Power
2020-09-05,Jilin,0.13069108465515528,Power
2020-09-06,Jilin,0.13125358960308411,Power
2020-09-07,Jilin,0.1351525107263905,Power
2020-09-08,Jilin,0.13452321483844784,Power
2020-09-09,Jilin,0.13861311630585624,Power
2020-09-10,Jilin,0.1325883647949227,Power
2020-09-11,Jilin,0.1280987612958691,Power
2020-09-12,Jilin,0.12754564882387973,Power
2020-09-13,Jilin,0.12466633314422171,Power
2020-09-14,Jilin,0.1311200077230565,Power
2020-09-15,Jilin,0.11527907524696769,Power
2020-09-16,Jilin,0.11749674317711385,Power
2020-09-17,Jilin,0.123038303981385,Power
2020-09-18,Jilin,0.12192999182053076,Power
2020-09-19,Jilin,0.11860505533796807,Power
2020-09-20,Jilin,0.12192999182053076,Power
2020-09-21,Jilin,0.11860505533796807,Power
2020-09-22,Jilin,0.111954138764405,Power
2020-09-23,Jilin,0.11860505533796807,Power
2020-09-24,Jilin,0.11527907524696769,Power
2020-09-25,Jilin,0.10862920228184232,Power
2020-09-26,Jilin,0.11306245092525923,Power
2020-09-27,Jilin,0.12414765975067693,Power
2020-09-28,Jilin,0.11971336749882229,Power
2020-09-29,Jilin,0.12747259623323964,Power
2020-09-30,Jilin,0.1307975327158023,Power
2020-09-01,Sichuan,0.042745431516100725,Power
2020-09-02,Sichuan,0.041401756442127284,Power
2020-09-03,Sichuan,0.039854737716204784,Power
2020-09-04,Sichuan,0.039456703333666195,Power
2020-09-05,Sichuan,0.03870019078051831,Power
2020-09-06,Sichuan,0.03886675951668936,Power
2020-09-07,Sichuan,0.040021306452375824,Power
2020-09-08,Sichuan,0.03983495961024013,Power
2020-09-09,Sichuan,0.041046059567669275,Power
2020-09-10,Sichuan,0.03926201260307667,Power
2020-09-11,Sichuan,0.03793255304276533,Power
2020-09-12,Sichuan,0.037768765602745565,Power
2020-09-13,Sichuan,0.036916143815925714,Power
2020-09-14,Sichuan,0.038827203304760055,Power
2020-09-15,Sichuan,0.03413639282917524,Power
2020-09-16,Sichuan,0.034793087753782766,Power
2020-09-17,Sichuan,0.03643405248303736,Power
2020-09-18,Sichuan,0.03610585953718644,Power
2020-09-19,Sichuan,0.03512128069963369,Power
2020-09-20,Sichuan,0.03610585953718644,Power
2020-09-21,Sichuan,0.03512128069963369,Power
2020-09-22,Sichuan,0.03315181399162248,Power
2020-09-23,Sichuan,0.03512128069963369,Power
2020-09-24,Sichuan,0.03413639282917524,Power
2020-09-25,Sichuan,0.032167235154069725,Power
2020-09-26,Sichuan,0.0334800069374734,Power
2020-09-27,Sichuan,0.036762554461793974,Power
2020-09-28,Sichuan,0.0354494736454846,Power
2020-09-29,Sichuan,0.03774713329934673,Power
2020-09-30,Sichuan,0.038731712136899486,Power
2020-09-01,Tianjin,0.17998076427831883,Power
2020-09-02,Tianjin,0.17432318501948327,Power
2020-09-03,Tianjin,0.16780942196296747,Power
2020-09-04,Tianjin,0.16613348772069972,Power
2020-09-05,Tianjin,0.1629481717074455,Power
2020-09-06,Tianjin,0.16364951375448147,Power
2020-09-07,Tianjin,0.16851076401000345,Power
2020-09-08,Tianjin,0.16772614572732683,Power
2020-09-09,Tianjin,0.17282551396913376,Power
2020-09-10,Tianjin,0.16531373727611226,Power
2020-09-11,Tianjin,0.15971601281164344,Power
2020-09-12,Tianjin,0.15902638148524445,Power
2020-09-13,Tianjin,0.15543639501442402,Power
2020-09-14,Tianjin,0.1634829612832002,Power
2020-09-15,Tianjin,0.14373218033336937,Power
2020-09-16,Tianjin,0.14649721159487478,Power
2020-09-17,Tianjin,0.15340653677068358,Power
2020-09-18,Tianjin,0.1520246717355218,Power
2020-09-19,Tianjin,0.14787907663003655,Power
2020-09-20,Tianjin,0.1520246717355218,Power
2020-09-21,Tianjin,0.14787907663003655,Power
2020-09-22,Tianjin,0.1395865852278841,Power
2020-09-23,Tianjin,0.14787907663003655,Power
2020-09-24,Tianjin,0.14373218033336937,Power
2020-09-25,Tianjin,0.13544099012239882,Power
2020-09-26,Tianjin,0.14096845026304586,Power
2020-09-27,Tianjin,0.1547897029970272,Power
2020-09-28,Tianjin,0.1492609416651983,Power
2020-09-29,Tianjin,0.15893529810251253,Power
2020-09-30,Tianjin,0.1630808932079978,Power
2020-09-01,Ningxia,0.28788122204644956,Power
2020-09-02,Ningxia,0.2788318614806748,Power
2020-09-03,Ningxia,0.26841302546589363,Power
2020-09-04,Ningxia,0.2657323501189024,Power
2020-09-05,Ningxia,0.2606374019438756,Power
2020-09-06,Ningxia,0.26175920630104044,Power
2020-09-07,Ningxia,0.2695348298230585,Power
2020-09-08,Ningxia,0.26827982420641583,Power
2020-09-09,Ningxia,0.2764363200797533,Power
2020-09-10,Ningxia,0.2644211502209176,Power
2020-09-11,Ningxia,0.2554675280603925,Power
2020-09-12,Ningxia,0.25436445513034184,Power
2020-09-13,Ningxia,0.24862223208503995,Power
2020-09-14,Ningxia,0.2614928037820848,Power
2020-09-15,Ningxia,0.2299012113193675,Power
2020-09-16,Ningxia,0.23432390938796716,Power
2020-09-17,Ningxia,0.24537545138526798,Power
2020-09-18,Ningxia,0.24316514298580777,Power
2020-09-19,Ningxia,0.2365342177874273,Power
2020-09-20,Ningxia,0.24316514298580777,Power
2020-09-21,Ningxia,0.2365342177874273,Power
2020-09-22,Ningxia,0.22327028612098704,Power
2020-09-23,Ningxia,0.2365342177874273,Power
2020-09-24,Ningxia,0.2299012113193675,Power
2020-09-25,Ningxia,0.21663936092260652,Power
2020-09-26,Ningxia,0.22548059452044716,Power
2020-09-27,Ningxia,0.24758784105440745,Power
2020-09-28,Ningxia,0.23874452618688746,Power
2020-09-29,Ningxia,0.254218766252788,Power
2020-09-30,Ningxia,0.26084969145116843,Power
2020-09-01,Anhui,0.6412159078367173,Power
2020-09-02,Anhui,0.6210596992821044,Power
2020-09-03,Anhui,0.5978531721375799,Power
2020-09-04,Anhui,0.591882335748817,Power
2020-09-05,Anhui,0.5805340380161371,Power
2020-09-06,Anhui,0.5830327032440434,Power
2020-09-07,Anhui,0.6003518373654863,Power
2020-09-08,Anhui,0.597556484615157,Power
2020-09-09,Anhui,0.6157239596210281,Power
2020-09-10,Anhui,0.5889618179499657,Power
2020-09-11,Anhui,0.5690188535520944,Power
2020-09-12,Anhui,0.5665619100070289,Power
2020-09-13,Anhui,0.5537718963450747,Power
2020-09-14,Anhui,0.5824393281991974,Power
2020-09-15,Anhui,0.5120733922170291,Power
2020-09-16,Anhui,0.5219243451099803,Power
2020-09-17,Anhui,0.546540137986014,Power
2020-09-18,Anhui,0.5416169794108072,Power
2020-09-19,Anhui,0.5268475036851871,Power
2020-09-20,Anhui,0.5416169794108072,Power
2020-09-21,Anhui,0.5268475036851871,Power
2020-09-22,Anhui,0.497303916491409,Power
2020-09-23,Anhui,0.5268475036851871,Power
2020-09-24,Anhui,0.5120733922170291,Power
2020-09-25,Anhui,0.4825344407657888,Power
2020-09-26,Anhui,0.5022270750666157,Power
2020-09-27,Anhui,0.5514679323037586,Power
2020-09-28,Anhui,0.5317706622603937,Power
2020-09-29,Anhui,0.5662374080293788,Power
2020-09-30,Anhui,0.581006883754999,Power
2020-09-01,Shandong,1.606894587194055,Power
2020-09-02,Shandong,1.556382892102096,Power
2020-09-03,Shandong,1.4982270628402867,Power
2020-09-04,Shandong,1.4832640768056862,Power
2020-09-05,Shandong,1.4548251095597995,Power
2020-09-06,Shandong,1.4610867939329748,Power
2020-09-07,Shandong,1.504488747213462,Power
2020-09-08,Shandong,1.4974835604286296,Power
2020-09-09,Shandong,1.543011465917449,Power
2020-09-10,Shandong,1.4759452249409362,Power
2020-09-11,Shandong,1.4259679222073558,Power
2020-09-12,Shandong,1.41981079286082,Power
2020-09-13,Shandong,1.3877588685832867,Power
2020-09-14,Shandong,1.4595997891096606,Power
2020-09-15,Shandong,1.2832619280699082,Power
2020-09-16,Shandong,1.3079485315819626,Power
2020-09-17,Shandong,1.3696359972991434,Power
2020-09-18,Shandong,1.357298504155707,Power
2020-09-19,Shandong,1.3202860247253987,Power
2020-09-20,Shandong,1.357298504155707,Power
2020-09-21,Shandong,1.3202860247253987,Power
2020-09-22,Shandong,1.2462494486395999,Power
2020-09-23,Shandong,1.3202860247253987,Power
2020-09-24,Shandong,1.2832619280699082,Power
2020-09-25,Shandong,1.2092369692092915,Power
2020-09-26,Shandong,1.258586941783036,Power
2020-09-27,Shandong,1.3819851076677616,Power
2020-09-28,Shandong,1.3326235178688348,Power
2020-09-29,Shandong,1.4189975870980702,Power
2020-09-30,Shandong,1.4560100665283784,Power
2020-09-01,Shanxi,0.7374390422082189,Power
2020-09-02,Shanxi,0.7142581214771507,Power
2020-09-03,Shanxi,0.6875691405250516,Power
2020-09-04,Shanxi,0.6807022992413313,Power
2020-09-05,Shanxi,0.6676510356834531,Power
2020-09-06,Shanxi,0.6705246594815317,Power
2020-09-07,Shanxi,0.6904427643231302,Power
2020-09-08,Shanxi,0.6872279310202706,Power
2020-09-09,Shanxi,0.7081216817896026,Power
2020-09-10,Shanxi,0.6773435181786422,Power
2020-09-11,Shanxi,0.6544078417791356,Power
2020-09-12,Shanxi,0.6515822005676668,Power
2020-09-13,Shanxi,0.6368728720724928,Power
2020-09-14,Shanxi,0.6698422404719695,Power
2020-09-15,Shanxi,0.5889169424552073,Power
2020-09-16,Shanxi,0.6002461642936432,Power
2020-09-17,Shanxi,0.6285558903934527,Power
2020-09-18,Shanxi,0.6228939451734907,Power
2020-09-19,Shanxi,0.6059081095136052,Power
2020-09-20,Shanxi,0.6228939451734907,Power
2020-09-21,Shanxi,0.6059081095136052,Power
2020-09-22,Shanxi,0.5719311067953217,Power
2020-09-23,Shanxi,0.6059081095136052,Power
2020-09-24,Shanxi,0.5889169424552073,Power
2020-09-25,Shanxi,0.554945271135436,Power
2020-09-26,Shanxi,0.5775930520152835,Power
2020-09-27,Shanxi,0.6342231670119268,Power
2020-09-28,Shanxi,0.611570054733567,Power
2020-09-29,Shanxi,0.6512090026718126,Power
2020-09-30,Shanxi,0.6681948383316982,Power
2020-09-01,Guangdong,0.7059538868245818,Power
2020-09-02,Guangdong,0.6837626816488062,Power
2020-09-03,Guangdong,0.658213193813035,Power
2020-09-04,Guangdong,0.6516395341381502,Power
2020-09-05,Guangdong,0.6391454977374376,Power
2020-09-06,Guangdong,0.6418964314057318,Power
2020-09-07,Guangdong,0.6609641274813293,Power
2020-09-08,Guangdong,0.6578865523385066,Power
2020-09-09,Guangdong,0.6778882388803338,Power
2020-09-10,Guangdong,0.6484241571232611,Power
2020-09-11,Guangdong,0.6264677255073028,Power
2020-09-12,Guangdong,0.6237627257963642,Power
2020-09-13,Guangdong,0.6096814159803648,Power
2020-09-14,Guangdong,0.641243148456675,Power
2020-09-15,Guangdong,0.5637729774900011,Power
2020-09-16,Guangdong,0.574618495198953,Power
2020-09-17,Guangdong,0.6017195300387342,Power
2020-09-18,Guangdong,0.5962993230707779,Power
2020-09-19,Guangdong,0.5800387021669093,Power
2020-09-20,Guangdong,0.5962993230707779,Power
2020-09-21,Guangdong,0.5800387021669093,Power
2020-09-22,Guangdong,0.5475123565861325,Power
2020-09-23,Guangdong,0.5800387021669093,Power
2020-09-24,Guangdong,0.5637729774900011,Power
2020-09-25,Guangdong,0.5312517356822638,Power
2020-09-26,Guangdong,0.5529325635540887,Power
2020-09-27,Guangdong,0.60714484077973,Power
2020-09-28,Guangdong,0.5854589091348655,Power
2020-09-29,Guangdong,0.6234054616835988,Power
2020-09-30,Guangdong,0.6396660825874674,Power
2020-09-01,Guangxi,0.1952469898197834,Power
2020-09-02,Guangxi,0.18910952660595734,Power
2020-09-03,Guangxi,0.18204325686161205,Power
2020-09-04,Guangxi,0.18022516748272338,Power
2020-09-05,Guangxi,0.17676966841477348,Power
2020-09-06,Guangxi,0.17753049929615627,Power
2020-09-07,Guangxi,0.18280408774299484,Power
2020-09-08,Guangxi,0.18195291701669836,Power
2020-09-09,Guangxi,0.1874848209575871,Power
2020-09-10,Guangxi,0.17933588463435396,Power
2020-09-11,Guangxi,0.17326335318405964,Power
2020-09-12,Guangxi,0.17251522634336788,Power
2020-09-13,Guangxi,0.16862073209154035,Power
2020-09-14,Guangxi,0.1773498196063288,Power
2020-09-15,Guangxi,0.155923749200932,Power
2020-09-16,Guangxi,0.15892331436408294,Power
2020-09-17,Guangxi,0.1664186983717684,Power
2020-09-18,Guangxi,0.16491962157023127,Power
2020-09-19,Guangxi,0.16042239116562002,Power
2020-09-20,Guangxi,0.16491962157023127,Power
2020-09-21,Guangxi,0.16042239116562002,Power
2020-09-22,Guangxi,0.15142651879632074,Power
2020-09-23,Guangxi,0.16042239116562002,Power
2020-09-24,Guangxi,0.155923749200932,Power
2020-09-25,Guangxi,0.14692928839170946,Power
2020-09-26,Guangxi,0.15292559559785782,Power
2020-09-27,Guangxi,0.16791918673338224,Power
2020-09-28,Guangxi,0.1619214679671571,Power
2020-09-29,Guangxi,0.17241641713799352,Power
2020-09-30,Guangxi,0.17691364754260477,Power
2020-09-01,Xinjiang,0.6877836349207184,Power
2020-09-02,Xinjiang,0.6661635998958825,Power
2020-09-03,Xinjiang,0.641271719644197,Power
2020-09-04,Xinjiang,0.6348672566469596,Power
2020-09-05,Xinjiang,0.622694799024881,Power
2020-09-06,Xinjiang,0.6253749275617685,Power
2020-09-07,Xinjiang,0.6439518481810845,Power
2020-09-08,Xinjiang,0.640953485457999,Power
2020-09-09,Xinjiang,0.6604403569534754,Power
2020-09-10,Xinjiang,0.6317346388765719,Power
2020-09-11,Xinjiang,0.610343334673066,Power
2020-09-12,Xinjiang,0.6077079578186126,Power
2020-09-13,Xinjiang,0.5939890809479775,Power
2020-09-14,Xinjiang,0.6247384591893722,Power
2020-09-15,Xinjiang,0.5492622605596615,Power
2020-09-16,Xinjiang,0.5598286300232714,Power
2020-09-17,Xinjiang,0.586232122659398,Power
2020-09-18,Xinjiang,0.5809514241321726,Power
2020-09-19,Xinjiang,0.5651093285504968,Power
2020-09-20,Xinjiang,0.5809514241321726,Power
2020-09-21,Xinjiang,0.5651093285504968,Power
2020-09-22,Xinjiang,0.5334201649779857,Power
2020-09-23,Xinjiang,0.5651093285504968,Power
2020-09-24,Xinjiang,0.5492622605596615,Power
2020-09-25,Xinjiang,0.5175780693963098,Power
2020-09-26,Xinjiang,0.538700863505211,Power
2020-09-27,Xinjiang,0.5915177935957826,Power
2020-09-28,Xinjiang,0.570390027077722,Power
2020-09-29,Xinjiang,0.6073598891774585,Power
2020-09-30,Xinjiang,0.6232019847591345,Power
2020-09-01,Jiangsu,1.099459024233856,Power
2020-09-02,Jiangsu,1.0648982388277772,Power
2020-09-03,Jiangsu,1.0251072333671447,Power
2020-09-04,Jiangsu,1.01486935581355,Power
2020-09-05,Jiangsu,0.9954110295315628,Power
2020-09-06,Jiangsu,0.9996953587251867,Power
2020-09-07,Jiangsu,1.0293915625607686,Power
2020-09-08,Jiangsu,1.0245985189545437,Power
2020-09-09,Jiangsu,1.0557493280636565,Power
2020-09-10,Jiangsu,1.0098616983145094,Power
2020-09-11,Jiangsu,0.9756665513924876,Power
2020-09-12,Jiangsu,0.9714537601631358,Power
2020-09-13,Jiangsu,0.9495233997824156,Power
2020-09-14,Jiangsu,0.9986779298999847,Power
2020-09-15,Jiangsu,0.8780251788238881,Power
2020-09-16,Jiangsu,0.8949160870547798,Power
2020-09-17,Jiangsu,0.937123485975267,Power
2020-09-18,Jiangsu,0.9286820061911695,Power
2020-09-19,Jiangsu,0.9033575668388772,Power
2020-09-20,Jiangsu,0.9286820061911695,Power
2020-09-21,Jiangsu,0.9033575668388772,Power
2020-09-22,Jiangsu,0.8527007394715959,Power
2020-09-23,Jiangsu,0.9033575668388772,Power
2020-09-24,Jiangsu,0.8780251788238881,Power
2020-09-25,Jiangsu,0.8273763001193036,Power
2020-09-26,Jiangsu,0.8611422192556932,Power
2020-09-27,Jiangsu,0.9455729144220612,Power
2020-09-28,Jiangsu,0.9117990466229745,Power
2020-09-29,Jiangsu,0.9708973537743536,Power
2020-09-30,Jiangsu,0.9962217931266458,Power
2020-09-01,Jiangxi,0.26666537727767237,Power
2020-09-02,Jiangxi,0.2582829231104997,Power
2020-09-03,Jiangxi,0.24863191907166202,Power
2020-09-04,Jiangxi,0.2461488001739347,Power
2020-09-05,Jiangxi,0.24142933195837843,Power
2020-09-06,Jiangxi,0.24246846323623172,Power
2020-09-07,Jiangxi,0.2496710503495153,Power
2020-09-08,Jiangxi,0.24850853428171285,Power
2020-09-09,Jiangxi,0.25606392477875733,Power
2020-09-10,Jiangxi,0.24493423114787247,Power
2020-09-11,Jiangxi,0.23664045979847578,Power
2020-09-12,Jiangxi,0.23561867950670912,Power
2020-09-13,Jiangxi,0.23029963832749353,Power
2020-09-14,Jiangxi,0.24222169365633336,Power
2020-09-15,Jiangxi,0.21295829167760444,Power
2020-09-16,Jiangxi,0.21705505228138589,Power
2020-09-17,Jiangxi,0.22729213407248222,Power
2020-09-18,Jiangxi,0.22524471771426294,Power
2020-09-19,Jiangxi,0.21910246863960517,Power
2020-09-20,Jiangxi,0.22524471771426294,Power
2020-09-21,Jiangxi,0.21910246863960517,Power
2020-09-22,Jiangxi,0.20681604260294667,Power
2020-09-23,Jiangxi,0.21910246863960517,Power
2020-09-24,Jiangxi,0.21295829167760444,Power
2020-09-25,Jiangxi,0.20067379352828887,Power
2020-09-26,Jiangxi,0.2088634589611659,Power
2020-09-27,Jiangxi,0.2293414783180444,Power
2020-09-28,Jiangxi,0.2211498849978244,Power
2020-09-29,Jiangxi,0.23548372739270224,Power
2020-09-30,Jiangxi,0.24162597646736,Power
2020-09-01,Hebei,0.8537034019897936,Power
2020-09-02,Hebei,0.8268677860857186,Power
2020-09-03,Hebei,0.7959710305163078,Power
2020-09-04,Hebei,0.7880215656394798,Power
2020-09-05,Hebei,0.7729126448176824,Power
2020-09-06,Hebei,0.7762393230541811,Power
2020-09-07,Hebei,0.7992977087528065,Power
2020-09-08,Hebei,0.7955760260503785,Power
2020-09-09,Hebei,0.8197638776437706,Power
2020-09-10,Hebei,0.7841332404279879,Power
2020-09-11,Hebei,0.7575815339837998,Power
2020-09-12,Hebei,0.7543104032503225,Power
2020-09-13,Hebei,0.7372820076018997,Power
2020-09-14,Hebei,0.7754493141223224,Power
2020-09-15,Hebei,0.6817653643044865,Power
2020-09-16,Hebei,0.6948807469622967,Power
2020-09-17,Hebei,0.727653773744872,Power
2020-09-18,Hebei,0.7210991683883569,Power
2020-09-19,Hebei,0.7014353523188117,Power
2020-09-20,Hebei,0.7210991683883569,Power
2020-09-21,Hebei,0.7014353523188117,Power
2020-09-22,Hebei,0.6621015482349414,Power
2020-09-23,Hebei,0.7014353523188117,Power
2020-09-24,Hebei,0.6817653643044865,Power
2020-09-25,Hebei,0.6424377321653962,Power
2020-09-26,Hebei,0.6686561535914564,Power
2020-09-27,Hebei,0.7342145510461671,Power
2020-09-28,Hebei,0.7079899576753267,Power
2020-09-29,Hebei,0.7538783671157123,Power
2020-09-30,Hebei,0.7735421831852575,Power
2020-09-01,Henan,0.6580891044878096,Power
2020-09-02,Henan,0.6374024978776808,Power
2020-09-03,Henan,0.613585305446608,Power
2020-09-04,Henan,0.6074573502226325,Power
2020-09-05,Henan,0.59581042911371,Power
2020-09-06,Henan,0.5983748451585259,Power
2020-09-07,Henan,0.6161497214914239,Power
2020-09-08,Henan,0.6132808107770937,Power
2020-09-09,Henan,0.6319263515556343,Power
2020-09-10,Henan,0.6044599808196011,Power
2020-09-11,Henan,0.5839922297531858,Power
2020-09-12,Henan,0.5814706332712704,Power
2020-09-13,Henan,0.5683440583776768,Power
2020-09-14,Henan,0.5977658558194973,Power
2020-09-15,Henan,0.5255482841232824,Power
2020-09-16,Henan,0.5356584586969997,Power
2020-09-17,Henan,0.5609220008082655,Power
2020-09-18,Henan,0.5558692923860122,Power
2020-09-19,Henan,0.5407111671192528,Power
2020-09-20,Henan,0.5558692923860122,Power
2020-09-21,Henan,0.5407111671192528,Power
2020-09-22,Henan,0.510390158856523,Power
2020-09-23,Henan,0.5407111671192528,Power
2020-09-24,Henan,0.5255482841232824,Power
2020-09-25,Henan,0.49523203358976353,Power
2020-09-26,Henan,0.5154428672787761,Power
2020-09-27,Henan,0.5659794669597297,Power
2020-09-28,Henan,0.545763875541506,Power
2020-09-29,Henan,0.5811375922264892,Power
2020-09-30,Henan,0.5962957174932486,Power
2020-09-01,Zhejiang,0.5262868645248094,Power
2020-09-02,Zhejiang,0.5097433763311001,Power
2020-09-03,Zhejiang,0.4906962967778092,Power
2020-09-04,Zhejiang,0.4857956498611814,Power
2020-09-05,Zhejiang,0.4764813768395162,Power
2020-09-06,Zhejiang,0.4785321910383224,Power
2020-09-07,Zhejiang,0.4927471109766154,Power
2020-09-08,Zhejiang,0.490452786372014,Power
2020-09-09,Zhejiang,0.5053639938768776,Power
2020-09-10,Zhejiang,0.4833985943041353,Power
2020-09-11,Zhejiang,0.4670301292145912,Power
2020-09-12,Zhejiang,0.4650135586666,Power
2020-09-13,Zhejiang,0.45451597726677384,Power
2020-09-14,Zhejiang,0.47804517022673204,Power
2020-09-15,Zhejiang,0.42029135070228096,Power
2020-09-16,Zhejiang,0.42837665714469864,Power
2020-09-17,Zhejiang,0.44858041112551666,Power
2020-09-18,Zhejiang,0.444539660329353,Power
2020-09-19,Zhejiang,0.43241740794086225,Power
2020-09-20,Zhejiang,0.444539660329353,Power
2020-09-21,Zhejiang,0.43241740794086225,Power
2020-09-22,Zhejiang,0.4081690983137902,Power
2020-09-23,Zhejiang,0.43241740794086225,Power
2020-09-24,Zhejiang,0.42029135070228096,Power
2020-09-25,Zhejiang,0.39604684592529943,Power
2020-09-26,Zhejiang,0.4122098491099538,Power
2020-09-27,Zhejiang,0.4526249667717707,Power
2020-09-28,Zhejiang,0.4364581587370258,Power
2020-09-29,Zhejiang,0.46474721916026157,Power
2020-09-30,Zhejiang,0.4768694715487523,Power
2020-09-01,Hainan,0.0524293455124533,Power
2020-09-02,Hainan,0.050781262846980854,Power
2020-09-03,Hainan,0.04888376932734999,Power
2020-09-04,Hainan,0.048395560846869655,Power
2020-09-05,Hainan,0.047467661498875977,Power
2020-09-06,Hainan,0.04767196613472916,Power
2020-09-07,Hainan,0.04908807396320317,Power
2020-09-08,Hainan,0.0488595105208665,Power
2020-09-09,Hainan,0.05034498337412925,Power
2020-09-10,Hainan,0.04815676322054776,Power
2020-09-11,Hainan,0.046526116572235335,Power
2020-09-12,Hainan,0.04632522333104389,Power
2020-09-13,Hainan,0.045279441345294484,Power
2020-09-14,Hainan,0.047623448521762174,Power
2020-09-15,Hainan,0.04186994190280954,Power
2020-09-16,Hainan,0.04267541008683183,Power
2020-09-17,Hainan,0.044688132937259296,Power
2020-09-18,Hainan,0.0442855883671738,Power
2020-09-19,Hainan,0.04307795465691732,Power
2020-09-20,Hainan,0.0442855883671738,Power
2020-09-21,Hainan,0.04307795465691732,Power
2020-09-22,Hainan,0.040662308192553065,Power
2020-09-23,Hainan,0.04307795465691732,Power
2020-09-24,Hainan,0.04186994190280954,Power
2020-09-25,Hainan,0.03945467448229659,Power
2020-09-26,Hainan,0.041064852762638555,Power
2020-09-27,Hainan,0.04509105655119609,Power
2020-09-28,Hainan,0.04348049922700281,Power
2020-09-29,Hainan,0.04629869026145258,Power
2020-09-30,Hainan,0.04750632397170906,Power
2020-09-01,Hubei,0.30535511980280755,Power
2020-09-02,Hubei,0.2957564785296539,Power
2020-09-03,Hubei,0.28470523699023187,Power
2020-09-04,Hubei,0.28186184923498303,Power
2020-09-05,Hubei,0.27645764642065923,Power
2020-09-06,Hubei,0.27764754238345357,Power
2020-09-07,Hubei,0.2858951329530262,Power
2020-09-08,Hubei,0.284563950642145,Power
2020-09-09,Hubei,0.2932155318632786,Power
2020-09-10,Hubei,0.2804710617460027,Power
2020-09-11,Hubei,0.2709739700355365,Power
2020-09-12,Hubei,0.2698039424654419,Power
2020-09-13,Hubei,0.2637131763033833,Power
2020-09-14,Hubei,0.2773649696872798,Power
2020-09-15,Hubei,0.24385582159960764,Power
2020-09-16,Hubei,0.2485469698759304,Power
2020-09-17,Hubei,0.2602693215687652,Power
2020-09-18,Hubei,0.2579248512301982,Power
2020-09-19,Hubei,0.2508914402144974,Power
2020-09-20,Hubei,0.2579248512301982,Power
2020-09-21,Hubei,0.2508914402144974,Power
2020-09-22,Hubei,0.23682241058390677,Power
2020-09-23,Hubei,0.2508914402144974,Power
2020-09-24,Hubei,0.24385582159960764,Power
2020-09-25,Hubei,0.2297889995682059,Power
2020-09-26,Hubei,0.2391668809224737,Power
2020-09-27,Hubei,0.262615999506521,Power
2020-09-28,Hubei,0.25323591055306427,Power
2020-09-29,Hubei,0.2696494105222219,Power
2020-09-30,Hubei,0.2766828215379228,Power
2020-09-01,Hunan,0.19479550746041177,Power
2020-09-02,Hunan,0.18867223630339996,Power
2020-09-03,Hunan,0.1816223063558376,Power
2020-09-04,Hunan,0.17980842106369613,Power
2020-09-05,Hunan,0.17636091237179988,Power
2020-09-06,Hunan,0.17711998393427217,Power
2020-09-07,Hunan,0.18238137791830988,Power
2020-09-08,Hunan,0.18153217540964425,Power
2020-09-09,Hunan,0.18705128756795364,Power
2020-09-10,Hunan,0.1789211945621052,Power
2020-09-11,Hunan,0.1728627050226699,Power
2020-09-12,Hunan,0.1721163081245061,Power
2020-09-13,Hunan,0.16823081936595147,Power
2020-09-14,Hunan,0.1769397220418854,Power
2020-09-15,Hunan,0.15556319653768078,Power
2020-09-16,Hunan,0.15855582561050735,Power
2020-09-17,Hunan,0.1660338775524882,Power
2020-09-18,Hunan,0.164538267164092,Power
2020-09-19,Hunan,0.1600514359989035,Power
2020-09-20,Hunan,0.164538267164092,Power
2020-09-21,Hunan,0.1600514359989035,Power
2020-09-22,Hunan,0.15107636537249228,Power
2020-09-23,Hunan,0.1600514359989035,Power
2020-09-24,Hunan,0.15556319653768078,Power
2020-09-25,Hunan,0.14658953420730378,Power
2020-09-26,Hunan,0.15257197576088843,Power
2020-09-27,Hunan,0.1675308962369186,Power
2020-09-28,Hunan,0.16154704638729966,Power
2020-09-29,Hunan,0.1720177274021071,Power
2020-09-30,Hunan,0.1765045585672956,Power
2020-09-01,Gansu,0.14797525634489753,Power
2020-09-02,Gansu,0.14332374958819122,Power
2020-09-03,Gansu,0.13796831195616,Power
2020-09-04,Gansu,0.13659040471084313,Power
2020-09-05,Gansu,0.1339715251017316,Power
2020-09-06,Gansu,0.13454814932939138,Power
2020-09-07,Gansu,0.1385449361838198,Power
2020-09-08,Gansu,0.13789984451539894,Power
2020-09-09,Gansu,0.14209240545825355,Power
2020-09-10,Gansu,0.13591642834085121,Power
2020-09-11,Gansu,0.13131413255719196,Power
2020-09-12,Gansu,0.1307471365633892,Power
2020-09-13,Gansu,0.12779554798432927,Power
2020-09-14,Gansu,0.13441121444786922,Power
2020-09-15,Gansu,0.11817266314611098,Power
2020-09-16,Gansu,0.12044599614013142,Power
2020-09-17,Gansu,0.1261266541157778,Power
2020-09-18,Gansu,0.1249905225206485,Power
2020-09-19,Gansu,0.1215821277352607,Power
2020-09-20,Gansu,0.1249905225206485,Power
2020-09-21,Gansu,0.1215821277352607,Power
2020-09-22,Gansu,0.11476426836072318,Power
2020-09-23,Gansu,0.1215821277352607,Power
2020-09-24,Gansu,0.11817266314611098,Power
2020-09-25,Gansu,0.11135587357533534,Power
2020-09-26,Gansu,0.11590039995585243,Power
2020-09-27,Gansu,0.12726385551466896,Power
2020-09-28,Gansu,0.12271825933038996,Power
2020-09-29,Gansu,0.1306722503000568,Power
2020-09-30,Gansu,0.13408064508544462,Power
2020-09-01,Fujian,0.31460285592654696,Power
2020-09-02,Fujian,0.3047135180320369,Power
2020-09-03,Fujian,0.293327587604273,Power
2020-09-04,Fujian,0.2903980873264145,Power
2020-09-05,Fujian,0.2848302172330933,Power
2020-09-06,Fujian,0.2860561494145885,Power
2020-09-07,Fujian,0.2945535197857682,Power
2020-09-08,Fujian,0.2931820223730751,Power
2020-09-09,Fujian,0.30209561832721143,Power
2020-09-10,Fujian,0.28896517958180984,Power
2020-09-11,Fujian,0.2791804666972233,Power
2020-09-12,Fujian,0.2779750046263654,Power
2020-09-13,Fujian,0.2716997784876917,Power
2020-09-14,Fujian,0.2857650189521926,Power
2020-09-15,Fujian,0.2512410401341688,Power
2020-09-16,Fujian,0.25607426070128786,Power
2020-09-17,Fujian,0.26815162597724196,Power
2020-09-18,Fujian,0.2657361529220511,Power
2020-09-19,Fujian,0.2584897337564787,Power
2020-09-20,Fujian,0.2657361529220511,Power
2020-09-21,Fujian,0.2584897337564787,Power
2020-09-22,Fujian,0.2439946209685964,Power
2020-09-23,Fujian,0.2584897337564787,Power
2020-09-24,Fujian,0.2512410401341688,Power
2020-09-25,Fujian,0.23674820180302394,Power
2020-09-26,Fujian,0.2464100940237872,Power
2020-09-27,Fujian,0.2705693734891702,Power
2020-09-28,Fujian,0.26090520681166945,Power
2020-09-29,Fujian,0.2778157926547427,Power
2020-09-30,Fujian,0.2850622118203151,Power
2020-09-01,Tibet,0.0012281850623584258,Power
2020-09-02,Tibet,0.0011895778569569332,Power
2020-09-03,Tibet,0.0011451280707932092,Power
2020-09-04,Tibet,0.001133691529726714,Power
2020-09-05,Tibet,0.0011119549982587162,Power
2020-09-06,Tibet,0.0011167409420745867,Power
2020-09-07,Tibet,0.0011499140146090797,Power
2020-09-08,Tibet,0.0011445597954607128,Power
2020-09-09,Tibet,0.0011793577802740635,Power
2020-09-10,Tibet,0.00112809756942245,Power
2020-09-11,Tibet,0.0010898988119161894,Power
2020-09-12,Tibet,0.0010851927818189514,Power
2020-09-13,Tibet,0.0010606947874071029,Power
2020-09-14,Tibet,0.0011156043914095934,Power
2020-09-15,Tibet,0.0009808254652851102,Power
2020-09-16,Tibet,0.0009996939821844135,Power
2020-09-17,Tibet,0.0010468430761774966,Power
2020-09-18,Tibet,0.0010374132573788798,Power
2020-09-19,Tibet,0.0010091238009830301,Power
2020-09-20,Tibet,0.0010374132573788798,Power
2020-09-21,Tibet,0.0010091238009830301,Power
2020-09-22,Tibet,0.0009525360088892603,Power
2020-09-23,Tibet,0.0010091238009830301,Power
2020-09-24,Tibet,0.0009808254652851102,Power
2020-09-25,Tibet,0.0009242465524934105,Power
2020-09-26,Tibet,0.0009619658276878769,Power
2020-09-27,Tibet,0.0010562817742781833,Power
2020-09-28,Tibet,0.0010185536197816465,Power
2020-09-29,Tibet,0.0010845712306740334,Power
2020-09-30,Tibet,0.001112860687069883,Power
2020-09-01,Guizhou,0.22123018221378984,Power
2020-09-02,Guizhou,0.21427595410313657,Power
2020-09-03,Guizhou,0.20626931520664846,Power
2020-09-04,Guizhou,0.2042092770726739,Power
2020-09-05,Guizhou,0.20029392509133095,Power
2020-09-06,Guizhou,0.20115600626696162,Power
2020-09-07,Guizhou,0.20713139638227915,Power
2020-09-08,Guizhou,0.2061669530633454,Power
2020-09-09,Guizhou,0.21243503493217017,Power
2020-09-10,Guizhou,0.2032016497245342,Power
2020-09-11,Guizhou,0.19632099440438003,Power
2020-09-12,Guizhou,0.19547330790515138,Power
2020-09-13,Guizhou,0.19106053988369498,Power
2020-09-14,Guizhou,0.20095128198035545,Power
2020-09-15,Guizhou,0.1766738605241444,Power
2020-09-16,Guizhou,0.18007260356350457,Power
2020-09-17,Guizhou,0.18856546264068233,Power
2020-09-18,Guizhou,0.18686689082524677,Power
2020-09-19,Guizhou,0.18177117537894014,Power
2020-09-20,Guizhou,0.18686689082524677,Power
2020-09-21,Guizhou,0.18177117537894014,Power
2020-09-22,Guizhou,0.17157814507783778,Power
2020-09-23,Guizhou,0.18177117537894014,Power
2020-09-24,Guizhou,0.1766738605241444,Power
2020-09-25,Guizhou,0.16648242963153112,Power
2020-09-26,Guizhou,0.17327671689327329,Power
2020-09-27,Guizhou,0.190265633864607,Power
2020-09-28,Guizhou,0.18346974719437567,Power
2020-09-29,Guizhou,0.19536134931091365,Power
2020-09-30,Guizhou,0.20045706475722028,Power
2020-09-01,Liaoning,0.390080758497091,Power
2020-09-02,Liaoning,0.37781882140957396,Power
2020-09-03,Liaoning,0.36370123698912543,Power
2020-09-04,Liaoning,0.3600689060395574,Power
2020-09-05,Liaoning,0.35316522112919824,Power
2020-09-06,Liaoning,0.3546852726678762,Power
2020-09-07,Liaoning,0.3652212885278034,Power
2020-09-08,Liaoning,0.363520748494737,Power
2020-09-09,Liaoning,0.3745728486433062,Power
2020-09-10,Liaoning,0.35829222242292086,Power
2020-09-11,Liaoning,0.3461600114407456,Power
2020-09-12,Liaoning,0.344665341096591,Power
2020-09-13,Liaoning,0.3368845949088129,Power
2020-09-14,Liaoning,0.35432429567909923,Power
2020-09-15,Liaoning,0.31151750104905773,Power
2020-09-16,Liaoning,0.3175102830893,Power
2020-09-17,Liaoning,0.33248518785809383,Power
2020-09-18,Liaoning,0.32949020690433506,Power
2020-09-19,Liaoning,0.3205052640430588,Power
2020-09-20,Liaoning,0.32949020690433506,Power
2020-09-21,Liaoning,0.3205052640430588,Power
2020-09-22,Liaoning,0.3025325581877815,Power
2020-09-23,Liaoning,0.3205052640430588,Power
2020-09-24,Liaoning,0.31151750104905773,Power
2020-09-25,Liaoning,0.2935476153265052,Power
2020-09-26,Liaoning,0.30552753914154024,Power
2020-09-27,Liaoning,0.33548298894457734,Power
2020-09-28,Liaoning,0.3235002449968175,Power
2020-09-29,Liaoning,0.34446793180585367,Power
2020-09-30,Liaoning,0.35345287466712993,Power
2020-09-01,Chongqing,0.07044272642704354,Power
2020-09-02,Chongqing,0.06822840474901587,Power
2020-09-03,Chongqing,0.06567898103231705,Power
2020-09-04,Chongqing,0.06502303661619478,Power
2020-09-05,Chongqing,0.06377633480667047,Power
2020-09-06,Chongqing,0.06405083328515643,Power
2020-09-07,Chongqing,0.065953479510803,Power
2020-09-08,Chongqing,0.06564638752095694,Power
2020-09-09,Chongqing,0.06764223081814884,Power
2020-09-10,Chongqing,0.06470219423874368,Power
2020-09-11,Chongqing,0.06251129914700611,Power
2020-09-12,Chongqing,0.06224138413105518,Power
2020-09-13,Chongqing,0.06083629822726532,Power
2020-09-14,Chongqing,0.0639856462624362,Power
2020-09-15,Chongqing,0.05625538206032449,Power
2020-09-16,Chongqing,0.057337588492203224,Power
2020-09-17,Chongqing,0.06004183138786258,Power
2020-09-18,Chongqing,0.0595009828087307,Power
2020-09-19,Chongqing,0.057878437071335095,Power
2020-09-20,Chongqing,0.0595009828087307,Power
2020-09-21,Chongqing,0.057878437071335095,Power
2020-09-22,Chongqing,0.054632836322928875,Power
2020-09-23,Chongqing,0.057878437071335095,Power
2020-09-24,Chongqing,0.05625538206032449,Power
2020-09-25,Chongqing,0.05301029058553326,Power
2020-09-26,Chongqing,0.055173684902060746,Power
2020-09-27,Chongqing,0.060583189240609445,Power
2020-09-28,Chongqing,0.05841928565046696,Power
2020-09-29,Chongqing,0.062205734978005064,Power
2020-09-30,Chongqing,0.06382828071540067,Power
2020-09-01,Shaanxi,0.5119580387972944,Power
2020-09-02,Shaanxi,0.49586496799993585,Power
2020-09-03,Shaanxi,0.47733646928522167,Power
2020-09-04,Shaanxi,0.47256924868103634,Power
2020-09-05,Shaanxi,0.4635085685264978,Power
2020-09-06,Shaanxi,0.46550354671411887,Power
2020-09-07,Shaanxi,0.47933144747284273,Power
2020-09-08,Shaanxi,0.47709958875830566,Power
2020-09-09,Shaanxi,0.49160481977368015,Power
2020-09-10,Shaanxi,0.47023745599420663,Power
2020-09-11,Shaanxi,0.45431464307556896,Power
2020-09-12,Shaanxi,0.4523529762120455,Power
2020-09-13,Shaanxi,0.4421412047470243,Power
2020-09-14,Shaanxi,0.46502978566028674,Power
2020-09-15,Shaanxi,0.4088483869406213,Power
2020-09-16,Shaanxi,0.41671356068588045,Power
2020-09-17,Shaanxi,0.43636724190344583,Power
2020-09-18,Shaanxi,0.4324365056599327,Power
2020-09-19,Shaanxi,0.42064429692939354,Power
2020-09-20,Shaanxi,0.4324365056599327,Power
2020-09-21,Shaanxi,0.42064429692939354,Power
2020-09-22,Shaanxi,0.39705617821008216,Power
2020-09-23,Shaanxi,0.42064429692939354,Power
2020-09-24,Shaanxi,0.4088483869406213,Power
2020-09-25,Shaanxi,0.38526396947954294,Power
2020-09-26,Shaanxi,0.4009869144535952,Power
2020-09-27,Shaanxi,0.4403016794051919,Power
2020-09-28,Shaanxi,0.42457503317290657,Power
2020-09-29,Shaanxi,0.45209388813573115,Power
2020-09-30,Shaanxi,0.4638860968662703,Power
2020-09-01,Qinghai,0.02730320437691503,Power
2020-09-02,Qinghai,0.026444945754656307,Power
2020-09-03,Qinghai,0.02545680346785153,Power
2020-09-04,Qinghai,0.02520256310320819,Power
2020-09-05,Qinghai,0.024719348497115882,Power
2020-09-06,Qinghai,0.024825742562754674,Power
2020-09-07,Qinghai,0.02556319753349032,Power
2020-09-08,Qinghai,0.025444170406254345,Power
2020-09-09,Qinghai,0.02621774803749444,Power
2020-09-10,Qinghai,0.02507820640311091,Power
2020-09-11,Qinghai,0.02422902779387516,Power
2020-09-12,Qinghai,0.024124410252523477,Power
2020-09-13,Qinghai,0.023579806862732353,Power
2020-09-14,Qinghai,0.024800476439560303,Power
2020-09-15,Qinghai,0.02180426953356556,Power
2020-09-16,Qinghai,0.022223726656909575,Power
2020-09-17,Qinghai,0.023271875986300983,Power
2020-09-18,Qinghai,0.023062246120422698,Power
2020-09-19,Qinghai,0.022433356522787856,Power
2020-09-20,Qinghai,0.023062246120422698,Power
2020-09-21,Qinghai,0.022433356522787856,Power
2020-09-22,Qinghai,0.02117537993593072,Power
2020-09-23,Qinghai,0.022433356522787856,Power
2020-09-24,Qinghai,0.02180426953356556,Power
2020-09-25,Qinghai,0.020546490338295878,Power
2020-09-26,Qinghai,0.021385009801808998,Power
2020-09-27,Qinghai,0.023481703243766715,Power
2020-09-28,Qinghai,0.022642986388666134,Power
2020-09-29,Qinghai,0.02411059284140156,Power
2020-09-30,Qinghai,0.0247394824390364,Power
2020-09-01,Heilongjiang,0.17317026767084842,Power
2020-09-02,Heilongjiang,0.16772677198090588,Power
2020-09-03,Heilongjiang,0.1614594906046749,Power
2020-09-04,Heilongjiang,0.15984697394215283,Power
2020-09-05,Heilongjiang,0.15678219072021649,Power
2020-09-06,Heilongjiang,0.15745699388877193,Power
2020-09-07,Heilongjiang,0.16213429377323035,Power
2020-09-08,Heilongjiang,0.16137936555312102,Power
2020-09-09,Heilongjiang,0.16628577300686637,Power
2020-09-10,Heilongjiang,0.15905824296591925,Power
2020-09-11,Heilongjiang,0.15367233715678108,Power
2020-09-12,Heilongjiang,0.15300880157360042,Power
2020-09-13,Heilongjiang,0.14955466067926937,Power
2020-09-14,Heilongjiang,0.15729674378566413,Power
2020-09-15,Heilongjiang,0.138293335074156,Power
2020-09-16,Heilongjiang,0.1409537371765313,Power
2020-09-17,Heilongjiang,0.14760161254764326,Power
2020-09-18,Heilongjiang,0.14627203747342085,Power
2020-09-19,Heilongjiang,0.1422833122507537,Power
2020-09-20,Heilongjiang,0.14627203747342085,Power
2020-09-21,Heilongjiang,0.1422833122507537,Power
2020-09-22,Heilongjiang,0.13430460985148884,Power
2020-09-23,Heilongjiang,0.1422833122507537,Power
2020-09-24,Heilongjiang,0.138293335074156,Power
2020-09-25,Heilongjiang,0.13031588462882165,Power
2020-09-26,Heilongjiang,0.13563418492571122,Power
2020-09-27,Heilongjiang,0.14893243957579616,Power
2020-09-28,Heilongjiang,0.14361288732497607,Power
2020-09-29,Heilongjiang,0.15292116479846338,Power
2020-09-30,Heilongjiang,0.15690989002113054,Power
2021-10-01,Shanghai,0.11268835980213339,Power
2021-10-02,Shanghai,0.11084249100781599,Power
2021-10-03,Shanghai,0.10893433291483103,Power
2021-10-04,Shanghai,0.10751834801272629,Power
2021-10-05,Shanghai,0.10998009128119335,Power
2021-10-06,Shanghai,0.11127325221409443,Power
2021-10-07,Shanghai,0.11447369392591472,Power
2021-10-08,Shanghai,0.11287347307000459,Power
2021-10-09,Shanghai,0.10985726731198972,Power
2021-10-10,Shanghai,0.10542595396593588,Power
2021-10-11,Shanghai,0.10721128808971722,Power
2021-10-12,Shanghai,0.10413367034710057,Power
2021-10-13,Shanghai,0.10444160758417537,Power
2021-10-14,Shanghai,0.10548736595053772,Power
2021-10-15,Shanghai,0.10721128808971722,Power
2021-10-16,Shanghai,0.10536454198133408,Power
2021-10-17,Shanghai,0.10179475104783714,Power
2021-10-18,Shanghai,0.10210268828491195,Power
2021-10-19,Shanghai,0.10290279871286705,Power
2021-10-20,Shanghai,0.10462584353798082,Power
2021-10-21,Shanghai,0.10548736595053772,Power
2021-10-22,Shanghai,0.10345638388834912,Power
2021-10-23,Shanghai,0.1025334494911904,Power
2021-10-24,Shanghai,0.10265627346039403,Power
2021-10-25,Shanghai,0.09982605828431611,Power
2021-10-26,Shanghai,0.1027799747436634,Power
2021-10-27,Shanghai,0.10407225836249875,Power
2021-10-28,Shanghai,0.10591812715681616,Power
2021-10-29,Shanghai,0.1062874763784928,Power
2021-10-30,Shanghai,0.10591812715681616,Power
2021-10-31,Shanghai,0.10431878361497175,Power
2021-10-01,Yunnan,0.06906473053835435,Power
2021-10-02,Yunnan,0.06793342974462077,Power
2021-10-03,Yunnan,0.0667639529260036,Power
2021-10-04,Yunnan,0.06589612047301593,Power
2021-10-05,Yunnan,0.06740487999165493,Power
2021-10-06,Yunnan,0.06819743577585803,Power
2021-10-07,Yunnan,0.07015893068818697,Power
2021-10-08,Yunnan,0.0691781832320225,Power
2021-10-09,Yunnan,0.06732960332287038,Power
2021-10-10,Yunnan,0.06461372865122193,Power
2021-10-11,Yunnan,0.06570792880105455,Power
2021-10-12,Yunnan,0.06382171055751017,Power
2021-10-13,Yunnan,0.06401043991996286,Power
2021-10-14,Yunnan,0.06465136698561422,Power
2021-10-15,Yunnan,0.06570792880105455,Power
2021-10-16,Yunnan,0.06457609031682965,Power
2021-10-17,Yunnan,0.06238822770765572,Power
2021-10-18,Yunnan,0.06257695707010842,Power
2021-10-19,Yunnan,0.06306733079819067,Power
2021-10-20,Yunnan,0.0641233549231397,Power
2021-10-21,Yunnan,0.06465136698561422,Power
2021-10-22,Yunnan,0.06340661349821249,Power
2021-10-23,Yunnan,0.0628409631013457,Power
2021-10-24,Yunnan,0.06291623977013025,Power
2021-10-25,Yunnan,0.061181650245137595,Power
2021-10-26,Yunnan,0.06299205412940612,Power
2021-10-27,Yunnan,0.0637840722231179,Power
2021-10-28,Yunnan,0.06491537301685148,Power
2021-10-29,Yunnan,0.06514174071369645,Power
2021-10-30,Yunnan,0.06491537301685148,Power
2021-10-31,Yunnan,0.06393516325117832,Power
2021-10-01,InnerMongolia,1.2834456667269174,Power
2021-10-02,InnerMongolia,1.2624224456100879,Power
2021-10-03,InnerMongolia,1.2406897907008176,Power
2021-10-04,InnerMongolia,1.224562661954352,Power
2021-10-05,InnerMongolia,1.2526002847936222,Power
2021-10-06,InnerMongolia,1.2673285300056978,Power
2021-10-07,InnerMongolia,1.303779438101798,Power
2021-10-08,InnerMongolia,1.285553984053748,Power
2021-10-09,InnerMongolia,1.2512014012592325,Power
2021-10-10,InnerMongolia,1.2007316817434968,Power
2021-10-11,InnerMongolia,1.2210654531183773,Power
2021-10-12,InnerMongolia,1.1860134285566672,Power
2021-10-13,InnerMongolia,1.1895206294178873,Power
2021-10-14,InnerMongolia,1.201431123510692,Power
2021-10-15,InnerMongolia,1.2210654531183773,Power
2021-10-16,InnerMongolia,1.200032239976302,Power
2021-10-17,InnerMongolia,1.1593746892517867,Power
2021-10-18,InnerMongolia,1.162881890113007,Power
2021-10-19,InnerMongolia,1.1719946171370321,Power
2021-10-20,InnerMongolia,1.191618954719472,Power
2021-10-21,InnerMongolia,1.201431123510692,Power
2021-10-22,InnerMongolia,1.1782995850670317,Power
2021-10-23,InnerMongolia,1.1677879745086168,Power
2021-10-24,InnerMongolia,1.1691868580430067,Power
2021-10-25,InnerMongolia,1.1369525846005673,Power
2021-10-26,InnerMongolia,1.170595733602642,Power
2021-10-27,InnerMongolia,1.1853139867894722,Power
2021-10-28,InnerMongolia,1.206337207906302,Power
2021-10-29,InnerMongolia,1.210543850534717,Power
2021-10-30,InnerMongolia,1.206337207906302,Power
2021-10-31,InnerMongolia,1.1881217458834974,Power
2021-10-01,Beijing,0.05949698642166964,Power
2021-10-02,Beijing,0.058522408117534924,Power
2021-10-03,Beijing,0.057514942427661815,Power
2021-10-04,Beijing,0.05676733340538355,Power
2021-10-05,Beijing,0.058067079945973876,Power
2021-10-06,Beijing,0.05874984060200743,Power
2021-10-07,Beijing,0.06043960374529805,Power
2021-10-08,Beijing,0.05959472217365274,Power
2021-10-09,Beijing,0.058002231579729176,Power
2021-10-10,Beijing,0.05566259516614338,Power
2021-10-11,Beijing,0.05660521248977179,Power
2021-10-12,Beijing,0.054980297712725876,Power
2021-10-13,Beijing,0.05514288183095367,Power
2021-10-14,Beijing,0.05569501934926574,Power
2021-10-15,Beijing,0.05660521248977179,Power
2021-10-16,Beijing,0.05563017098302103,Power
2021-10-17,Beijing,0.053745399538380256,Power
2021-10-18,Beijing,0.05390798365660805,Power
2021-10-19,Beijing,0.05433042444243072,Power
2021-10-20,Beijing,0.05524015438032073,Power
2021-10-21,Beijing,0.05569501934926574,Power
2021-10-22,Beijing,0.05462270529314792,Power
2021-10-23,Beijing,0.05413541614108056,Power
2021-10-24,Beijing,0.05420026450732527,Power
2021-10-25,Beijing,0.05270597286800083,Power
2021-10-26,Beijing,0.054265576076186005,Power
2021-10-27,Beijing,0.05494787352960353,Power
2021-10-28,Beijing,0.05592245183373825,Power
2021-10-29,Beijing,0.0561174601350884,Power
2021-10-30,Beijing,0.05592245183373825,Power
2021-10-31,Beijing,0.05507803346470897,Power
2021-10-01,Jilin,0.14978202244155914,Power
2021-10-02,Jilin,0.1473285484389196,Power
2021-10-03,Jilin,0.1447922813496891,Power
2021-10-04,Jilin,0.14291019625450838,Power
2021-10-05,Jilin,0.1461822723245685,Power
2021-10-06,Jilin,0.1479011034461896,Power
2021-10-07,Jilin,0.15215503555722998,Power
2021-10-08,Jilin,0.1500280695017098,Power
2021-10-09,Jilin,0.14601901835100886,Power
2021-10-10,Jilin,0.14012904820493838,Power
2021-10-11,Jilin,0.14250206132060922,Power
2021-10-12,Jilin,0.13841138318312848,Power
2021-10-13,Jilin,0.13882068421683877,Power
2021-10-14,Jilin,0.14021067519171823,Power
2021-10-15,Jilin,0.14250206132060922,Power
2021-10-16,Jilin,0.14004742121815855,Power
2021-10-17,Jilin,0.135302561086628,Power
2021-10-18,Jilin,0.1357118621203383,Power
2021-10-19,Jilin,0.13677534514809842,Power
2021-10-20,Jilin,0.1390655651771783,Power
2021-10-21,Jilin,0.14021067519171823,Power
2021-10-22,Jilin,0.13751115412892803,Power
2021-10-23,Jilin,0.13628441712760828,Power
2021-10-24,Jilin,0.13644767110116796,Power
2021-10-25,Jilin,0.1326858331104288,Power
2021-10-26,Jilin,0.13661209117453874,Power
2021-10-27,Jilin,0.13832975619634866,Power
2021-10-28,Jilin,0.1407832301989882,Power
2021-10-29,Jilin,0.14127415821947834,Power
2021-10-30,Jilin,0.1407832301989882,Power
2021-10-31,Jilin,0.13865743024327912,Power
2021-10-01,Sichuan,0.0762863254138142,Power
2021-10-02,Sichuan,0.07503673275169936,Power
2021-10-03,Sichuan,0.07374497227636677,Power
2021-10-04,Sichuan,0.07278639691674063,Power
2021-10-05,Sichuan,0.07445291640813524,Power
2021-10-06,Sichuan,0.0753283439670503,Power
2021-10-07,Sichuan,0.07749493808843573,Power
2021-10-08,Sichuan,0.07641164102774302,Power
2021-10-09,Sichuan,0.07436976860742418,Power
2021-10-10,Sichuan,0.07136991474034145,Power
2021-10-11,Sichuan,0.07257852741496297,Power
2021-10-12,Sichuan,0.07049508109428862,Power
2021-10-13,Sichuan,0.07070354450892849,Power
2021-10-14,Sichuan,0.07141148864069699,Power
2021-10-15,Sichuan,0.07257852741496297,Power
2021-10-16,Sichuan,0.07132834083998592,Power
2021-10-17,Sichuan,0.06891170940360508,Power
2021-10-18,Sichuan,0.06912017281824495,Power
2021-10-19,Sichuan,0.06966182134859132,Power
2021-10-20,Sichuan,0.07082826620999509,Power
2021-10-21,Sichuan,0.07141148864069699,Power
2021-10-22,Sichuan,0.07003658036465332,Power
2021-10-23,Sichuan,0.06941178403359591,Power
2021-10-24,Sichuan,0.06949493183430697,Power
2021-10-25,Sichuan,0.06757896894077918,Power
2021-10-26,Sichuan,0.06957867354788025,Power
2021-10-27,Sichuan,0.07045350719393309,Power
2021-10-28,Sichuan,0.07170309985604793,Power
2021-10-29,Sichuan,0.07195313717104335,Power
2021-10-30,Sichuan,0.07170309985604793,Power
2021-10-31,Sichuan,0.07062039670821744,Power
2021-10-01,Tianjin,0.16718648262982805,Power
2021-10-02,Tianjin,0.16444791840136685,Power
2021-10-03,Tianjin,0.16161694064618476,Power
2021-10-04,Tianjin,0.15951615991199442,Power
2021-10-05,Tianjin,0.1631684466159213,Power
2021-10-06,Tianjin,0.16508700349460564,Power
2021-10-07,Tianjin,0.1698352365295042,Power
2021-10-08,Tianjin,0.16746112001205493,Power
2021-10-09,Tianjin,0.16298622276041536,Power
2021-10-10,Tianjin,0.15641184637355335,Power
2021-10-11,Tianjin,0.15906060027322946,Power
2021-10-12,Tianjin,0.15449459109383695,Power
2021-10-13,Tianjin,0.15495145233156976,Power
2021-10-14,Tianjin,0.15650295830130634,Power
2021-10-15,Tianjin,0.15906060027322946,Power
2021-10-16,Tianjin,0.15632073444580036,Power
2021-10-17,Tianjin,0.151024528245416,Power
2021-10-18,Tianjin,0.15148138948314882,Power
2021-10-19,Tianjin,0.1526684477418735,Power
2021-10-20,Tianjin,0.15522478811482873,Power
2021-10-21,Tianjin,0.15650295830130634,Power
2021-10-22,Tianjin,0.15348975669061826,Power
2021-10-23,Tianjin,0.15212047457638767,Power
2021-10-24,Tianjin,0.15230269843189365,Power
2021-10-25,Tianjin,0.1481037401614488,Power
2021-10-26,Tianjin,0.15248622388636748,Power
2021-10-27,Tianjin,0.15440347916608396,Power
2021-10-28,Tianjin,0.15714204339454516,Power
2021-10-29,Tianjin,0.15769001656003098,Power
2021-10-30,Tianjin,0.15714204339454516,Power
2021-10-31,Tianjin,0.1547692284760638,Power
2021-10-01,Ningxia,0.27382523720864693,Power
2021-10-02,Ningxia,0.26933989851574647,Power
2021-10-03,Ningxia,0.26470320096011024,Power
2021-10-04,Ningxia,0.2612624516015829,Power
2021-10-05,Ningxia,0.26724432440209567,Power
2021-10-06,Ningxia,0.2703866196650878,Power
2021-10-07,Ningxia,0.27816348066874796,Power
2021-10-08,Ningxia,0.2742750501669179,Power
2021-10-09,Ningxia,0.2669458703065605,Power
2021-10-10,Ningxia,0.2561780729026438,Power
2021-10-11,Ningxia,0.26051631636274486,Power
2021-10-12,Ningxia,0.2530379094546199,Power
2021-10-13,Ningxia,0.253786176508426,Power
2021-10-14,Ningxia,0.2563272999504115,Power
2021-10-15,Ningxia,0.26051631636274486,Power
2021-10-16,Ningxia,0.25602884585487623,Power
2021-10-17,Ningxia,0.24735449074964233,Power
2021-10-18,Ningxia,0.24810275780344843,Power
2021-10-19,Ningxia,0.2500469730543635,Power
2021-10-20,Ningxia,0.25423385765172885,Power
2021-10-21,Ningxia,0.2563272999504115,Power
2021-10-22,Ningxia,0.25139214829924006,Power
2021-10-23,Ningxia,0.2491494789527898,Power
2021-10-24,Ningxia,0.249447933048325,Power
2021-10-25,Ningxia,0.24257069796120662,Power
2021-10-26,Ningxia,0.2497485189588283,Power
2021-10-27,Ningxia,0.2528886824068523,Power
2021-10-28,Ningxia,0.2573740210997528,Power
2021-10-29,Ningxia,0.2582715152013266,Power
2021-10-30,Ningxia,0.2573740210997528,Power
2021-10-31,Ningxia,0.2534877224128908,Power
2021-10-01,Anhui,0.5761252370151527,Power
2021-10-02,Anhui,0.566688134562936,Power
2021-10-03,Anhui,0.5569325747561056,Power
2021-10-04,Anhui,0.5496932765822091,Power
2021-10-05,Anhui,0.5622790700617339,Power
2021-10-06,Anhui,0.5688904241561101,Power
2021-10-07,Anhui,0.5852528527424631,Power
2021-10-08,Anhui,0.5770716384492867,Power
2021-10-09,Anhui,0.5616511259822139,Power
2021-10-10,Anhui,0.5389958006560984,Power
2021-10-11,Anhui,0.5481234163834089,Power
2021-10-12,Anhui,0.5323889318765761,Power
2021-10-13,Anhui,0.5339632773902301,Power
2021-10-14,Anhui,0.5393097726958587,Power
2021-10-15,Anhui,0.5481234163834089,Power
2021-10-16,Anhui,0.5386818286163384,Power
2021-10-17,Anhui,0.5204310824765714,Power
2021-10-18,Anhui,0.5220054279902254,Power
2021-10-19,Anhui,0.5260960351368137,Power
2021-10-20,Anhui,0.5349051935095104,Power
2021-10-21,Anhui,0.5393097726958587,Power
2021-10-22,Anhui,0.528926268809508,Power
2021-10-23,Anhui,0.5242077175833997,Power
2021-10-24,Anhui,0.5248356616629197,Power
2021-10-25,Anhui,0.5103660359448347,Power
2021-10-26,Anhui,0.5254680910572935,Power
2021-10-27,Anhui,0.5320749598368161,Power
2021-10-28,Anhui,0.5415120622890328,Power
2021-10-29,Anhui,0.5434003798424469,Power
2021-10-30,Anhui,0.5415120622890328,Power
2021-10-31,Anhui,0.53333533331071,Power
2021-10-01,Shandong,1.288401892178559,Power
2021-10-02,Shandong,1.2672974866171705,Power
2021-10-03,Shandong,1.245480907674195,Power
2021-10-04,Shandong,1.229291501506856,Power
2021-10-05,Shandong,1.2574373959960463,Power
2021-10-06,Shandong,1.2722225166222283,Power
2021-10-07,Shandong,1.3088141855803774,Power
2021-10-08,Shandong,1.290518351101303,Power
2021-10-09,Shandong,1.2560331104548894,Power
2021-10-10,Shandong,1.2053684942521448,Power
2021-10-11,Shandong,1.2257807876539633,Power
2021-10-12,Shandong,1.1905934042369715,Power
2021-10-13,Shandong,1.1941141487008722,Power
2021-10-14,Shandong,1.2060706370227237,Power
2021-10-15,Shandong,1.2257807876539633,Power
2021-10-16,Shandong,1.2046663514815663,Power
2021-10-17,Shandong,1.1638517952889378,Power
2021-10-18,Shandong,1.1673725397528387,Power
2021-10-19,Shandong,1.1765204569923762,Power
2021-10-20,Shandong,1.1962205770126078,Power
2021-10-21,Shandong,1.2060706370227237,Power
2021-10-22,Shandong,1.182849772538591,Power
2021-10-23,Shandong,1.1722975697578968,Power
2021-10-24,Shandong,1.173701855299054,Power
2021-10-25,Shandong,1.1413431041863924,Power
2021-10-26,Shandong,1.175116171451219,Power
2021-10-27,Shandong,1.189891261466393,Power
2021-10-28,Shandong,1.2109956670277815,Power
2021-10-29,Shandong,1.2152185542622609,Power
2021-10-30,Shandong,1.2109956670277815,Power
2021-10-31,Shandong,1.1927098631597153,Power
2021-10-01,Shanxi,0.7093680448451866,Power
2021-10-02,Shanxi,0.6977483856366861,Power
2021-10-03,Shanxi,0.6857366181564158,Power
2021-10-04,Shanxi,0.6768230582882979,Power
2021-10-05,Shanxi,0.6923196190007754,Power
2021-10-06,Shanxi,0.7004600076287839,Power
2021-10-07,Shanxi,0.7206066410853476,Power
2021-10-08,Shanxi,0.7105333243570658,Power
2021-10-09,Shanxi,0.6915464477606661,Power
2021-10-10,Shanxi,0.6636515339478635,Power
2021-10-11,Shanxi,0.6748901301880245,Power
2021-10-12,Shanxi,0.6555166679715703,Power
2021-10-13,Shanxi,0.6574551187235587,Power
2021-10-14,Shanxi,0.6640381195679183,Power
2021-10-15,Shanxi,0.6748901301880245,Power
2021-10-16,Shanxi,0.6632649483278089,Power
2021-10-17,Shanxi,0.6407932784992021,Power
2021-10-18,Shanxi,0.6427317292511905,Power
2021-10-19,Shanxi,0.6477683876153315,Power
2021-10-20,Shanxi,0.6586148755837227,Power
2021-10-21,Shanxi,0.6640381195679183,Power
2021-10-22,Shanxi,0.6512531808475386,Power
2021-10-23,Shanxi,0.6454433512432883,Power
2021-10-24,Shanxi,0.6462165224833977,Power
2021-10-25,Shanxi,0.6284004480505921,Power
2021-10-26,Shanxi,0.6469952163752221,Power
2021-10-27,Shanxi,0.6551300823515156,Power
2021-10-28,Shanxi,0.6667497415600161,Power
2021-10-29,Shanxi,0.6690747779320593,Power
2021-10-30,Shanxi,0.6667497415600161,Power
2021-10-31,Shanxi,0.6566819474834493,Power
2021-10-01,Guangdong,0.6777574772944988,Power
2021-10-02,Guangdong,0.6666556085686616,Power
2021-10-03,Guangdong,0.655179104538863,Power
2021-10-04,Guangdong,0.6466627470657158,Power
2021-10-05,Guangdong,0.6614687564025502,Power
2021-10-06,Guangdong,0.6692463963749287,Power
2021-10-07,Guangdong,0.6884952638235287,Power
2021-10-08,Guangdong,0.6788708300992288,Power
2021-10-09,Guangdong,0.6607300389017816,Power
2021-10-10,Guangdong,0.6340781667847643,Power
2021-10-11,Guangdong,0.6448159533137943,Power
2021-10-12,Guangdong,0.626305803365963,Power
2021-10-13,Guangdong,0.6281578736714614,Power
2021-10-14,Guangdong,0.6344475255351487,Power
2021-10-15,Guangdong,0.6448159533137943,Power
2021-10-16,Guangdong,0.63370880803438,Power
2021-10-17,Guangdong,0.6122385115298972,Power
2021-10-18,Guangdong,0.6140905818353957,Power
2021-10-19,Guangdong,0.6189027986975457,Power
2021-10-20,Guangdong,0.6292659499226144,Power
2021-10-21,Guangdong,0.6344475255351487,Power
2021-10-22,Guangdong,0.6222323040045815,Power
2021-10-23,Guangdong,0.6166813696416629,Power
2021-10-24,Guangdong,0.6174200871424315,Power
2021-10-25,Guangdong,0.6003979253032912,Power
2021-10-26,Guangdong,0.618164081196777,Power
2021-10-27,Guangdong,0.6259364446155786,Power
2021-10-28,Guangdong,0.6370383133414159,Power
2021-10-29,Guangdong,0.6392597423972988,Power
2021-10-30,Guangdong,0.6370383133414159,Power
2021-10-31,Guangdong,0.6274191561706928,Power
2021-10-01,Guangxi,0.21481574837238465,Power
2021-10-02,Guangxi,0.21129700262841636,Power
2021-10-03,Guangxi,0.20765951593966586,Power
2021-10-04,Guangxi,0.204960249955462,Power
2021-10-05,Guangxi,0.20965302588586843,Power
2021-10-06,Guangxi,0.21211815479585383,Power
2021-10-07,Guangxi,0.21821909798691674,Power
2021-10-08,Guangxi,0.21516862639138531,Power
2021-10-09,Guangxi,0.20941888881165002,Power
2021-10-10,Guangxi,0.20097155765538385,Power
2021-10-11,Guangxi,0.20437490726991595,Power
2021-10-12,Guangxi,0.1985081011530715,Power
2021-10-13,Guangxi,0.1990951162462905,Power
2021-10-14,Guangxi,0.2010886261924931,Power
2021-10-15,Guangxi,0.20437490726991595,Power
2021-10-16,Guangxi,0.20085448911827467,Power
2021-10-17,Guangxi,0.19404946229688347,Power
2021-10-18,Guangxi,0.1946364773901025,Power
2021-10-19,Guangxi,0.1961617131878683,Power
2021-10-20,Guangxi,0.19944632185761815,Power
2021-10-21,Guangxi,0.2010886261924931,Power
2021-10-22,Guangxi,0.19721700242952417,Power
2021-10-23,Guangxi,0.19545762955754,Power
2021-10-24,Guangxi,0.19569176663175844,Power
2021-10-25,Guangxi,0.19029657947869677,Power
2021-10-26,Guangxi,0.19592757611364983,Power
2021-10-27,Guangxi,0.19839103261596228,Power
2021-10-28,Guangxi,0.20190977835993057,Power
2021-10-29,Guangxi,0.20261386199025883,Power
2021-10-30,Guangxi,0.20190977835993057,Power
2021-10-31,Guangxi,0.1988609791720721,Power
2021-10-01,Xinjiang,0.7314348270674595,Power
2021-10-02,Xinjiang,0.7194537074138286,Power
2021-10-03,Xinjiang,0.7070682819163727,Power
2021-10-04,Xinjiang,0.6978774420299846,Power
2021-10-05,Xinjiang,0.713856064533829,Power
2021-10-06,Xinjiang,0.7222496816295761,Power
2021-10-07,Xinjiang,0.7430230297742746,Power
2021-10-08,Xinjiang,0.7326363557019254,Power
2021-10-09,Xinjiang,0.7130588417431881,Power
2021-10-10,Xinjiang,0.6842961823465673,Power
2021-10-11,Xinjiang,0.6958843850533825,Power
2021-10-12,Xinjiang,0.6759082596993249,Power
2021-10-13,Xinjiang,0.6779070111244315,Power
2021-10-14,Xinjiang,0.6846947937418879,Power
2021-10-15,Xinjiang,0.6958843850533825,Power
2021-10-16,Xinjiang,0.6838975709512469,Power
2021-10-17,Xinjiang,0.6607268599861214,Power
2021-10-18,Xinjiang,0.662725611411228,Power
2021-10-19,Xinjiang,0.6679189484474027,Power
2021-10-20,Xinjiang,0.6791028453103929,Power
2021-10-21,Xinjiang,0.6846947937418879,Power
2021-10-22,Xinjiang,0.671512145453791,Power
2021-10-23,Xinjiang,0.6655215856269756,Power
2021-10-24,Xinjiang,0.6663188084176165,Power
2021-10-25,Xinjiang,0.6479485175418496,Power
2021-10-26,Xinjiang,0.6671217256567619,Power
2021-10-27,Xinjiang,0.6755096483040045,Power
2021-10-28,Xinjiang,0.6874907679576354,Power
2021-10-29,Xinjiang,0.6898881307780625,Power
2021-10-30,Xinjiang,0.6874907679576354,Power
2021-10-31,Xinjiang,0.6771097883337908,Power
2021-10-01,Jiangsu,0.9396478823722907,Power
2021-10-02,Jiangsu,0.9242561710476875,Power
2021-10-03,Jiangsu,0.9083450626204006,Power
2021-10-04,Jiangsu,0.8965379228495309,Power
2021-10-05,Jiangsu,0.9170650815837689,Power
2021-10-06,Jiangsu,0.9278480580535717,Power
2021-10-07,Jiangsu,0.9545348274985109,Power
2021-10-08,Jiangsu,0.9411914427760414,Power
2021-10-09,Jiangsu,0.9160409182827022,Power
2021-10-10,Jiangsu,0.8790905694706438,Power
2021-10-11,Jiangsu,0.893977514596864,Power
2021-10-12,Jiangsu,0.8683149084529918,Power
2021-10-13,Jiangsu,0.8708826321578089,Power
2021-10-14,Jiangsu,0.8796026511211773,Power
2021-10-15,Jiangsu,0.893977514596864,Power
2021-10-16,Jiangsu,0.8785784878201105,Power
2021-10-17,Jiangsu,0.8488119130198205,Power
2021-10-18,Jiangsu,0.8513796367246378,Power
2021-10-19,Jiangsu,0.8580513290858728,Power
2021-10-20,Jiangsu,0.8724188771094091,Power
2021-10-21,Jiangsu,0.8796026511211773,Power
2021-10-22,Jiangsu,0.8626673793928236,Power
2021-10-23,Jiangsu,0.854971523730522,Power
2021-10-24,Jiangsu,0.8559956870315888,Power
2021-10-25,Jiangsu,0.8323960383941507,Power
2021-10-26,Jiangsu,0.857027165784806,Power
2021-10-27,Jiangsu,0.8678028268024583,Power
2021-10-28,Jiangsu,0.8831945381270614,Power
2021-10-29,Jiangsu,0.8862743434824122,Power
2021-10-30,Jiangsu,0.8831945381270614,Power
2021-10-31,Jiangsu,0.8698584688567423,Power
2021-10-01,Jiangxi,0.18739651468742086,Power
2021-10-02,Jiangxi,0.1843269041328549,Power
2021-10-03,Jiangxi,0.18115370881147616,Power
2021-10-04,Jiangxi,0.1787989790419564,Power
2021-10-05,Jiangxi,0.18289276574162946,Power
2021-10-06,Jiangxi,0.1850432438582788,Power
2021-10-07,Jiangxi,0.19036545835592927,Power
2021-10-08,Jiangxi,0.18770435110710407,Power
2021-10-09,Jiangxi,0.1826885140887591,Power
2021-10-10,Jiangxi,0.1753194062412721,Power
2021-10-11,Jiangxi,0.1782883499097805,Power
2021-10-12,Jiangxi,0.17317038706500043,Power
2021-10-13,Jiangxi,0.17368247513755394,Power
2021-10-14,Jiangxi,0.1754215320677073,Power
2021-10-15,Jiangxi,0.1782883499097805,Power
2021-10-16,Jiangxi,0.17521728041483692,Power
2021-10-17,Jiangxi,0.16928085201819773,Power
2021-10-18,Jiangxi,0.16979294009075127,Power
2021-10-19,Jiangxi,0.17112349371516392,Power
2021-10-20,Jiangxi,0.1739888526168595,Power
2021-10-21,Jiangxi,0.1754215320677073,Power
2021-10-22,Jiangxi,0.17204408509345814,Power
2021-10-23,Jiangxi,0.17050927981617517,Power
2021-10-24,Jiangxi,0.17071353146904553,Power
2021-10-25,Jiangxi,0.16600698981076142,Power
2021-10-26,Jiangxi,0.17091924206229353,Power
2021-10-27,Jiangxi,0.17306826123856525,Power
2021-10-28,Jiangxi,0.1761378717931312,Power
2021-10-29,Jiangxi,0.17675208569211992,Power
2021-10-30,Jiangxi,0.1761378717931312,Power
2021-10-31,Jiangxi,0.1734782234846836,Power
2021-10-01,Hebei,0.6161770829651455,Power
2021-10-02,Hebei,0.606083919383601,Power
2021-10-03,Hebei,0.595650159502489,Power
2021-10-04,Hebei,0.5879075901010569,Power
2021-10-05,Hebei,0.6013683396304362,Power
2021-10-06,Hebei,0.6084393106946934,Power
2021-10-07,Hebei,0.6259392445090826,Power
2021-10-08,Hebei,0.617189277601888,Power
2021-10-09,Hebei,0.6006967412932613,Power
2021-10-10,Hebei,0.5764664327141823,Power
2021-10-11,Hebei,0.5862285942581192,Power
2021-10-12,Hebei,0.5694002587809052,Power
2021-10-13,Hebei,0.5710840517548225,Power
2021-10-14,Hebei,0.5768022318827699,Power
2021-10-15,Hebei,0.5862285942581192,Power
2021-10-16,Hebei,0.5761306335455948,Power
2021-10-17,Hebei,0.5566111075887007,Power
2021-10-18,Hebei,0.5582949005626181,Power
2021-10-19,Hebei,0.5626698840162154,Power
2021-10-20,Hebei,0.5720914492605851,Power
2021-10-21,Hebei,0.5768022318827699,Power
2021-10-22,Hebei,0.5656968736644828,Power
2021-10-23,Hebei,0.5606502918737105,Power
2021-10-24,Hebei,0.5613218902108856,Power
2021-10-25,Hebei,0.545846345669981,Power
2021-10-26,Hebei,0.5619982856790403,Power
2021-10-27,Hebei,0.5690644596123177,Power
2021-10-28,Hebei,0.5791576231938623,Power
2021-10-29,Hebei,0.5811772153363672,Power
2021-10-30,Hebei,0.5791576231938623,Power
2021-10-31,Hebei,0.5704124534176476,Power
2021-10-01,Henan,0.4879715712204497,Power
2021-10-02,Henan,0.47997845198957767,Power
2021-10-03,Henan,0.4717156029747741,Power
2021-10-04,Henan,0.46558399915413357,Power
2021-10-05,Henan,0.47624402413599054,Power
2021-10-06,Henan,0.4818437664108506,Power
2021-10-07,Henan,0.4957025586894729,Power
2021-10-08,Henan,0.4887731625501618,Power
2021-10-09,Henan,0.47571216259021015,Power
2021-10-10,Henan,0.4565233578206593,Power
2021-10-11,Henan,0.4642543452896824,Power
2021-10-12,Henan,0.45092741455684066,Power
2021-10-13,Henan,0.452260867432333,Power
2021-10-14,Henan,0.45678928859354956,Power
2021-10-15,Henan,0.4642543452896824,Power
2021-10-16,Henan,0.45625742704776906,Power
2021-10-17,Henan,0.44079925112076407,Power
2021-10-18,Henan,0.4421327039962565,Power
2021-10-19,Henan,0.44559740206591214,Power
2021-10-20,Henan,0.4530586597510038,Power
2021-10-21,Henan,0.45678928859354956,Power
2021-10-22,Henan,0.4479945780329655,Power
2021-10-23,Henan,0.44399801841752945,Power
2021-10-24,Henan,0.44452987996330995,Power
2021-10-25,Henan,0.4322742703441116,Power
2021-10-26,Henan,0.44506554052013164,Power
2021-10-27,Henan,0.45066148378395043,Power
2021-10-28,Henan,0.45865460301482247,Power
2021-10-29,Henan,0.46025398666320516,Power
2021-10-30,Henan,0.45865460301482247,Power
2021-10-31,Henan,0.4517290058865526,Power
2021-10-01,Zhejiang,0.497494775703663,Power
2021-10-02,Zhejiang,0.4893456635556136,Power
2021-10-03,Zhejiang,0.4809215576040891,Power
2021-10-04,Zhejiang,0.47467029001523364,Power
2021-10-05,Zhejiang,0.48553835498074066,Power
2021-10-06,Zhejiang,0.49124738126696926,Power
2021-10-07,Zhejiang,0.5053766403525607,Power
2021-10-08,Zhejiang,0.498312010809765,Power
2021-10-09,Zhejiang,0.48499611367811385,Power
2021-10-10,Zhejiang,0.46543282210976883,Power
2021-10-11,Zhejiang,0.47331468675866645,Power
2021-10-12,Zhejiang,0.459727668975702,Power
2021-10-13,Zhejiang,0.46108714538443074,Power
2021-10-14,Zhejiang,0.46570394276108235,Power
2021-10-15,Zhejiang,0.47331468675866645,Power
2021-10-16,Zhejiang,0.4651617014584554,Power
2021-10-17,Zhejiang,0.4494018453128218,Power
2021-10-18,Zhejiang,0.45076132172155053,Power
2021-10-19,Zhejiang,0.45429363649294846,Power
2021-10-20,Zhejiang,0.46190050733837107,Power
2021-10-21,Zhejiang,0.46570394276108235,Power
2021-10-22,Zhejiang,0.45673759550693094,Power
2021-10-23,Zhejiang,0.45266303943290626,Power
2021-10-24,Zhejiang,0.4532052807355331,Power
2021-10-25,Zhejiang,0.4407104918621455,Power
2021-10-26,Zhejiang,0.45375139519032154,Power
2021-10-27,Zhejiang,0.4594565483243886,Power
2021-10-28,Zhejiang,0.46760566047243796,Power
2021-10-29,Zhejiang,0.4692362575324802,Power
2021-10-30,Zhejiang,0.46760566047243796,Power
2021-10-31,Zhejiang,0.4605449040818039,Power
2021-10-01,Hainan,0.03824916524492347,Power
2021-10-02,Hainan,0.03762263256081782,Power
2021-10-03,Hainan,0.03697495737644054,Power
2021-10-04,Hainan,0.0364943377223785,Power
2021-10-05,Hainan,0.03732991315564868,Power
2021-10-06,Hainan,0.037768843372555407,Power
2021-10-07,Hainan,0.03885515099214543,Power
2021-10-08,Hainan,0.03831199718235042,Power
2021-10-09,Hainan,0.03728822371849337,Power
2021-10-10,Hainan,0.035784128382268236,Power
2021-10-11,Hainan,0.0363901141294902,Power
2021-10-12,Hainan,0.035345495947055494,Power
2021-10-13,Hainan,0.03545001732163775,Power
2021-10-14,Hainan,0.035804973100845905,Power
2021-10-15,Hainan,0.0363901141294902,Power
2021-10-16,Hainan,0.03576328366369058,Power
2021-10-17,Hainan,0.03455160995094063,Power
2021-10-18,Hainan,0.034656131325522886,Power
2021-10-19,Hainan,0.0349277082304204,Power
2021-10-20,Hainan,0.035512551477370737,Power
2021-10-21,Hainan,0.035804973100845905,Power
2021-10-22,Hainan,0.035115608479313304,Power
2021-10-23,Hainan,0.034802342137260474,Power
2021-10-24,Hainan,0.0348440315744158,Power
2021-10-25,Hainan,0.03388338782967965,Power
2021-10-26,Hainan,0.034886018793265076,Power
2021-10-27,Hainan,0.03532465122847784,Power
2021-10-28,Hainan,0.035951183912583486,Power
2021-10-29,Hainan,0.03607655000574341,Power
2021-10-30,Hainan,0.035951183912583486,Power
2021-10-31,Hainan,0.03540832788448244,Power
2021-10-01,Hubei,0.2754823084339327,Power
2021-10-02,Hubei,0.27096982642232487,Power
2021-10-03,Hubei,0.26630506958998307,Power
2021-10-04,Hubei,0.2628434983130177,Power
2021-10-05,Hubei,0.26886157080568485,Power
2021-10-06,Hubei,0.27202288187275236,Power
2021-10-07,Hubei,0.2798468050563766,Power
2021-10-08,Hubei,0.2759348434645645,Power
2021-10-09,Hubei,0.26856131059578703,Power
2021-10-10,Hubei,0.25772835116582915,Power
2021-10-11,Hubei,0.262092847788273,Power
2021-10-12,Hubei,0.2545691848145467,Power
2021-10-13,Hubei,0.2553219800550763,Power
2021-10-14,Hubei,0.2578784812707781,Power
2021-10-15,Hubei,0.262092847788273,Power
2021-10-16,Hubei,0.2575782210608802,Power
2021-10-17,Hubei,0.2488513725317774,Power
2021-10-18,Hubei,0.249604167772307,Power
2021-10-19,Hubei,0.2515601485682131,Power
2021-10-20,Hubei,0.2557723703699231,Power
2021-10-21,Hubei,0.2578784812707781,Power
2021-10-22,Hubei,0.25291346422853844,Power
2021-10-23,Hubei,0.25065722322273454,Power
2021-10-24,Hubei,0.2509574834326324,Power
2021-10-25,Hubei,0.24403863031027168,Power
2021-10-26,Hubei,0.2512598883583152,Power
2021-10-27,Hubei,0.25441905470959775,Power
2021-10-28,Hubei,0.2589315367212056,Power
2021-10-29,Hubei,0.2598344620666842,Power
2021-10-30,Hubei,0.2589315367212056,Power
2021-10-31,Hubei,0.25502171984517846,Power
2021-10-01,Hunan,0.2232661091881543,Power
2021-10-02,Hunan,0.2196089440248428,Power
2021-10-03,Hunan,0.2158283669192332,Power
2021-10-04,Hunan,0.2130229179774153,Power
2021-10-05,Hunan,0.21790029699274427,Power
2021-10-06,Hunan,0.22046239844270685,Power
2021-10-07,Hunan,0.22680333880190856,Power
2021-10-08,Hunan,0.22363286862230772,Power
2021-10-09,Hunan,0.21765694950088896,Power
2021-10-10,Hunan,0.2088773196340227,Power
2021-10-11,Hunan,0.21241454924777697,Power
2021-10-12,Hunan,0.2063169563804306,Power
2021-10-13,Hunan,0.20692706330643929,Power
2021-10-14,Hunan,0.2089989933799504,Power
2021-10-15,Hunan,0.21241454924777697,Power
2021-10-16,Hunan,0.20875564588809503,Power
2021-10-17,Hunan,0.2016829248569569,Power
2021-10-18,Hunan,0.20229303178296562,Power
2021-10-19,Hunan,0.20387826687276608,Power
2021-10-20,Hunan,0.2072920845442223,Power
2021-10-21,Hunan,0.2089989933799504,Power
2021-10-22,Hunan,0.20497506878248545,Power
2021-10-23,Hunan,0.2031464862008297,Power
2021-10-24,Hunan,0.20338983369268504,Power
2021-10-25,Hunan,0.19778241220179008,Power
2021-10-26,Hunan,0.20363491938091074,Power
2021-10-27,Hunan,0.20619528263450293,Power
2021-10-28,Hunan,0.20985244779781445,Power
2021-10-29,Hunan,0.21058422846975083,Power
2021-10-30,Hunan,0.20985244779781445,Power
2021-10-31,Hunan,0.20668371581458397,Power
2021-10-01,Gansu,0.19082980233530836,Power
2021-10-02,Gansu,0.1877039535096177,Power
2021-10-03,Gansu,0.18447262214275592,Power
2021-10-04,Gansu,0.18207475141810536,Power
2021-10-05,Gansu,0.18624354029875556,Power
2021-10-06,Gansu,0.18843341728025179,Power
2021-10-07,Gansu,0.19385313995901582,Power
2021-10-08,Gansu,0.19114327861963382,Power
2021-10-09,Gansu,0.18603554655560126,Power
2021-10-10,Gansu,0.17853142943651207,Power
2021-10-11,Gansu,0.18155476706021956,Power
2021-10-12,Gansu,0.17634303812460986,Power
2021-10-13,Gansu,0.1768645081520896,Power
2021-10-14,Gansu,0.17863542630808926,Power
2021-10-15,Gansu,0.18155476706021956,Power
2021-10-16,Gansu,0.17842743256493493,Power
2021-10-17,Gansu,0.17238224298711396,Power
2021-10-18,Gansu,0.17290371301459373,Power
2021-10-19,Gansu,0.17425864368428476,Power
2021-10-20,Gansu,0.1771764987668211,Power
2021-10-21,Gansu,0.17863542630808926,Power
2021-10-22,Gansu,0.17519610119807316,Power
2021-10-23,Gansu,0.17363317678522783,Power
2021-10-24,Gansu,0.17384117052838216,Power
2021-10-25,Gansu,0.169048400418269,Power
2021-10-26,Gansu,0.17405064994113043,Power
2021-10-27,Gansu,0.17623904125303272,Power
2021-10-28,Gansu,0.17936489007872336,Power
2021-10-29,Gansu,0.1799903569777803,Power
2021-10-30,Gansu,0.17936489007872336,Power
2021-10-31,Gansu,0.1766565144089353,Power
2021-10-01,Fujian,0.30530598884119553,Power
2021-10-02,Fujian,0.30030498608891737,Power
2021-10-03,Fujian,0.2951352232627743,Power
2021-10-04,Fujian,0.29129890271040876,Power
2021-10-05,Fujian,0.29796849098174555,Power
2021-10-06,Fujian,0.30147204519127885,Power
2021-10-07,Fujian,0.3101429853245064,Power
2021-10-08,Fujian,0.3058075152578926,Power
2021-10-09,Fujian,0.29763572463891336,Power
2021-10-10,Fujian,0.28562999037001735,Power
2021-10-11,Fujian,0.2904669868533283,Power
2021-10-12,Fujian,0.28212881306293297,Power
2021-10-13,Fujian,0.2829631058224622,Power
2021-10-14,Fujian,0.2857963735414335,Power
2021-10-15,Fujian,0.2904669868533283,Power
2021-10-16,Fujian,0.28546360719860125,Power
2021-10-17,Fujian,0.2757919911344283,Power
2021-10-18,Fujian,0.2766262838939576,Power
2021-10-19,Fujian,0.2787940189272646,Power
2021-10-20,Fujian,0.28346225533671054,Power
2021-10-21,Fujian,0.2857963735414335,Power
2021-10-22,Fujian,0.28029384437245825,Power
2021-10-23,Fujian,0.27779334299631914,Power
2021-10-24,Fujian,0.27812610933915133,Power
2021-10-25,Fujian,0.27045822203931796,Power
2021-10-26,Fujian,0.27846125258443233,Power
2021-10-27,Fujian,0.2819624298915169,Power
2021-10-28,Fujian,0.28696343264379504,Power
2021-10-29,Fujian,0.2879641085747404,Power
2021-10-30,Fujian,0.28696343264379504,Power
2021-10-31,Fujian,0.28263033947963,Power
2021-10-01,Tibet,0.0010058664386130213,Power
2021-10-02,Tibet,0.0009893900476747994,Power
2021-10-03,Tibet,0.0009723576568522554,Power
2021-10-04,Tibet,0.0009597184482142845,Power
2021-10-05,Tibet,0.000981692190121438,Power
2021-10-06,Tibet,0.0009932350609593368,Power
2021-10-07,Tibet,0.0010218024916354936,Power
2021-10-08,Tibet,0.0010075187762974155,Power
2021-10-09,Tibet,0.0009805958523213664,Power
2021-10-10,Tibet,0.0009410415506916327,Power
2021-10-11,Tibet,0.000956977603714105,Power
2021-10-12,Tibet,0.0009295065108380203,Power
2021-10-13,Tibet,0.0009322551863224859,Power
2021-10-14,Tibet,0.0009415897195916687,Power
2021-10-15,Tibet,0.000956977603714105,Power
2021-10-16,Tibet,0.0009404933817915969,Power
2021-10-17,Tibet,0.0009086291067309385,Power
2021-10-18,Tibet,0.0009113777822154042,Power
2021-10-19,Tibet,0.0009185196398844435,Power
2021-10-20,Tibet,0.0009338996930225937,Power
2021-10-21,Tibet,0.0009415897195916687,Power
2021-10-22,Tibet,0.0009234609909690528,Power
2021-10-23,Tibet,0.0009152227954999419,Power
2021-10-24,Tibet,0.0009163191333000137,Power
2021-10-25,Tibet,0.0008910563779926449,Power
2021-10-26,Tibet,0.0009174233020843716,Power
2021-10-27,Tibet,0.0009289583419379845,Power
2021-10-28,Tibet,0.0009454347328762063,Power
2021-10-29,Tibet,0.000948731577260708,Power
2021-10-30,Tibet,0.0009454347328762063,Power
2021-10-31,Tibet,0.0009311588485224142,Power
2021-10-01,Guizhou,0.22044912837203692,Power
2021-10-02,Guizhou,0.21683810619094462,Power
2021-10-03,Guizhou,0.2131052291738934,Power
2021-10-04,Guizhou,0.21033517698744705,Power
2021-10-05,Guizhou,0.21515101740576698,Power
2021-10-06,Guizhou,0.21768079245088584,Power
2021-10-07,Guizhou,0.22394172824776074,Power
2021-10-08,Guizhou,0.2208112603493233,Power
2021-10-09,Guizhou,0.21491074026443954,Power
2021-10-10,Guizhou,0.20624188425840467,Power
2021-10-11,Guizhou,0.20973448413412846,Power
2021-10-12,Guizhou,0.20371382547858105,Power
2021-10-13,Guizhou,0.2043162345971948,Power
2021-10-14,Guizhou,0.2063620228290684,Power
2021-10-15,Guizhou,0.20973448413412846,Power
2021-10-16,Guizhou,0.20612174568774094,Power
2021-10-17,Guizhou,0.19913826220158856,Power
2021-10-18,Guizhou,0.19974067132020235,Power
2021-10-19,Guizhou,0.2013059052694211,Power
2021-10-20,Guizhou,0.20467665030918597,Power
2021-10-21,Guizhou,0.2063620228290684,Power
2021-10-22,Guizhou,0.20238886867068973,Power
2021-10-23,Guizhou,0.2005833575801436,Power
2021-10-24,Guizhou,0.20082363472147102,Power
2021-10-25,Guizhou,0.1952869628791688,Power
2021-10-26,Guizhou,0.20106562812809362,Power
2021-10-27,Guizhou,0.20359368690791735,Power
2021-10-28,Guizhou,0.20720470908900965,Power
2021-10-29,Guizhou,0.20792725677828716,Power
2021-10-30,Guizhou,0.20720470908900965,Power
2021-10-31,Guizhou,0.20407595745586737,Power
2021-10-01,Liaoning,0.34523338778918705,Power
2021-10-02,Liaoning,0.339578362386426,Power
2021-10-03,Liaoning,0.33373250675381894,Power
2021-10-04,Liaoning,0.32939447871196703,Power
2021-10-05,Liaoning,0.3369363044154592,Power
2021-10-06,Liaoning,0.3408980474970513,Power
2021-10-07,Liaoning,0.3507029584615344,Power
2021-10-08,Liaoning,0.3458005029792929,Power
2021-10-09,Liaoning,0.3365600194551995,Power
2021-10-10,Liaoning,0.3229841956389703,Power
2021-10-11,Liaoning,0.3284537663113176,Power
2021-10-12,Liaoning,0.3190251403070944,Power
2021-10-13,Liaoning,0.31996854045745987,Power
2021-10-14,Liaoning,0.32317233811910023,Power
2021-10-15,Liaoning,0.3284537663113176,Power
2021-10-16,Liaoning,0.3227960531588404,Power
2021-10-17,Liaoning,0.31185959956386194,Power
2021-10-18,Liaoning,0.3128029997142275,Power
2021-10-19,Liaoning,0.3152542274553483,Power
2021-10-20,Liaoning,0.3205329678978496,Power
2021-10-21,Liaoning,0.32317233811910023,Power
2021-10-22,Liaoning,0.3169501975262333,Power
2021-10-23,Liaoning,0.31412268482485284,Power
2021-10-24,Liaoning,0.3144989697851126,Power
2021-10-25,Liaoning,0.30582828920084115,Power
2021-10-26,Liaoning,0.3148779424950885,Power
2021-10-27,Liaoning,0.3188369978269645,Power
2021-10-28,Liaoning,0.32449202322972553,Power
2021-10-29,Liaoning,0.325623565860221,Power
2021-10-30,Liaoning,0.32449202322972553,Power
2021-10-31,Liaoning,0.31959225549720016,Power
2021-10-01,Chongqing,0.09832407074797235,Power
2021-10-02,Chongqing,0.09671349327357644,Power
2021-10-03,Chongqing,0.09504856646425555,Power
2021-10-04,Chongqing,0.09381307594920087,Power
2021-10-05,Chongqing,0.09596102290412244,Power
2021-10-06,Chongqing,0.09708934571650818,Power
2021-10-07,Chongqing,0.09988182985462431,Power
2021-10-08,Chongqing,0.09848558778556625,Power
2021-10-09,Chongqing,0.09585385520145351,Power
2021-10-10,Chongqing,0.09198739758587658,Power
2021-10-11,Chongqing,0.09354515669252854,Power
2021-10-12,Chongqing,0.09085984025708135,Power
2021-10-13,Chongqing,0.09112852499734415,Power
2021-10-14,Chongqing,0.09204098143721107,Power
2021-10-15,Chongqing,0.09354515669252854,Power
2021-10-16,Chongqing,0.09193381373454212,Power
2021-10-17,Chongqing,0.0888190610048287,Power
2021-10-18,Chongqing,0.08908774574509153,Power
2021-10-19,Chongqing,0.08978586677962057,Power
2021-10-20,Chongqing,0.09128927655134757,Power
2021-10-21,Chongqing,0.09204098143721107,Power
2021-10-22,Chongqing,0.09026888692522124,Power
2021-10-23,Chongqing,0.08946359818802328,Power
2021-10-24,Chongqing,0.08957076589069221,Power
2021-10-25,Chongqing,0.08710131582776386,Power
2021-10-26,Chongqing,0.08967869907695163,Power
2021-10-27,Chongqing,0.0908062564057469,Power
2021-10-28,Chongqing,0.09241683388014281,Power
2021-10-29,Chongqing,0.0927391024717401,Power
2021-10-30,Chongqing,0.09241683388014281,Power
2021-10-31,Chongqing,0.09102135729467524,Power
2021-10-01,Shaanxi,0.45704677085407736,Power
2021-10-02,Shaanxi,0.4495602090357634,Power
2021-10-03,Shaanxi,0.44182101133859947,Power
2021-10-04,Shaanxi,0.43607799290953153,Power
2021-10-05,Shaanxi,0.4460624475018267,Power
2021-10-06,Shaanxi,0.4513073106768243,Power
2021-10-07,Shaanxi,0.464287813297171,Power
2021-10-08,Shaanxi,0.45779756198699767,Power
2021-10-09,Shaanxi,0.44556429224775645,Power
2021-10-10,Shaanxi,0.42759156233126205,Power
2021-10-11,Shaanxi,0.4348326047743557,Power
2021-10-12,Shaanxi,0.4223502574080794,Power
2021-10-13,Shaanxi,0.42359920379506993,Power
2021-10-14,Shaanxi,0.4278406399582973,Power
2021-10-15,Shaanxi,0.4348326047743557,Power
2021-10-16,Shaanxi,0.4273424847042269,Power
2021-10-17,Shaanxi,0.4128639580698545,Power
2021-10-18,Shaanxi,0.41411290445684507,Power
2021-10-19,Shaanxi,0.4173580301119318,Power
2021-10-20,Shaanxi,0.42434643667617544,Power
2021-10-21,Shaanxi,0.4278406399582973,Power
2021-10-22,Shaanxi,0.419603287007063,Power
2021-10-23,Shaanxi,0.415860006097906,Power
2021-10-24,Shaanxi,0.41635816135197634,Power
2021-10-25,Shaanxi,0.4048792409974702,Power
2021-10-26,Shaanxi,0.4168598748578614,Power
2021-10-27,Shaanxi,0.4221011797810443,Power
2021-10-28,Shaanxi,0.4295877415993582,Power
2021-10-29,Shaanxi,0.43108576561338396,Power
2021-10-30,Shaanxi,0.4295877415993582,Power
2021-10-31,Shaanxi,0.42310104854099967,Power
2021-10-01,Qinghai,0.07395091400486674,Power
2021-10-02,Qinghai,0.0727395760750884,Power
2021-10-03,Qinghai,0.07148736124748958,Power
2021-10-04,Qinghai,0.07055813148576796,Power
2021-10-05,Qinghai,0.07217363254610924,Power
2021-10-06,Qinghai,0.07302225997410036,Power
2021-10-07,Qinghai,0.07512252649873505,Power
2021-10-08,Qinghai,0.07407239323641772,Power
2021-10-09,Qinghai,0.07209303021237876,Power
2021-10-10,Qinghai,0.0691850131575734,Power
2021-10-11,Qinghai,0.07035662565144171,Power
2021-10-12,Qinghai,0.06833696146053753,Power
2021-10-13,Qinghai,0.06853904302581898,Power
2021-10-14,Qinghai,0.06922531432443865,Power
2021-10-15,Qinghai,0.07035662565144171,Power
2021-10-16,Qinghai,0.06914471199070815,Power
2021-10-17,Qinghai,0.06680206273392673,Power
2021-10-18,Qinghai,0.0670041442992082,Power
2021-10-19,Qinghai,0.06752921093036689,Power
2021-10-20,Qinghai,0.06865994652641473,Power
2021-10-21,Qinghai,0.06922531432443865,Power
2021-10-22,Qinghai,0.06789249716310934,Power
2021-10-23,Qinghai,0.06728682819822017,Power
2021-10-24,Qinghai,0.06736743053195067,Power
2021-10-25,Qinghai,0.06551012247041789,Power
2021-10-26,Qinghai,0.06744860859663637,Power
2021-10-27,Qinghai,0.06829666029367228,Power
2021-10-28,Qinghai,0.06950799822345062,Power
2021-10-29,Qinghai,0.06975038095559734,Power
2021-10-30,Qinghai,0.06950799822345062,Power
2021-10-31,Qinghai,0.06845844069208849,Power
2021-10-01,Heilongjiang,0.19641159599906077,Power
2021-10-02,Heilongjiang,0.1931943157357458,Power
2021-10-03,Heilongjiang,0.1898684675547999,Power
2021-10-04,Heilongjiang,0.18740045883569795,Power
2021-10-05,Heilongjiang,0.1916911852705183,Power
2021-10-06,Heilongjiang,0.1939451164055593,Power
2021-10-07,Heilongjiang,0.1995233665959458,Power
2021-10-08,Heilongjiang,0.19673424150075258,Power
2021-10-09,Heilongjiang,0.1914771076864574,Power
2021-10-10,Heilongjiang,0.18375349427866072,Power
2021-10-11,Heilongjiang,0.18686526487554575,Power
2021-10-12,Heilongjiang,0.18150109226922018,Power
2021-10-13,Heilongjiang,0.1820378153549728,Power
2021-10-14,Heilongjiang,0.1838605330706912,Power
2021-10-15,Heilongjiang,0.18686526487554575,Power
2021-10-16,Heilongjiang,0.1836464554866303,Power
2021-10-17,Heilongjiang,0.17742444341846073,Power
2021-10-18,Heilongjiang,0.17796116650421337,Power
2021-10-19,Heilongjiang,0.17935572905181002,Power
2021-10-20,Heilongjiang,0.18235893173106413,Power
2021-10-21,Heilongjiang,0.1838605330706912,Power
2021-10-22,Heilongjiang,0.18032060730568442,Power
2021-10-23,Heilongjiang,0.1787119671740269,Power
2021-10-24,Heilongjiang,0.1789260447580878,Power
2021-10-25,Heilongjiang,0.17399308557108484,Power
2021-10-26,Heilongjiang,0.1791416514677491,Power
2021-10-27,Heilongjiang,0.18139405347718973,Power
2021-10-28,Heilongjiang,0.18461133374050473,Power
2021-10-29,Heilongjiang,0.18525509561828782,Power
2021-10-30,Heilongjiang,0.18461133374050473,Power
2021-10-31,Heilongjiang,0.18182373777091193,Power
2021-11-01,Shanghai,0.11733917703261919,Power
2021-11-02,Shanghai,0.11950586112609772,Power
2021-11-03,Shanghai,0.11991138543676119,Power
2021-11-04,Shanghai,0.12201078120435528,Power
2021-11-05,Shanghai,0.12119793822767143,Power
2021-11-06,Shanghai,0.11970862328142945,Power
2021-11-07,Shanghai,0.11862572982352942,Power
2021-11-08,Shanghai,0.11375046631878312,Power
2021-11-09,Shanghai,0.11591715041226164,Power
2021-11-10,Shanghai,0.11476607145079874,Power
2021-11-11,Shanghai,0.11720370320317189,Power
2021-11-12,Shanghai,0.11781288684684557,Power
2021-11-13,Shanghai,0.11909943963775578,Power
2021-11-14,Shanghai,0.11849025599408212,Power
2021-11-15,Shanghai,0.12113064990178699,Power
2021-11-16,Shanghai,0.12099517607233969,Power
2021-11-17,Shanghai,0.12228172886324991,Power
2021-11-18,Shanghai,0.11997957094032408,Power
2021-11-19,Shanghai,0.12377104380949189,Power
2021-11-20,Shanghai,0.12654691154664408,Power
2021-11-21,Shanghai,0.12796893816700158,Power
2021-11-22,Shanghai,0.1263441493913123,Power
2021-11-23,Shanghai,0.12810441199644892,Power
2021-11-24,Shanghai,0.13020380776404303,Power
2021-11-25,Shanghai,0.13609377922312643,Power
2021-11-26,Shanghai,0.13365704464843176,Power
2021-11-27,Shanghai,0.1299328601051484,Power
2021-11-28,Shanghai,0.12695333303498602,Power
2021-11-29,Shanghai,0.12851083348479084,Power
2021-11-30,Shanghai,0.1282398858258962,Power
2021-11-01,Yunnan,0.12609068672610843,Power
2021-11-02,Yunnan,0.1284189686535443,Power
2021-11-03,Yunnan,0.1288547381902735,Power
2021-11-04,Yunnan,0.13111071322555293,Power
2021-11-05,Yunnan,0.13023724596830372,Power
2021-11-06,Yunnan,0.1286368534219089,Power
2021-11-07,Yunnan,0.12747319450413866,Power
2021-11-08,Yunnan,0.12223431914443415,Power
2021-11-09,Yunnan,0.12456260107186999,Power
2021-11-10,Yunnan,0.12332567117004799,Power
2021-11-11,Yunnan,0.12594510884990023,Power
2021-11-12,Yunnan,0.12659972724688948,Power
2021-11-13,Yunnan,0.12798223502491968,Power
2021-11-14,Yunnan,0.1273276166279305,Power
2021-11-15,Yunnan,0.13016493907614732,Power
2021-11-16,Yunnan,0.13001936119993912,Power
2021-11-17,Yunnan,0.13140186897796935,Power
2021-11-18,Yunnan,0.1289280091743253,Power
2021-11-19,Yunnan,0.13300226152436417,Power
2021-11-20,Yunnan,0.13598516184878923,Power
2021-11-21,Yunnan,0.13751324750302765,Power
2021-11-22,Yunnan,0.1357672770804246,Power
2021-11-23,Yunnan,0.13765882537923588,Power
2021-11-24,Yunnan,0.13991480041451532,Power
2021-11-25,Yunnan,0.14624406370793822,Power
2021-11-26,Yunnan,0.14362559011998138,Power
2021-11-27,Yunnan,0.1396236446620989,Power
2021-11-28,Yunnan,0.13642189547741385,Power
2021-11-29,Yunnan,0.13809555900786047,Power
2021-11-30,Yunnan,0.13780440325544405,Power
2021-11-01,InnerMongolia,1.1335052943774462,Power
2021-11-02,InnerMongolia,1.154435626030604,Power
2021-11-03,InnerMongolia,1.1583530214373232,Power
2021-11-04,InnerMongolia,1.1786333427906934,Power
2021-11-05,InnerMongolia,1.1707812183692605,Power
2021-11-06,InnerMongolia,1.1563943237339636,Power
2021-11-07,InnerMongolia,1.1459334913093835,Power
2021-11-08,InnerMongolia,1.0988380783887792,Power
2021-11-09,InnerMongolia,1.119768410041937,Power
2021-11-10,InnerMongolia,1.108648900513572,Power
2021-11-11,InnerMongolia,1.132196606973874,Power
2021-11-12,InnerMongolia,1.1380813668879506,Power
2021-11-13,InnerMongolia,1.1505095638198874,Power
2021-11-14,InnerMongolia,1.1446248039058113,Power
2021-11-15,InnerMongolia,1.170131208069473,Power
2021-11-16,InnerMongolia,1.1688225206659009,Power
2021-11-17,InnerMongolia,1.181250717597838,Power
2021-11-18,InnerMongolia,1.159011698541108,Power
2021-11-19,InnerMongolia,1.1956376122331347,Power
2021-11-20,InnerMongolia,1.2224527038003687,Power
2021-11-21,InnerMongolia,1.2361895881358778,Power
2021-11-22,InnerMongolia,1.2204940060970089,Power
2021-11-23,InnerMongolia,1.2374982755394501,Power
2021-11-24,InnerMongolia,1.2577785968928203,Power
2021-11-25,InnerMongolia,1.3146761651342198,Power
2021-11-26,InnerMongolia,1.291137125477915,Power
2021-11-27,InnerMongolia,1.2551612220856758,Power
2021-11-28,InnerMongolia,1.2263787660110852,Power
2021-11-29,InnerMongolia,1.2414243377501666,Power
2021-11-30,InnerMongolia,1.238806962943022,Power
2021-11-01,Beijing,0.0794123411700881,Power
2021-11-02,Beijing,0.08087870100650735,Power
2021-11-03,Beijing,0.08115315013531127,Power
2021-11-04,Beijing,0.08257397084637587,Power
2021-11-05,Beijing,0.0820238582120919,Power
2021-11-06,Beijing,0.08101592557090931,Power
2021-11-07,Beijing,0.08028304924686873,Power
2021-11-08,Beijing,0.07698358781784091,Power
2021-11-09,Beijing,0.07844994765426015,Power
2021-11-10,Beijing,0.07767092501652688,Power
2021-11-11,Beijing,0.07932065573104077,Power
2021-11-12,Beijing,0.07973293661258475,Power
2021-11-13,Beijing,0.08060364468936536,Power
2021-11-14,Beijing,0.0801913638078214,Power
2021-11-15,Beijing,0.08197831908673725,Power
2021-11-16,Beijing,0.08188663364768993,Power
2021-11-17,Beijing,0.08275734172447054,Power
2021-11-18,Beijing,0.08119929644900398,Power
2021-11-19,Beijing,0.08376527436565313,Power
2021-11-20,Beijing,0.08564391508361632,Power
2021-11-21,Beijing,0.08660630859944426,Power
2021-11-22,Beijing,0.08550669051921435,Power
2021-11-23,Beijing,0.0866979940384916,Power
2021-11-24,Beijing,0.0881188147495562,Power
2021-11-25,Beijing,0.09210500618893189,Power
2021-11-26,Beijing,0.09045588266275606,Power
2021-11-27,Beijing,0.08793544387146154,Power
2021-11-28,Beijing,0.08591897140075831,Power
2021-11-29,Beijing,0.08697305035563359,Power
2021-11-30,Beijing,0.08678967947753892,Power
2021-11-01,Jilin,0.16365485206071645,Power
2021-11-02,Jilin,0.16667676148387497,Power
2021-11-03,Jilin,0.16724235281276426,Power
2021-11-04,Jilin,0.1701704141171911,Power
2021-11-05,Jilin,0.16903672884291304,Power
2021-11-06,Jilin,0.16695955714831962,Power
2021-11-07,Jilin,0.16544922809086524,Power
2021-11-08,Jilin,0.15864961906169617,Power
2021-11-09,Jilin,0.16167152848485467,Power
2021-11-10,Jilin,0.16006610000041893,Power
2021-11-11,Jilin,0.16346590451500345,Power
2021-11-12,Jilin,0.16431554281658717,Power
2021-11-13,Jilin,0.16610991884673593,Power
2021-11-14,Jilin,0.16526028054515224,Power
2021-11-15,Jilin,0.1689428807241814,Power
2021-11-16,Jilin,0.1687539331784684,Power
2021-11-17,Jilin,0.17054830920861716,Power
2021-11-18,Jilin,0.16733745223974564,Power
2021-11-19,Jilin,0.1726254809032106,Power
2021-11-20,Jilin,0.1764970286279528,Power
2021-11-21,Jilin,0.17848035220381456,Power
2021-11-22,Jilin,0.1762142329635081,Power
2021-11-23,Jilin,0.17866929974952758,Power
2021-11-24,Jilin,0.18159736105395444,Power
2021-11-25,Jilin,0.18981219971359647,Power
2021-11-26,Jilin,0.18641364650726172,Power
2021-11-27,Jilin,0.18121946596252841,Power
2021-11-28,Jilin,0.17706387126509182,Power
2021-11-29,Jilin,0.17923614238666663,Power
2021-11-30,Jilin,0.17885824729524058,Power
2021-11-01,Sichuan,0.10656521374112443,Power
2021-11-02,Sichuan,0.10853295511591564,Power
2021-11-03,Sichuan,0.10890124459889933,Power
2021-11-04,Sichuan,0.11080787599310694,Power
2021-11-05,Sichuan,0.11006966742765734,Power
2021-11-06,Sichuan,0.10871709985740748,Power
2021-11-07,Sichuan,0.10773363656988244,Power
2021-11-08,Sichuan,0.10330601477666697,Power
2021-11-09,Sichuan,0.10527375615145816,Power
2021-11-10,Sichuan,0.10422836808360844,Power
2021-11-11,Sichuan,0.10644217898021617,Power
2021-11-12,Sichuan,0.10699542800443285,Power
2021-11-13,Sichuan,0.10816385083319083,Power
2021-11-14,Sichuan,0.1076106018089742,Power
2021-11-15,Sichuan,0.11000855744707375,Power
2021-11-16,Sichuan,0.1098855226861655,Power
2021-11-17,Sichuan,0.11105394551492348,Power
2021-11-18,Sichuan,0.10896316937922403,Power
2021-11-19,Sichuan,0.11240651308517334,Power
2021-11-20,Sichuan,0.11492750348418118,Power
2021-11-21,Sichuan,0.11621896107384744,Power
2021-11-22,Sichuan,0.11474335874268932,Power
2021-11-23,Sichuan,0.11634199583475571,Power
2021-11-24,Sichuan,0.11824862722896333,Power
2021-11-25,Sichuan,0.12359778752937912,Power
2021-11-26,Sichuan,0.12138479143251252,Power
2021-11-27,Sichuan,0.1180025577071468,Power
2021-11-28,Sichuan,0.11529660776690599,Power
2021-11-29,Sichuan,0.11671110011748052,Power
2021-11-30,Sichuan,0.11646503059566397,Power
2021-11-01,Tianjin,0.15813025909767767,Power
2021-11-02,Tianjin,0.16105015614953216,Power
2021-11-03,Tianjin,0.16159665447973431,Power
2021-11-04,Tianjin,0.16442587149892252,Power
2021-11-05,Tianjin,0.16333045670431376,Power
2021-11-06,Tianjin,0.16132340531463324,Power
2021-11-07,Tianjin,0.1598640613222571,Power
2021-11-08,Tianjin,0.15329399068880897,Power
2021-11-09,Tianjin,0.15621388774066344,Power
2021-11-10,Tianjin,0.15466265464851883,Power
2021-11-11,Tianjin,0.1579476899652429,Power
2021-11-12,Tianjin,0.15876864652764838,Power
2021-11-13,Tianjin,0.1605024487522278,Power
2021-11-14,Tianjin,0.15968149218982233,Power
2021-11-15,Tianjin,0.16323977667164746,Power
2021-11-16,Tianjin,0.16305720753921268,Power
2021-11-17,Tianjin,0.1647910097637921,Power
2021-11-18,Tianjin,0.16168854357950282,Power
2021-11-19,Tianjin,0.16679806115347262,Power
2021-11-20,Tianjin,0.17053891476773256,Power
2021-11-21,Tianjin,0.17245528612474675,Power
2021-11-22,Tianjin,0.17026566560263146,Power
2021-11-23,Tianjin,0.1726378552571816,Power
2021-11-24,Tianjin,0.17546707227636976,Power
2021-11-25,Tianjin,0.18340459780242552,Power
2021-11-26,Tianjin,0.18012077155280368,Power
2021-11-27,Tianjin,0.17510193401150018,Power
2021-11-28,Tianjin,0.17108662216503695,Power
2021-11-29,Tianjin,0.17318556265448595,Power
2021-11-30,Tianjin,0.17282042438961637,Power
2021-11-01,Ningxia,0.31588962927155523,Power
2021-11-02,Ningxia,0.3217225748601138,Power
2021-11-03,Ningxia,0.3228142897280345,Power
2021-11-04,Ningxia,0.32846608793806636,Power
2021-11-05,Ningxia,0.3262778276054643,Power
2021-11-06,Ningxia,0.32226843229407415,Power
2021-11-07,Ningxia,0.31935316714898504,Power
2021-11-08,Ningxia,0.3062284357501332,Power
2021-11-09,Ningxia,0.3120613813386917,Power
2021-11-10,Ningxia,0.30896255351669566,Power
2021-11-11,Ningxia,0.3155249192161216,Power
2021-11-12,Ningxia,0.317164906816383,Power
2021-11-13,Ningxia,0.32062844469381274,Power
2021-11-14,Ningxia,0.3189884570935514,Power
2021-11-15,Ningxia,0.3260966802269376,Power
2021-11-16,Ningxia,0.32573197017150396,Power
2021-11-17,Ningxia,0.3291955080489337,Power
2021-11-18,Ningxia,0.3229978524049415,Power
2021-11-19,Ningxia,0.3332049033603239,Power
2021-11-20,Ningxia,0.34067783654914385,Power
2021-11-21,Ningxia,0.34450608448200726,Power
2021-11-22,Ningxia,0.3401319791151834,Power
2021-11-23,Ningxia,0.34487079453744096,Power
2021-11-24,Ningxia,0.3505225927474728,Power
2021-11-25,Ningxia,0.3663790266145067,Power
2021-11-26,Ningxia,0.35981907621346115,Power
2021-11-27,Ningxia,0.3497931726366055,Power
2021-11-28,Ningxia,0.34177196671544485,Power
2021-11-29,Ningxia,0.34596492470374196,Power
2021-11-30,Ningxia,0.3452355045928746,Power
2021-11-01,Anhui,0.5538008297959148,Power
2021-11-02,Anhui,0.5640268385273418,Power
2021-11-03,Anhui,0.5659407747371161,Power
2021-11-04,Anhui,0.5758492055576292,Power
2021-11-05,Anhui,0.5720128643937896,Power
2021-11-06,Anhui,0.5649838066322289,Power
2021-11-07,Anhui,0.5598729194525883,Power
2021-11-08,Anhui,0.5368633412138413,Power
2021-11-09,Anhui,0.5470893499452681,Power
2021-11-10,Anhui,0.5416566504825681,Power
2021-11-11,Anhui,0.5531614396019416,Power
2021-11-12,Anhui,0.5560365782887486,Power
2021-11-13,Anhui,0.562108667945422,Power
2021-11-14,Anhui,0.559233529258615,Power
2021-11-15,Anhui,0.5716952864828756,Power
2021-11-16,Anhui,0.5710558962889024,Power
2021-11-17,Anhui,0.5771279859455758,Power
2021-11-18,Anhui,0.5662625870201755,Power
2021-11-19,Anhui,0.5841570437071364,Power
2021-11-20,Anhui,0.5972581911253703,Power
2021-11-21,Anhui,0.6039696709760168,Power
2021-11-22,Anhui,0.596301223020483,Power
2021-11-23,Anhui,0.6046090611699902,Power
2021-11-24,Anhui,0.6145174919905032,Power
2021-11-25,Anhui,0.6423161451258315,Power
2021-11-26,Anhui,0.6308155903786036,Power
2021-11-27,Anhui,0.6132387116025567,Power
2021-11-28,Anhui,0.59917636170729,Power
2021-11-29,Anhui,0.60652723175191,Power
2021-11-30,Anhui,0.6052484513639634,Power
2021-11-01,Shandong,1.2706197628236438,Power
2021-11-02,Shandong,1.2940819320546768,Power
2021-11-03,Shandong,1.2984731951985389,Power
2021-11-04,Shandong,1.3212067256335769,Power
2021-11-05,Shandong,1.3124047689779599,Power
2021-11-06,Shandong,1.2962775636266077,Power
2021-11-07,Shandong,1.2845513366030648,Power
2021-11-08,Shandong,1.2317590270372538,Power
2021-11-09,Shandong,1.2552211962682867,Power
2021-11-10,Shandong,1.2427566152648024,Power
2021-11-11,Shandong,1.2691527700477077,Power
2021-11-12,Shandong,1.2757493799474475,Power
2021-11-13,Shandong,1.2896809537268683,Power
2021-11-14,Shandong,1.2830843438271287,Power
2021-11-15,Shandong,1.3116761301819648,Power
2021-11-16,Shandong,1.3102091374060287,Power
2021-11-17,Shandong,1.3241407111854493,Power
2021-11-18,Shandong,1.2992115491784804,Power
2021-11-19,Shandong,1.3402679165368014,Power
2021-11-20,Shandong,1.370326695667574,Power
2021-11-21,Shandong,1.3857252622229308,Power
2021-11-22,Shandong,1.3681310640956426,Power
2021-11-23,Shandong,1.3871922549988671,Power
2021-11-24,Shandong,1.4099257854339051,Power
2021-11-25,Shandong,1.4737059680433175,Power
2021-11-26,Shandong,1.4473195284443587,Power
2021-11-27,Shandong,1.4069917998820327,Power
2021-11-28,Shandong,1.3747276739953826,Power
2021-11-29,Shandong,1.3915932333266756,Power
2021-11-30,Shandong,1.3886592477748032,Power
2021-11-01,Shanxi,0.6569956273727612,Power
2021-11-02,Shanxi,0.6691271422794814,Power
2021-11-03,Shanxi,0.6713977198106771,Power
2021-11-04,Shanxi,0.6831524795960706,Power
2021-11-05,Shanxi,0.678601277730444,Power
2021-11-06,Shanxi,0.6702624310450792,Power
2021-11-07,Shanxi,0.664199185292528,Power
2021-11-08,Shanxi,0.636902020902003,Power
2021-11-09,Shanxi,0.6490335358087232,Power
2021-11-10,Shanxi,0.6425885115332276,Power
2021-11-11,Shanxi,0.65623709372849,Power
2021-11-12,Shanxi,0.6596479834269013,Power
2021-11-13,Shanxi,0.6668515413466681,Power
2021-11-14,Shanxi,0.6634406516482569,Power
2021-11-15,Shanxi,0.6782245226091171,Power
2021-11-16,Shanxi,0.6774659889648461,Power
2021-11-17,Shanxi,0.6846695468846128,Power
2021-11-18,Shanxi,0.6717794983336215,Power
2021-11-19,Shanxi,0.6930083935699776,Power
2021-11-20,Shanxi,0.708550798175109,Power
2021-11-21,Shanxi,0.7165128897391467,Power
2021-11-22,Shanxi,0.707415509409511,Power
2021-11-23,Shanxi,0.717271423383418,Power
2021-11-24,Shanxi,0.7290261831688115,Power
2021-11-25,Shanxi,0.7620048147889432,Power
2021-11-26,Shanxi,0.7483612559952985,Power
2021-11-27,Shanxi,0.7275091158802692,Power
2021-11-28,Shanxi,0.7108263991079223,Power
2021-11-29,Shanxi,0.7195470243162313,Power
2021-11-30,Shanxi,0.718029957027689,Power
2021-11-01,Guangdong,0.6640764516178389,Power
2021-11-02,Guangdong,0.676338714921203,Power
2021-11-03,Guangdong,0.6786337637879196,Power
2021-11-04,Guangdong,0.6905152114607445,Power
2021-11-05,Guangdong,0.6859149586438303,Power
2021-11-06,Guangdong,0.6774862393545613,Power
2021-11-07,Guangdong,0.6713576464737495,Power
2021-11-08,Guangdong,0.6437662846557451,Power
2021-11-09,Guangdong,0.6560285479591091,Power
2021-11-10,Guangdong,0.6495140619060177,Power
2021-11-11,Guangdong,0.6633097428150199,Power
2021-11-12,Guangdong,0.6667573936568354,Power
2021-11-13,Guangdong,0.6740385885127459,Power
2021-11-14,Guangdong,0.6705909376709306,Power
2021-11-15,Guangdong,0.685534143013291,Power
2021-11-16,Guangdong,0.684767434210472,Power
2021-11-17,Guangdong,0.6920486290663825,Power
2021-11-18,Guangdong,0.6790196569601994,Power
2021-11-19,Guangdong,0.7004773483556516,Power
2021-11-20,Guangdong,0.7161872625008311,Power
2021-11-21,Guangdong,0.7242351661595606,Power
2021-11-22,Guangdong,0.7150397380674727,Power
2021-11-23,Guangdong,0.7250018749623797,Power
2021-11-24,Guangdong,0.7368833226352045,Power
2021-11-25,Guangdong,0.7702173841617409,Power
2021-11-26,Guangdong,0.7564267807944792,Power
2021-11-27,Guangdong,0.7353499050295664,Power
2021-11-28,Guangdong,0.7184873889092881,Power
2021-11-29,Guangdong,0.7273020013708368,Power
2021-11-30,Guangdong,0.7257685837651987,Power
2021-11-01,Guangxi,0.2117140337665149,Power
2021-11-02,Guangxi,0.21562336261071302,Power
2021-11-03,Guangxi,0.2163550465186126,Power
2021-11-04,Guangxi,0.22014296763472999,Power
2021-11-05,Guangxi,0.21867636227951534,Power
2021-11-06,Guangxi,0.2159892045646628,Power
2021-11-07,Guangxi,0.21403534952741765,Power
2021-11-08,Guangxi,0.20523895493554503,Power
2021-11-09,Guangxi,0.2091482837797431,Power
2021-11-10,Guangxi,0.20707140224470952,Power
2021-11-11,Guangxi,0.21146959954064581,Power
2021-11-12,Guangxi,0.212568744172203,Power
2021-11-13,Guangxi,0.21489005993310567,Power
2021-11-14,Guangxi,0.21379091530154856,Power
2021-11-15,Guangxi,0.21855495455143464,Power
2021-11-16,Guangxi,0.21831052032556553,Power
2021-11-17,Guangxi,0.22063183608646822,Power
2021-11-18,Guangxi,0.21647807301640104,Power
2021-11-19,Guangxi,0.22331899380132075,Power
2021-11-20,Guangxi,0.22832746727707598,Power
2021-11-21,Guangxi,0.23089321726384776,Power
2021-11-22,Guangxi,0.22796162532312614,Power
2021-11-23,Guangxi,0.2311376514897169,Power
2021-11-24,Guangxi,0.23492557260583427,Power
2021-11-25,Guangxi,0.2455527957371636,Power
2021-11-26,Guangxi,0.24115621721093505,Power
2021-11-27,Guangxi,0.23443670415409604,Power
2021-11-28,Guangxi,0.2290607699546833,Power
2021-11-29,Guangxi,0.23187095416732423,Power
2021-11-30,Guangxi,0.231382085715586,Power
2021-11-01,Xinjiang,0.764954472993949,Power
2021-11-02,Xinjiang,0.7790794628804086,Power
2021-11-03,Xinjiang,0.7817231462877294,Power
2021-11-04,Xinjiang,0.7954094718920007,Power
2021-11-05,Xinjiang,0.7901104073631676,Power
2021-11-06,Xinjiang,0.780401304584069,Power
2021-11-07,Xinjiang,0.7733417340693872,Power
2021-11-08,Xinjiang,0.7415590446105791,Power
2021-11-09,Xinjiang,0.7556840344970387,Power
2021-11-10,Xinjiang,0.7481799508430729,Power
2021-11-11,Xinjiang,0.7640712955724769,Power
2021-11-12,Xinjiang,0.768042669540554,Power
2021-11-13,Xinjiang,0.776429930615992,Power
2021-11-14,Xinjiang,0.7724585566479151,Power
2021-11-15,Xinjiang,0.7896717430809793,Power
2021-11-16,Xinjiang,0.7887885656595072,Power
2021-11-17,Xinjiang,0.7971758267349452,Power
2021-11-18,Xinjiang,0.7821676594270135,Power
2021-11-19,Xinjiang,0.8068849295140438,Power
2021-11-20,Xinjiang,0.8249812933685804,Power
2021-11-21,Xinjiang,0.8342517318654906,Power
2021-11-22,Xinjiang,0.8236594516649198,Power
2021-11-23,Xinjiang,0.8351349092869629,Power
2021-11-24,Xinjiang,0.8488212348912343,Power
2021-11-25,Xinjiang,0.88721898172544,Power
2021-11-26,Xinjiang,0.871333485853132,Power
2021-11-27,Xinjiang,0.8470548800482899,Power
2021-11-28,Xinjiang,0.8276308256329971,Power
2021-11-29,Xinjiang,0.8377844415513795,Power
2021-11-30,Xinjiang,0.836018086708435,Power
2021-11-01,Jiangsu,0.9825042544332226,Power
2021-11-02,Jiangsu,1.0006463310498301,Power
2021-11-03,Jiangsu,1.0040418667147188,Power
2021-11-04,Jiangsu,1.0216205248028603,Power
2021-11-05,Jiangsu,1.0148144289789902,Power
2021-11-06,Jiangsu,1.0023440988822745,Power
2021-11-07,Jiangsu,0.993276816697494,Power
2021-11-08,Jiangsu,0.9524552662483656,Power
2021-11-09,Jiangsu,0.970597342864973,Power
2021-11-10,Jiangsu,0.9609591299046802,Power
2021-11-11,Jiangsu,0.9813699051292444,Power
2021-11-12,Jiangsu,0.986470720873624,Power
2021-11-13,Jiangsu,0.9972432831378951,Power
2021-11-14,Jiangsu,0.9921424673935157,Power
2021-11-15,Jiangsu,1.0142510104505242,Power
2021-11-16,Jiangsu,1.0131166611465459,Power
2021-11-17,Jiangsu,1.023889223410817,Power
2021-11-18,Jiangsu,1.0046127974902312,Power
2021-11-19,Jiangsu,1.0363595535075327,Power
2021-11-20,Jiangsu,1.0596024458685196,Power
2021-11-21,Jiangsu,1.0715093574367691,Power
2021-11-22,Jiangsu,1.057904678036075,Power
2021-11-23,Jiangsu,1.0726437067407475,Power
2021-11-24,Jiangsu,1.090222364828889,Power
2021-11-25,Jiangsu,1.1395402666872854,Power
2021-11-26,Jiangsu,1.1191370037097674,Power
2021-11-27,Jiangsu,1.0879536662209321,Power
2021-11-28,Jiangsu,1.0630054937804547,Power
2021-11-29,Jiangsu,1.0760467546526826,Power
2021-11-30,Jiangsu,1.0737780560447259,Power
2021-11-01,Jiangxi,0.177306876782238,Power
2021-11-02,Jiangxi,0.18058087272548243,Power
2021-11-03,Jiangxi,0.1811936454651704,Power
2021-11-04,Jiangxi,0.18436596451576745,Power
2021-11-05,Jiangxi,0.18313770765258758,Power
2021-11-06,Jiangxi,0.1808872590953264,Power
2021-11-07,Jiangxi,0.17925093896965522,Power
2021-11-08,Jiangxi,0.1718841091743798,Power
2021-11-09,Jiangxi,0.1751581051176242,Power
2021-11-10,Jiangxi,0.17341875240740368,Power
2021-11-11,Jiangxi,0.17710216730504139,Power
2021-11-12,Jiangxi,0.17802268210647534,Power
2021-11-13,Jiangxi,0.1799667442938925,Power
2021-11-14,Jiangxi,0.17904622949245858,Power
2021-11-15,Jiangxi,0.18303603075994024,Power
2021-11-16,Jiangxi,0.1828313212827436,Power
2021-11-17,Jiangxi,0.18477538347016076,Power
2021-11-18,Jiangxi,0.18129667804971972,Power
2021-11-19,Jiangxi,0.18702583202742193,Power
2021-11-20,Jiangxi,0.19122034277210026,Power
2021-11-21,Jiangxi,0.19336911443671403,Power
2021-11-22,Jiangxi,0.19091395640225622,Power
2021-11-23,Jiangxi,0.1935738239139107,Power
2021-11-24,Jiangxi,0.19674614296450776,Power
2021-11-25,Jiangxi,0.20564626030090505,Power
2021-11-26,Jiangxi,0.20196420109516933,Power
2021-11-27,Jiangxi,0.19633672401011448,Power
2021-11-28,Jiangxi,0.19183447120369018,Power
2021-11-29,Jiangxi,0.19418795234550065,Power
2021-11-30,Jiangxi,0.19377853339110734,Power
2021-11-01,Hebei,0.6844101154115334,Power
2021-11-02,Hebei,0.6970478426223331,Power
2021-11-03,Hebei,0.6994131646510211,Power
2021-11-04,Hebei,0.7116584158614853,Power
2021-11-05,Hebei,0.7069173057774338,Power
2021-11-06,Hebei,0.698230503636677,Power
2021-11-07,Hebei,0.6919142565379461,Power
2021-11-08,Hebei,0.6634780620603125,Power
2021-11-09,Hebei,0.676115789271112,Power
2021-11-10,Hebei,0.669401833158708,Power
2021-11-11,Hebei,0.6836199303975249,Power
2021-11-12,Hebei,0.6871731464538947,Power
2021-11-13,Hebei,0.6946772875803073,Power
2021-11-14,Hebei,0.6911240715239376,Power
2021-11-15,Hebei,0.7065248297770984,Power
2021-11-16,Hebei,0.7057346447630899,Power
2021-11-17,Hebei,0.7132387858895025,Power
2021-11-18,Hebei,0.6998108736646943,Power
2021-11-19,Hebei,0.7219255880302593,Power
2021-11-20,Hebei,0.7381165312974287,Power
2021-11-21,Hebei,0.7464108574378499,Power
2021-11-22,Hebei,0.7369338702830845,Power
2021-11-23,Hebei,0.7472010424518585,Power
2021-11-24,Hebei,0.7594462936623227,Power
2021-11-25,Hebei,0.7938010262250141,Power
2021-11-26,Hebei,0.7795881619995352,Power
2021-11-27,Hebei,0.7578659236343056,Power
2021-11-28,Hebei,0.7404870863394544,Power
2021-11-29,Hebei,0.7495715974938842,Power
2021-11-30,Hebei,0.7479912274658671,Power
2021-11-01,Henan,0.4635756596039548,Power
2021-11-02,Henan,0.47213564811920145,Power
2021-11-03,Henan,0.4737377660524898,Power
2021-11-04,Henan,0.48203191641508897,Power
2021-11-05,Henan,0.4788205915311083,Power
2021-11-06,Henan,0.4729367070858456,Power
2021-11-07,Henan,0.46865848508257335,Power
2021-11-08,Henan,0.449397624796093,Power
2021-11-09,Henan,0.4579576133113396,Power
2021-11-10,Henan,0.453410008646718,Power
2021-11-11,Henan,0.4630404387899581,Power
2021-11-12,Henan,0.4654471601985927,Power
2021-11-13,Henan,0.4705299856772111,Power
2021-11-14,Henan,0.4681232642685766,Power
2021-11-15,Henan,0.4785547533784609,Power
2021-11-16,Henan,0.4780195325644641,Power
2021-11-17,Henan,0.48310235804308255,Power
2021-11-18,Henan,0.4740071487138392,Power
2021-11-19,Henan,0.4889862424883452,Power
2021-11-20,Henan,0.4999529524122263,Power
2021-11-21,Henan,0.5055709987048415,Power
2021-11-22,Henan,0.49915189344558203,Power
2021-11-23,Henan,0.5061062195188383,Power
2021-11-24,Henan,0.5144003698814374,Power
2021-11-25,Henan,0.5376700695098405,Power
2021-11-26,Henan,0.5280431838753025,Power
2021-11-27,Henan,0.5133299282534438,Power
2021-11-28,Henan,0.5015586148542166,Power
2021-11-29,Henan,0.5077118819608286,Power
2021-11-30,Henan,0.5066414403328351,Power
2021-11-01,Zhejiang,0.5053733391184371,Power
2021-11-02,Zhejiang,0.5147051275528459,Power
2021-11-03,Zhejiang,0.5164516983074433,Power
2021-11-04,Zhejiang,0.5254936796476158,Power
2021-11-05,Zhejiang,0.5219928099492415,Power
2021-11-06,Zhejiang,0.5155784129301446,Power
2021-11-07,Zhejiang,0.5109144507602351,Power
2021-11-08,Zhejiang,0.4899169607591678,Power
2021-11-09,Zhejiang,0.4992487491935766,Power
2021-11-10,Zhejiang,0.49429111583484103,Power
2021-11-11,Zhejiang,0.5047898608353747,Power
2021-11-12,Zhejiang,0.5074135810618607,Power
2021-11-13,Zhejiang,0.5129546927036587,Power
2021-11-14,Zhejiang,0.5103309724771727,Power
2021-11-15,Zhejiang,0.521703002855005,Power
2021-11-16,Zhejiang,0.5211195245719427,Power
2021-11-17,Zhejiang,0.5266606362137407,Power
2021-11-18,Zhejiang,0.5167453694962695,Power
2021-11-19,Zhejiang,0.5330750332328374,Power
2021-11-20,Zhejiang,0.5450305418937322,Power
2021-11-21,Zhejiang,0.5511551318185927,Power
2021-11-22,Zhejiang,0.5441572565164334,Power
2021-11-23,Zhejiang,0.551738610101655,Power
2021-11-24,Zhejiang,0.5607805914418276,Power
2021-11-25,Zhejiang,0.5861483724239782,Power
2021-11-26,Zhejiang,0.5756534915180345,Power
2021-11-27,Zhejiang,0.5596136348757027,Power
2021-11-28,Zhejiang,0.5467809767429195,Power
2021-11-29,Zhejiang,0.5534890449508423,Power
2021-11-30,Zhejiang,0.5523220883847174,Power
2021-11-01,Hainan,0.03511529142394827,Power
2021-11-02,Hainan,0.035763700125033514,Power
2021-11-03,Hainan,0.03588505860656168,Power
2021-11-04,Hainan,0.03651333039146415,Power
2021-11-05,Hainan,0.03627007644397627,Power
2021-11-06,Hainan,0.0358243793657976,Power
2021-11-07,Hainan,0.03550030926136286,Power
2021-11-08,Hainan,0.03404132256086713,Power
2021-11-09,Hainan,0.034689731261952364,Power
2021-11-10,Hainan,0.0343452557491191,Power
2021-11-11,Hainan,0.03507474909936696,Power
2021-11-12,Hainan,0.03525705531387499,Power
2021-11-13,Hainan,0.035642073151289574,Power
2021-11-14,Hainan,0.03545976693678155,Power
2021-11-15,Hainan,0.0362499395277935,Power
2021-11-16,Hainan,0.03620939720321219,Power
2021-11-17,Hainan,0.03659441504062677,Power
2021-11-18,Hainan,0.035905464014960226,Power
2021-11-19,Hainan,0.03704011211880545,Power
2021-11-20,Hainan,0.037870827034398716,Power
2021-11-21,Hainan,0.03829638719639461,Power
2021-11-22,Hainan,0.03781014779363462,Power
2021-11-23,Hainan,0.03833692952097593,Power
2021-11-24,Hainan,0.0389652013058784,Power
2021-11-25,Hainan,0.04072785270241031,Power
2021-11-26,Hainan,0.03999862784437822,Power
2021-11-27,Hainan,0.03888411665671577,Power
2021-11-28,Hainan,0.03799245400814265,Power
2021-11-29,Hainan,0.03845855649471986,Power
2021-11-30,Hainan,0.03837747184555724,Power
2021-11-01,Hubei,0.3249019429962227,Power
2021-11-02,Hubei,0.33090130220115804,Power
2021-11-03,Hubei,0.33202416363413145,Power
2021-11-04,Hubei,0.3378372073358079,Power
2021-11-05,Hubei,0.3355865160564409,Power
2021-11-06,Hubei,0.3314627329176448,Power
2021-11-07,Hubei,0.32846429541853217,Power
2021-11-08,Hubei,0.31496511615575007,Power
2021-11-09,Hubei,0.3209644753606854,Power
2021-11-10,Hubei,0.31777723815160386,Power
2021-11-11,Hubei,0.32452682778299485,Power
2021-11-12,Hubei,0.32621360413916517,Power
2021-11-13,Hubei,0.32977595656147457,Power
2021-11-14,Hubei,0.32808918020530436,Power
2021-11-15,Hubei,0.33540020055318204,Power
2021-11-16,Hubei,0.33502508533995423,Power
2021-11-17,Hubei,0.33858743776226363,Power
2021-11-18,Hubei,0.33221296334410044,Power
2021-11-19,Hubei,0.34271122090105977,Power
2021-11-20,Hubei,0.35039735646216535,Power
2021-11-21,Hubei,0.35433482409770256,Power
2021-11-22,Hubei,0.34983592574567857,Power
2021-11-23,Hubei,0.3547099393109304,Power
2021-11-24,Hubei,0.36052298301260693,Power
2021-11-25,Hubei,0.37683180006453254,Power
2021-11-26,Hubei,0.37008469463985166,Power
2021-11-27,Hubei,0.3597727525861512,Power
2021-11-28,Hubei,0.3515227021018489,Power
2021-11-29,Hubei,0.35583528495061395,Power
2021-11-30,Hubei,0.3550850545241583,Power
2021-11-01,Hunan,0.22195586112649784,Power
2021-11-02,Hunan,0.2260543067259878,Power
2021-11-03,Hunan,0.22682138639926708,Power
2021-11-04,Hunan,0.2307925510795182,Power
2021-11-05,Hunan,0.22925499757511333,Power
2021-11-06,Hunan,0.22643784656262744,Power
2021-11-07,Hunan,0.22438947230234407,Power
2021-11-08,Hunan,0.21516754543376085,Power
2021-11-09,Hunan,0.2192659910332508,Power
2021-11-10,Hunan,0.21708863877480544,Power
2021-11-11,Hunan,0.22169960220909704,Power
2021-11-12,Hunan,0.22285191879793917,Power
2021-11-13,Hunan,0.22528552997378537,Power
2021-11-14,Hunan,0.22413321338494327,Power
2021-11-15,Hunan,0.22912771665587447,Power
2021-11-16,Hunan,0.2288714577384737,Power
2021-11-17,Hunan,0.23130506891431987,Power
2021-11-18,Hunan,0.2269503643974291,Power
2021-11-19,Hunan,0.23412221992680574,Power
2021-11-20,Hunan,0.2393729821151378,Power
2021-11-21,Hunan,0.24206285220838478,Power
2021-11-22,Hunan,0.2389894422784981,Power
2021-11-23,Hunan,0.24231911112578564,Power
2021-11-24,Hunan,0.24629027580603677,Power
2021-11-25,Hunan,0.25743159893674133,Power
2021-11-26,Hunan,0.25282233258137293,Power
2021-11-27,Hunan,0.24577775797123513,Power
2021-11-28,Hunan,0.24014175886734024,Power
2021-11-29,Hunan,0.24308788787798807,Power
2021-11-30,Hunan,0.24257537004318644,Power
2021-11-01,Gansu,0.23895358440646863,Power
2021-11-02,Gansu,0.2433658953115404,Power
2021-11-03,Gansu,0.24419171913311077,Power
2021-11-04,Gansu,0.24846700174920516,Power
2021-11-05,Gansu,0.2468117000183584,Power
2021-11-06,Gansu,0.2437788072223256,Power
2021-11-07,Gansu,0.24157356529171622,Power
2021-11-08,Gansu,0.23164540899434147,Power
2021-11-09,Gansu,0.23605771989941324,Power
2021-11-10,Gansu,0.23371362263597348,Power
2021-11-11,Gansu,0.23867770078466083,Power
2021-11-12,Gansu,0.23991826356086945,Power
2021-11-13,Gansu,0.24253824444611702,Power
2021-11-14,Gansu,0.24129768166990845,Power
2021-11-15,Gansu,0.24667467172938098,Power
2021-11-16,Gansu,0.2463987881075732,Power
2021-11-17,Gansu,0.24901876899282077,Power
2021-11-18,Gansu,0.2443305744659412,Power
2021-11-19,Gansu,0.2520516617888536,Power
2021-11-20,Gansu,0.25770453547013394,Power
2021-11-21,Gansu,0.26060039997718926,Power
2021-11-22,Gansu,0.2572916235593487,Power
2021-11-23,Gansu,0.2608762835989971,Power
2021-11-24,Gansu,0.2651515662150915,Power
2021-11-25,Gansu,0.2771461091102452,Power
2021-11-26,Gansu,0.27218385800541084,Power
2021-11-27,Gansu,0.2645997989714759,Power
2021-11-28,Gansu,0.2585321863355573,Power
2021-11-29,Gansu,0.2617039344644205,Power
2021-11-30,Gansu,0.26115216722080486,Power
2021-11-01,Fujian,0.2643211717202566,Power
2021-11-02,Fujian,0.26920189862510513,Power
2021-11-03,Fujian,0.270115392853259,Power
2021-11-04,Fujian,0.2748445443883917,Power
2021-11-05,Fujian,0.27301351392222495,Power
2021-11-06,Fujian,0.269658645739182,Power
2021-11-07,Fujian,0.2672192927892226,Power
2021-11-08,Fujian,0.256237152002081,Power
2021-11-09,Fujian,0.26111787890692956,Power
2021-11-10,Fujian,0.25852492958232476,Power
2021-11-11,Fujian,0.2640159999758955,Power
2021-11-12,Fujian,0.26538826232305585,Power
2021-11-13,Fujian,0.26828638339202177,Power
2021-11-14,Fujian,0.26691412104486145,Power
2021-11-15,Fujian,0.2728619385525091,Power
2021-11-16,Fujian,0.272556766808148,Power
2021-11-17,Fujian,0.2754548878771139,Power
2021-11-18,Fujian,0.2702689892279043,Power
2021-11-19,Fujian,0.2788097560601568,Power
2021-11-20,Fujian,0.2850627453121656,Power
2021-11-21,Fujian,0.2882660381254926,Power
2021-11-22,Fujian,0.28460599819808863,Power
2021-11-23,Fujian,0.2885712098698538,Power
2021-11-24,Fujian,0.2933003614049865,Power
2021-11-25,Fujian,0.3065682587674421,Power
2021-11-26,Fujian,0.3010792093788009,Power
2021-11-27,Fujian,0.2926900179162642,Power
2021-11-28,Fujian,0.28597826054524894,Power
2021-11-29,Fujian,0.28948672510293716,Power
2021-11-30,Fujian,0.28887638161421486,Power
2021-11-01,Tibet,0.0006236826197615823,Power
2021-11-02,Tibet,0.0006351990053864856,Power
2021-11-03,Tibet,0.0006373544531307739,Power
2021-11-04,Tibet,0.0006485131870281956,Power
2021-11-05,Tibet,0.0006441927541602197,Power
2021-11-06,Tibet,0.0006362767292586297,Power
2021-11-07,Tibet,0.000630520920791028,Power
2021-11-08,Tibet,0.0006046078609625707,Power
2021-11-09,Tibet,0.0006161242465874739,Power
2021-11-10,Tibet,0.000610006017702691,Power
2021-11-11,Tibet,0.0006229625476169196,Power
2021-11-12,Tibet,0.0006262004879230519,Power
2021-11-13,Tibet,0.0006330387889524976,Power
2021-11-14,Tibet,0.0006298008486463653,Power
2021-11-15,Tibet,0.0006438351024327381,Power
2021-11-16,Tibet,0.0006431150302880754,Power
2021-11-17,Tibet,0.000649953331317521,Power
2021-11-18,Tibet,0.0006377168735479551,Power
2021-11-19,Tibet,0.0006578693562191109,Power
2021-11-20,Tibet,0.0006726236821501464,Power
2021-11-21,Tibet,0.0006801820553242546,Power
2021-11-22,Tibet,0.0006715459582780022,Power
2021-11-23,Tibet,0.0006809021274689174,Power
2021-11-24,Tibet,0.0006920608613663391,Power
2021-11-25,Tibet,0.0007233673092452169,Power
2021-11-26,Tibet,0.0007104155480206881,Power
2021-11-27,Tibet,0.0006906207170770138,Power
2021-11-28,Tibet,0.0006747838985841345,Power
2021-11-29,Tibet,0.0006830623439029054,Power
2021-11-30,Tibet,0.00068162219961358,Power
2021-11-01,Guizhou,0.26980107325457864,Power
2021-11-02,Guizhou,0.2747829872973337,Power
2021-11-03,Guizhou,0.2757154200705533,Power
2021-11-04,Guizhou,0.2805426162858936,Power
2021-11-05,Guizhou,0.2786736249307234,Power
2021-11-06,Guizhou,0.2752492036839435,Power
2021-11-07,Guizhou,0.27275927811474876,Power
2021-11-08,Guizhou,0.2615494557924584,Power
2021-11-09,Guizhou,0.26653136983521347,Power
2021-11-10,Guizhou,0.26388466353423845,Power
2021-11-11,Guizhou,0.2694895746953836,Power
2021-11-12,Guizhou,0.27089028675957855,Power
2021-11-13,Guizhou,0.2738484916197486,Power
2021-11-14,Guizhou,0.2724477795555537,Power
2021-11-15,Guizhou,0.2785189071033086,Power
2021-11-16,Guizhou,0.27820740854411363,Power
2021-11-17,Guizhou,0.2811656134042837,Power
2021-11-18,Guizhou,0.2758722008023336,Power
2021-11-19,Guizhou,0.2845900346510636,Power
2021-11-20,Guizhou,0.2909726607580136,Power
2021-11-21,Guizhou,0.29424236417737865,Power
2021-11-22,Guizhou,0.2905064443714037,Power
2021-11-23,Guizhou,0.29455386273657375,Power
2021-11-24,Guizhou,0.2993810589519141,Power
2021-11-25,Guizhou,0.3129240261116188,Power
2021-11-26,Guizhou,0.3073211778548392,Power
2021-11-27,Guizhou,0.298758061833524,Power
2021-11-28,Guizhou,0.29190715643559867,Power
2021-11-29,Guizhou,0.2954883584141588,Power
2021-11-30,Guizhou,0.29486536129576874,Power
2021-11-01,Liaoning,0.35138198902075996,Power
2021-11-02,Liaoning,0.35787030592905467,Power
2021-11-03,Liaoning,0.35908468242700464,Power
2021-11-04,Liaoning,0.365371498810197,Power
2021-11-05,Liaoning,0.36293737246696106,Power
2021-11-06,Liaoning,0.35847749417802965,Power
2021-11-07,Liaoning,0.3552346790607164,Power
2021-11-08,Liaoning,0.3406352943486363,Power
2021-11-09,Liaoning,0.347123611256931,Power
2021-11-10,Liaoning,0.34367660894084734,Power
2021-11-11,Liaoning,0.35097630129688734,Power
2021-11-12,Liaoning,0.3528005527174804,Power
2021-11-13,Liaoning,0.3566532427574367,Power
2021-11-14,Liaoning,0.3548289913368437,Power
2021-11-15,Liaoning,0.3627358719418587,Power
2021-11-16,Liaoning,0.3623301842179861,Power
2021-11-17,Liaoning,0.3661828742579424,Power
2021-11-18,Liaoning,0.359288869625775,Power
2021-11-19,Liaoning,0.37064275254687373,Power
2021-11-20,Liaoning,0.3789553208757614,Power
2021-11-21,Liaoning,0.3832136986395903,Power
2021-11-22,Liaoning,0.37834813262678635,Power
2021-11-23,Liaoning,0.38361938636346304,Power
2021-11-24,Liaoning,0.3899062027466554,Power
2021-11-25,Liaoning,0.40754421537727836,Power
2021-11-26,Liaoning,0.4002472096949064,Power
2021-11-27,Liaoning,0.38909482729891004,Power
2021-11-28,Liaoning,0.3801723840473794,Power
2021-11-29,Liaoning,0.38483644953508106,Power
2021-11-30,Liaoning,0.3840250740873357,Power
2021-11-01,Chongqing,0.11830967595838747,Power
2021-11-02,Chongqing,0.12049428044843241,Power
2021-11-03,Chongqing,0.12090315880433315,Power
2021-11-04,Chongqing,0.1230199184344388,Power
2021-11-05,Chongqing,0.12220035252637228,Power
2021-11-06,Chongqing,0.12069871962638279,Power
2021-11-07,Chongqing,0.1196068696804266,Power
2021-11-08,Chongqing,0.11469128342829236,Power
2021-11-09,Chongqing,0.11687588791833728,Power
2021-11-10,Chongqing,0.11571528851430929,Power
2021-11-11,Chongqing,0.11817308164037639,Power
2021-11-12,Chongqing,0.11878730377236006,Power
2021-11-13,Chongqing,0.12008449749439915,Power
2021-11-14,Chongqing,0.11947027536241552,Power
2021-11-15,Chongqing,0.12213250766643298,Power
2021-11-16,Chongqing,0.1219959133484219,Power
2021-11-17,Chongqing,0.12329310707046098,Power
2021-11-18,Chongqing,0.12097190826240498,Power
2021-11-19,Chongqing,0.12479473997045047,Power
2021-11-20,Chongqing,0.12759356659247906,Power
2021-11-21,Chongqing,0.1290273546325292,Power
2021-11-22,Chongqing,0.12738912741452865,Power
2021-11-23,Chongqing,0.1291639489505403,Power
2021-11-24,Chongqing,0.13128070858064597,Power
2021-11-25,Chongqing,0.13721939532066457,Power
2021-11-26,Chongqing,0.13476250679273,Power
2021-11-27,Chongqing,0.13100751994462378,Power
2021-11-28,Chongqing,0.12800334954651232,Power
2021-11-29,Chongqing,0.12957373190457358,Power
2021-11-30,Chongqing,0.1293005432685514,Power
2021-11-01,Shaanxi,0.44716676878401385,Power
2021-11-02,Shaanxi,0.4554237648662957,Power
2021-11-03,Shaanxi,0.4569691736568512,Power
2021-11-04,Shaanxi,0.4649697412893727,Power
2021-11-05,Shaanxi,0.46187208561626825,Power
2021-11-06,Shaanxi,0.4561964692615734,Power
2021-11-07,Shaanxi,0.45206968074343096,Power
2021-11-08,Shaanxi,0.4334905847967976,Power
2021-11-09,Shaanxi,0.4417475808790794,Power
2021-11-10,Shaanxi,0.43736094486517985,Power
2021-11-11,Shaanxi,0.4466504928384965,Power
2021-11-12,Shaanxi,0.4489720250703265,Power
2021-11-13,Shaanxi,0.4538749370297435,Power
2021-11-14,Shaanxi,0.45155340479791356,Power
2021-11-15,Shaanxi,0.46161565716650793,Power
2021-11-16,Shaanxi,0.46109938122099053,Power
2021-11-17,Shaanxi,0.46600229318040753,Power
2021-11-18,Shaanxi,0.4572290211526083,Power
2021-11-19,Shaanxi,0.47167790953510236,Power
2021-11-20,Shaanxi,0.4822564378492141,Power
2021-11-21,Shaanxi,0.4876756257541485,Power
2021-11-22,Shaanxi,0.4814837334539363,Power
2021-11-23,Shaanxi,0.488191901699666,Power
2021-11-24,Shaanxi,0.49619246933218747,Power
2021-11-25,Shaanxi,0.5186385063012062,Power
2021-11-26,Shaanxi,0.5093523773738864,Power
2021-11-27,Shaanxi,0.4951599174411527,Power
2021-11-28,Shaanxi,0.4838052656857664,Power
2021-11-29,Shaanxi,0.48974072953621817,Power
2021-11-30,Shaanxi,0.4887081776451834,Power
2021-11-01,Qinghai,0.0895223412989931,Power
2021-11-02,Qinghai,0.09117538368269384,Power
2021-11-03,Qinghai,0.09148477298183784,Power
2021-11-04,Qinghai,0.09308647864554787,Power
2021-11-05,Qinghai,0.09246633106806014,Power
2021-11-06,Qinghai,0.09133007833226583,Power
2021-11-07,Qinghai,0.09050389938521541,Power
2021-11-08,Qinghai,0.08678438289948877,Power
2021-11-09,Qinghai,0.08843742528318951,Power
2021-11-10,Qinghai,0.08755922512654851,Power
2021-11-11,Qinghai,0.08941898336941181,Power
2021-11-12,Qinghai,0.08988375180772769,Power
2021-11-13,Qinghai,0.09086530989394999,Power
2021-11-14,Qinghai,0.09040054145563413,Power
2021-11-15,Qinghai,0.09241499434806943,Power
2021-11-16,Qinghai,0.09231163641848815,Power
2021-11-17,Qinghai,0.09329319450471045,Power
2021-11-18,Qinghai,0.09153679419142842,Power
2021-11-19,Qinghai,0.09442944724050475,Power
2021-11-20,Qinghai,0.09654725806252135,Power
2021-11-21,Qinghai,0.09763217407832492,Power
2021-11-22,Qinghai,0.09639256341294934,Power
2021-11-23,Qinghai,0.09773553200790622,Power
2021-11-24,Qinghai,0.09933723767161626,Power
2021-11-25,Qinghai,0.10383091189480272,Power
2021-11-26,Qinghai,0.10197183814153929,Power
2021-11-27,Qinghai,0.09913052181245367,Power
2021-11-28,Qinghai,0.0968573318512652,Power
2021-11-29,Qinghai,0.09804560579665007,Power
2021-11-30,Qinghai,0.0978388899374875,Power
2021-11-01,Heilongjiang,0.20084548610120306,Power
2021-11-02,Heilongjiang,0.20455412571320125,Power
2021-11-03,Heilongjiang,0.2052482479097326,Power
2021-11-04,Heilongjiang,0.208841712378501,Power
2021-11-05,Heilongjiang,0.20745039664828557,Power
2021-11-06,Heilongjiang,0.2049011868114669,Power
2021-11-07,Heilongjiang,0.20304763483975605,Power
2021-11-08,Heilongjiang,0.19470281179561602,Power
2021-11-09,Heilongjiang,0.19841145140761418,Power
2021-11-10,Heilongjiang,0.19644118862409718,Power
2021-11-11,Heilongjiang,0.20061360014616716,Power
2021-11-12,Heilongjiang,0.2016563191095406,Power
2021-11-13,Heilongjiang,0.20385846784809353,Power
2021-11-14,Heilongjiang,0.20281574888472015,Power
2021-11-15,Heilongjiang,0.2073352215050558,Power
2021-11-16,Heilongjiang,0.2071033355500199,Power
2021-11-17,Heilongjiang,0.20930548428857282,Power
2021-11-18,Heilongjiang,0.20536495872153873,Power
2021-11-19,Heilongjiang,0.21185469412539149,Power
2021-11-20,Heilongjiang,0.21660605270076305,Power
2021-11-21,Heilongjiang,0.21904008739435188,Power
2021-11-22,Heilongjiang,0.21625899160249734,Power
2021-11-23,Heilongjiang,0.2192719733493878,Power
2021-11-24,Heilongjiang,0.22286543781815624,Power
2021-11-25,Heilongjiang,0.23294710202220095,Power
2021-11-26,Heilongjiang,0.22877622616870735,Power
2021-11-27,Heilongjiang,0.2224016659080844,Power
2021-11-28,Heilongjiang,0.21730171056587078,Power
2021-11-29,Heilongjiang,0.21996763121449553,Power
2021-11-30,Heilongjiang,0.2195038593044237,Power
2021-12-01,Shanghai,0.14736720300593065,Power
2021-12-02,Shanghai,0.14899403479306714,Power
2021-12-03,Shanghai,0.14852922571102814,Power
2021-12-04,Shanghai,0.15000112113748498,Power
2021-12-05,Shanghai,0.1493039075144265,Power
2021-12-06,Shanghai,0.15062086658020366,Power
2021-12-07,Shanghai,0.15534745849000473,Power
2021-12-08,Shanghai,0.15604467211306325,Power
2021-12-09,Shanghai,0.15891202769470827,Power
2021-12-10,Shanghai,0.15852468679300913,Power
2021-12-11,Shanghai,0.16015151858014562,Power
2021-12-12,Shanghai,0.15906696405538795,Power
2021-12-13,Shanghai,0.15976417767844645,Power
2021-12-14,Shanghai,0.15782644026087944,Power
2021-12-15,Shanghai,0.1593768367767473,Power
2021-12-16,Shanghai,0.16317277761339916,Power
2021-12-17,Shanghai,0.161391009465583,Power
2021-12-18,Shanghai,0.16030645494082532,Power
2021-12-19,Shanghai,0.15542492667034455,Power
2021-12-20,Shanghai,0.15612214029340307,Power
2021-12-21,Shanghai,0.1555023948506844,Power
2021-12-22,Shanghai,0.16363758669543815,Power
2021-12-23,Shanghai,0.16611760137538403,Power
2021-12-24,Shanghai,0.16642747409674338,Power
2021-12-25,Shanghai,0.16689228317878235,Power
2021-12-26,Shanghai,0.17231608871164197,Power
2021-12-27,Shanghai,0.17324570687572,Power
2021-12-28,Shanghai,0.17758392497475067,Power
2021-12-29,Shanghai,0.18300773050761024,Power
2021-12-30,Shanghai,0.1792117896709584,Power
2021-12-31,Shanghai,0.17975406693333723,Power
2021-12-01,Yunnan,0.16268737669664482,Power
2021-12-02,Yunnan,0.16448333258355474,Power
2021-12-03,Yunnan,0.16397020233015192,Power
2021-12-04,Yunnan,0.1655951147992609,Power
2021-12-05,Yunnan,0.16482541941915665,Power
2021-12-06,Yunnan,0.1662792884704647,Power
2021-12-07,Yunnan,0.1714972530028456,Power
2021-12-08,Yunnan,0.17226694838294987,Power
2021-12-09,Yunnan,0.17543239190171936,Power
2021-12-10,Yunnan,0.175004783357217,Power
2021-12-11,Yunnan,0.17680073924412693,Power
2021-12-12,Yunnan,0.17560343531952033,Power
2021-12-13,Yunnan,0.17637313069962457,Power
2021-12-14,Yunnan,0.17423394768766076,Power
2021-12-15,Yunnan,0.1759455221551222,Power
2021-12-16,Yunnan,0.1801360858912454,Power
2021-12-17,Yunnan,0.17816908658653455,Power
2021-12-18,Yunnan,0.17697178266192792,Power
2021-12-19,Yunnan,0.17158277471174607,Power
2021-12-20,Yunnan,0.17235247009185034,Power
2021-12-21,Yunnan,0.17166829642064654,Power
2021-12-22,Yunnan,0.18064921614464827,Power
2021-12-23,Yunnan,0.18338705111891543,Power
2021-12-24,Yunnan,0.1837291379545173,Power
2021-12-25,Yunnan,0.18424226820792014,Power
2021-12-26,Yunnan,0.19022992812040532,Power
2021-12-27,Yunnan,0.19125618862721103,Power
2021-12-28,Yunnan,0.19604540432563752,Power
2021-12-29,Yunnan,0.20203306423812267,Power
2021-12-30,Yunnan,0.19784250050199947,Power
2021-12-31,Yunnan,0.19844115246430277,Power
2021-12-01,InnerMongolia,1.1502855035984976,Power
2021-12-02,InnerMongolia,1.1629838583434202,Power
2021-12-03,InnerMongolia,1.1593557569877282,Power
2021-12-04,InnerMongolia,1.1708447446140868,Power
2021-12-05,InnerMongolia,1.1654025925805487,Power
2021-12-06,InnerMongolia,1.1756822130883433,Power
2021-12-07,InnerMongolia,1.212575972652005,Power
2021-12-08,InnerMongolia,1.2180181246855433,Power
2021-12-09,InnerMongolia,1.2403994788264356,Power
2021-12-10,InnerMongolia,1.2373760610300255,Power
2021-12-11,InnerMongolia,1.2500744157749484,Power
2021-12-12,InnerMongolia,1.2416088459449999,Power
2021-12-13,InnerMongolia,1.2470509979785382,Power
2021-12-14,InnerMongolia,1.2319258465490301,Power
2021-12-15,InnerMongolia,1.2440275801821281,Power
2021-12-16,InnerMongolia,1.273657074586948,Power
2021-12-17,InnerMongolia,1.2597493527234611,Power
2021-12-18,InnerMongolia,1.2512837828935126,Power
2021-12-19,InnerMongolia,1.2131806562112868,Power
2021-12-20,InnerMongolia,1.2186228082448254,Power
2021-12-21,InnerMongolia,1.213785339770569,Power
2021-12-22,InnerMongolia,1.2772851759426402,Power
2021-12-23,InnerMongolia,1.2966431122871227,Power
2021-12-24,InnerMongolia,1.299061846524251,Power
2021-12-25,InnerMongolia,1.302689947879943,Power
2021-12-26,InnerMongolia,1.3450258594771431,Power
2021-12-27,InnerMongolia,1.3522820621885276,Power
2021-12-28,InnerMongolia,1.3861443415083219,Power
2021-12-29,InnerMongolia,1.4284802531055216,Power
2021-12-30,InnerMongolia,1.3988507587007017,Power
2021-12-31,InnerMongolia,1.403083543615676,Power
2021-12-01,Beijing,0.08323383314313247,Power
2021-12-02,Beijing,0.08415267697514178,Power
2021-12-03,Beijing,0.08389015016599627,Power
2021-12-04,Beijing,0.08472148506162375,Power
2021-12-05,Beijing,0.08432769484790548,Power
2021-12-06,Beijing,0.08507152080715111,Power
2021-12-07,Beijing,0.08774112675970644,Power
2021-12-08,Beijing,0.08813491697342472,Power
2021-12-09,Beijing,0.08975441568939796,Power
2021-12-10,Beijing,0.08953564334844337,Power
2021-12-11,Beijing,0.09045448718045267,Power
2021-12-12,Beijing,0.0898419246257798,Power
2021-12-13,Beijing,0.09023571483949808,Power
2021-12-14,Beijing,0.08914126974181588,Power
2021-12-15,Beijing,0.09001694249854349,Power
2021-12-16,Beijing,0.09216091143989856,Power
2021-12-17,Beijing,0.0911545586715074,Power
2021-12-18,Beijing,0.09054199611683453,Power
2021-12-19,Beijing,0.08778488122789735,Power
2021-12-20,Beijing,0.08817867144161565,Power
2021-12-21,Beijing,0.08782863569608827,Power
2021-12-22,Beijing,0.09242343824904409,Power
2021-12-23,Beijing,0.09382416462406273,Power
2021-12-24,Beijing,0.09399918249682641,Power
2021-12-25,Beijing,0.09426170930597193,Power
2021-12-26,Beijing,0.09732510547224554,Power
2021-12-27,Beijing,0.0978501590905366,Power
2021-12-28,Beijing,0.10030040930922811,Power
2021-12-29,Beijing,0.10336380547550171,Power
2021-12-30,Beijing,0.10121983653414664,Power
2021-12-31,Beijing,0.10152611781148307,Power
2021-12-01,Jilin,0.17732094652797595,Power
2021-12-02,Jilin,0.17927844688390815,Power
2021-12-03,Jilin,0.17871916106792754,Power
2021-12-04,Jilin,0.18049023281853288,Power
2021-12-05,Jilin,0.17965130409456195,Power
2021-12-06,Jilin,0.1812359472398404,Power
2021-12-07,Jilin,0.18692326255967903,Power
2021-12-08,Jilin,0.18776219128365,Power
2021-12-09,Jilin,0.19121236333956607,Power
2021-12-10,Jilin,0.1907462918262489,Power
2021-12-11,Jilin,0.1927037921821811,Power
2021-12-12,Jilin,0.19139879194489295,Power
2021-12-13,Jilin,0.19223772066886388,Power
2021-12-14,Jilin,0.1899061202449091,Power
2021-12-15,Jilin,0.1917716491555467,Power
2021-12-16,Jilin,0.19633914998605523,Power
2021-12-17,Jilin,0.19419522102479614,Power
2021-12-18,Jilin,0.192890220787508,Power
2021-12-19,Jilin,0.18701647686234246,Power
2021-12-20,Jilin,0.18785540558631345,Power
2021-12-21,Jilin,0.18710969116500592,Power
2021-12-22,Jilin,0.19689843580203586,Power
2021-12-23,Jilin,0.19988253634463476,Power
2021-12-24,Jilin,0.20025539355528854,Power
2021-12-25,Jilin,0.20081467937126912,Power
2021-12-26,Jilin,0.20734092341507876,Power
2021-12-27,Jilin,0.20845949504704003,Power
2021-12-28,Jilin,0.21367949599619263,Power
2021-12-29,Jilin,0.2202057400400022,Power
2021-12-30,Jilin,0.21563823920949368,Power
2021-12-31,Jilin,0.21629073932813775,Power
2021-12-01,Sichuan,0.2502447991501245,Power
2021-12-02,Sichuan,0.2530073282985309,Power
2021-12-03,Sichuan,0.2522180342561291,Power
2021-12-04,Sichuan,0.2547174653904016,Power
2021-12-05,Sichuan,0.2535335243267988,Power
2021-12-06,Sichuan,0.25576985744693737,Power
2021-12-07,Sichuan,0.26379610086478367,Power
2021-12-08,Sichuan,0.2649800419283865,Power
2021-12-09,Sichuan,0.26984910917662536,Power
2021-12-10,Sichuan,0.2691913641412905,Power
2021-12-11,Sichuan,0.27195389328969694,Power
2021-12-12,Sichuan,0.27011220719075935,Power
2021-12-13,Sichuan,0.2712961482543621,Power
2021-12-14,Sichuan,0.2680056690909269,Power
2021-12-15,Sichuan,0.2706384032190272,Power
2021-12-16,Sichuan,0.27708430456530897,Power
2021-12-17,Sichuan,0.27405867740276857,Power
2021-12-18,Sichuan,0.272216991303831,Power
2021-12-19,Sichuan,0.2639276498718507,Power
2021-12-20,Sichuan,0.26511159093545345,Power
2021-12-21,Sichuan,0.26405919887891766,Power
2021-12-22,Sichuan,0.2778735986077108,Power
2021-12-23,Sichuan,0.28208492082061487,Power
2021-12-24,Sichuan,0.2826111168488828,Power
2021-12-25,Sichuan,0.2834004108912846,Power
2021-12-26,Sichuan,0.2926105953727337,Power
2021-12-27,Sichuan,0.2941891834575374,Power
2021-12-28,Sichuan,0.30155592785328794,Power
2021-12-29,Sichuan,0.310766112334737,Power
2021-12-30,Sichuan,0.3043202109884553,Power
2021-12-31,Sichuan,0.3052410540379241,Power
2021-12-01,Tianjin,0.17617940644887908,Power
2021-12-02,Tianjin,0.17812430499349174,Power
2021-12-03,Tianjin,0.177568619695031,Power
2021-12-04,Tianjin,0.17932828980682344,Power
2021-12-05,Tianjin,0.1784947618591323,Power
2021-12-06,Tianjin,0.1800692035381045,Power
2021-12-07,Tianjin,0.18571990559534116,Power
2021-12-08,Tianjin,0.18655343354303233,Power
2021-12-09,Tianjin,0.18998139440642586,Power
2021-12-10,Tianjin,0.18951832332437524,Power
2021-12-11,Tianjin,0.19146322186898793,Power
2021-12-12,Tianjin,0.19016662283924612,Power
2021-12-13,Tianjin,0.1910001507869373,Power
2021-12-14,Tianjin,0.1886835605204653,Power
2021-12-15,Tianjin,0.19053707970488665,Power
2021-12-16,Tianjin,0.19507517630898297,Power
2021-12-17,Tianjin,0.19294504933155002,Power
2021-12-18,Tianjin,0.19164845030180824,Power
2021-12-19,Tianjin,0.1858125198117513,Power
2021-12-20,Tianjin,0.18664604775944246,Power
2021-12-21,Tianjin,0.18590513402816142,Power
2021-12-22,Tianjin,0.19563086160744375,Power
2021-12-23,Tianjin,0.19859575138878668,Power
2021-12-24,Tianjin,0.1989662082544272,Power
2021-12-25,Tianjin,0.19952189355288796,Power
2021-12-26,Tianjin,0.2060061235578158,Power
2021-12-27,Tianjin,0.2071174941547374,Power
2021-12-28,Tianjin,0.21230389027370458,Power
2021-12-29,Tianjin,0.21878812027863243,Power
2021-12-30,Tianjin,0.2142500236745361,Power
2021-12-31,Tianjin,0.214898323189407,Power
2021-12-01,Ningxia,0.3318106676682528,Power
2021-12-02,Ningxia,0.33547362747520504,Power
2021-12-03,Ningxia,0.33442706753036155,Power
2021-12-04,Ningxia,0.337741174022366,Power
2021-12-05,Ningxia,0.33617133410510075,Power
2021-12-06,Ningxia,0.3391365872821574,Power
2021-12-07,Ningxia,0.3497789390768327,Power
2021-12-08,Ningxia,0.35134877899409805,Power
2021-12-09,Ningxia,0.3578048910093993,Power
2021-12-10,Ningxia,0.3569327577220297,Power
2021-12-11,Ningxia,0.36059571752898195,Power
2021-12-12,Ningxia,0.35815374432434716,Power
2021-12-13,Ningxia,0.3597235842416124,Power
2021-12-14,Ningxia,0.3553605921159982,Power
2021-12-15,Ningxia,0.3588514509542428,Power
2021-12-16,Ningxia,0.3673983571704648,Power
2021-12-17,Ningxia,0.36338654404856474,Power
2021-12-18,Ningxia,0.3609445708439299,Power
2021-12-19,Ningxia,0.34995336573430663,Power
2021-12-20,Ningxia,0.35152320565157197,Power
2021-12-21,Ningxia,0.3501277923917806,Power
2021-12-22,Ningxia,0.36844491711530836,Power
2021-12-23,Ningxia,0.3740288958432401,Power
2021-12-24,Ningxia,0.3747266024731358,Power
2021-12-25,Ningxia,0.37577316241797926,Power
2021-12-26,Ningxia,0.3879853541299199,Power
2021-12-27,Ningxia,0.390078474019607,Power
2021-12-28,Ningxia,0.39984636683814645,Power
2021-12-29,Ningxia,0.41205855855008705,Power
2021-12-30,Ningxia,0.40351165233386505,Power
2021-12-31,Ningxia,0.40473263893618244,Power
2021-12-01,Anhui,0.6236440076679044,Power
2021-12-02,Anhui,0.6305286052909624,Power
2021-12-03,Anhui,0.6285615773986601,Power
2021-12-04,Anhui,0.6347904990576175,Power
2021-12-05,Anhui,0.6318399572191641,Power
2021-12-06,Anhui,0.6374132029140206,Power
2021-12-07,Anhui,0.6574156909921882,Power
2021-12-08,Anhui,0.6603662328306418,Power
2021-12-09,Anhui,0.6725006093396,Power
2021-12-10,Anhui,0.6708614194293481,Power
2021-12-11,Anhui,0.6777460170524061,Power
2021-12-12,Anhui,0.6731562853037008,Power
2021-12-13,Anhui,0.6761068271421542,Power
2021-12-14,Anhui,0.6679065064178007,Power
2021-12-15,Anhui,0.6744676372319024,Power
2021-12-16,Anhui,0.6905316983523713,Power
2021-12-17,Anhui,0.6829914247652125,Power
2021-12-18,Anhui,0.6784016930165071,Power
2021-12-19,Anhui,0.6577435289742386,Power
2021-12-20,Anhui,0.6606940708126922,Power
2021-12-21,Anhui,0.658071366956289,Power
2021-12-22,Anhui,0.6924987262446737,Power
2021-12-23,Anhui,0.7029939128433801,Power
2021-12-24,Anhui,0.7043052647715816,Power
2021-12-25,Anhui,0.7062722926638838,Power
2021-12-26,Anhui,0.729225322580505,Power
2021-12-27,Anhui,0.7331593783651098,Power
2021-12-28,Anhui,0.7515183053599314,Power
2021-12-29,Anhui,0.7744713352765524,Power
2021-12-30,Anhui,0.7584072741560834,Power
2021-12-31,Anhui,0.7607021400304362,Power
2021-12-01,Shandong,1.2866146470512572,Power
2021-12-02,Shandong,1.300817981055867,Power
2021-12-03,Shandong,1.2967598856259785,Power
2021-12-04,Shandong,1.309610521153959,Power
2021-12-05,Shandong,1.3035233780091264,Power
2021-12-06,Shandong,1.3150213150604773,Power
2021-12-07,Shandong,1.3562876365875223,Power
2021-12-08,Shandong,1.3623747797323553,Power
2021-12-09,Shandong,1.3874087195398455,Power
2021-12-10,Shandong,1.3840269733482717,Power
2021-12-11,Shandong,1.3982303073528817,Power
2021-12-12,Shandong,1.3887614180164751,Power
2021-12-13,Shandong,1.394848561161308,Power
2021-12-14,Shandong,1.377930812213595,Power
2021-12-15,Shandong,1.3914668149697342,Power
2021-12-16,Shandong,1.4246079276471577,Power
2021-12-17,Shandong,1.4090518951659181,Power
2021-12-18,Shandong,1.3995830058295116,Power
2021-12-19,Shandong,1.356963985825837,Power
2021-12-20,Shandong,1.36305112897067,Power
2021-12-21,Shandong,1.3576403350641517,Power
2021-12-22,Shandong,1.4286660230770463,Power
2021-12-23,Shandong,1.4503182166929631,Power
2021-12-24,Shandong,1.4530236136462222,Power
2021-12-25,Shandong,1.4570817090761106,Power
2021-12-26,Shandong,1.5044351737479886,Power
2021-12-27,Shandong,1.512551364607766,Power
2021-12-28,Shandong,1.5504269219533926,Power
2021-12-29,Shandong,1.5977803866252704,Power
2021-12-30,Shandong,1.564639273947847,Power
2021-12-31,Shandong,1.5693737186160504,Power
2021-12-01,Shanxi,0.7016142888522813,Power
2021-12-02,Shanxi,0.7093596243416719,Power
2021-12-03,Shanxi,0.7071466713447031,Power
2021-12-04,Shanxi,0.7141543558351041,Power
2021-12-05,Shanxi,0.7108349263396511,Power
2021-12-06,Shanxi,0.7171049598310626,Power
2021-12-07,Shanxi,0.7396082329735715,Power
2021-12-08,Shanxi,0.7429276624690246,Power
2021-12-09,Shanxi,0.7565791236236585,Power
2021-12-10,Shanxi,0.7547349961261846,Power
2021-12-11,Shanxi,0.7624803316155752,Power
2021-12-12,Shanxi,0.7573167746226481,Power
2021-12-13,Shanxi,0.7606362041181012,Power
2021-12-14,Shanxi,0.751410648957405,Power
2021-12-15,Shanxi,0.7587920766206273,Power
2021-12-16,Shanxi,0.7768645260958721,Power
2021-12-17,Shanxi,0.7683815396074919,Power
2021-12-18,Shanxi,0.7632179826145649,Power
2021-12-19,Shanxi,0.7399770584730663,Power
2021-12-20,Shanxi,0.7432964879685194,Power
2021-12-21,Shanxi,0.7403458839725611,Power
2021-12-22,Shanxi,0.7790774790928409,Power
2021-12-23,Shanxi,0.7908848127500009,Power
2021-12-24,Shanxi,0.7923601147479801,Power
2021-12-25,Shanxi,0.7945730677449487,Power
2021-12-26,Shanxi,0.8203957703829109,Power
2021-12-27,Shanxi,0.8248216763768486,Power
2021-12-28,Shanxi,0.8454759043485569,Power
2021-12-29,Shanxi,0.871298606986519,Power
2021-12-30,Shanxi,0.8532261575112741,Power
2021-12-31,Shanxi,0.8558079360077376,Power
2021-12-01,Guangdong,0.7124722502212555,Power
2021-12-02,Guangdong,0.7203374500789602,Power
2021-12-03,Guangdong,0.718090250119616,Power
2021-12-04,Guangdong,0.7252063833242062,Power
2021-12-05,Guangdong,0.7218355833851899,Power
2021-12-06,Guangdong,0.7282026499366653,Power
2021-12-07,Guangdong,0.7510541766343527,Power
2021-12-08,Guangdong,0.7544249765733692,Power
2021-12-09,Guangdong,0.7682877034336795,Power
2021-12-10,Guangdong,0.7664150368008926,Power
2021-12-11,Guangdong,0.7742802366585975,Power
2021-12-12,Guangdong,0.7690367700867942,Power
2021-12-13,Guangdong,0.7724075700258106,Power
2021-12-14,Guangdong,0.7630392430841888,Power
2021-12-15,Guangdong,0.7705349033930238,Power
2021-12-16,Guangdong,0.7888870363943352,Power
2021-12-17,Guangdong,0.7802727698835156,Power
2021-12-18,Guangdong,0.7750293033117124,Power
2021-12-19,Guangdong,0.75142870996091,Power
2021-12-20,Guangdong,0.7547995098999265,Power
2021-12-21,Guangdong,0.7518032432874675,Power
2021-12-22,Guangdong,0.7911342363536795,Power
2021-12-23,Guangdong,0.803124296581203,Power
2021-12-24,Guangdong,0.8046224298874326,Power
2021-12-25,Guangdong,0.8068696298467767,Power
2021-12-26,Guangdong,0.8330919564834807,Power
2021-12-27,Guangdong,0.8375863564021693,Power
2021-12-28,Guangdong,0.8585602226893824,Power
2021-12-29,Guangdong,0.8847825493260861,Power
2021-12-30,Guangdong,0.8664304163247747,Power
2021-12-31,Guangdong,0.8690521496106763,Power
2021-12-01,Guangxi,0.2507663306658946,Power
2021-12-02,Guangxi,0.2535346171607834,Power
2021-12-03,Guangxi,0.25274367816224375,Power
2021-12-04,Guangxi,0.25524831832428607,Power
2021-12-05,Guangxi,0.2540619098264766,Power
2021-12-06,Guangxi,0.2563029036556723,Power
2021-12-07,Guangxi,0.2643458744497113,Power
2021-12-08,Guangxi,0.26553228294752085,Power
2021-12-09,Guangxi,0.2704114977474011,Power
2021-12-10,Guangxi,0.2697523819152847,Power
2021-12-11,Guangxi,0.2725206684101736,Power
2021-12-12,Guangxi,0.2706751440802477,Power
2021-12-13,Guangxi,0.27186155257805716,Power
2021-12-14,Guangxi,0.2685642157752563,Power
2021-12-15,Guangxi,0.2712024367459408,Power
2021-12-16,Guangxi,0.2776617719006815,Power
2021-12-17,Guangxi,0.2746298390729461,Power
2021-12-18,Guangxi,0.2727843147430202,Power
2021-12-19,Guangxi,0.2644776976161346,Power
2021-12-20,Guangxi,0.26566410611394414,Power
2021-12-21,Guangxi,0.2646095207825579,Power
2021-12-22,Guangxi,0.27845271089922113,Power
2021-12-23,Guangxi,0.28267280986698506,Power
2021-12-24,Guangxi,0.2832001025326782,Power
2021-12-25,Guangxi,0.28399104153121785,Power
2021-12-26,Guangxi,0.2932204208230664,Power
2021-12-27,Guangxi,0.2948022988201458,Power
2021-12-28,Guangxi,0.3021843961398494,Power
2021-12-29,Guangxi,0.3114137754316979,Power
2021-12-30,Guangxi,0.30495444027695723,Power
2021-12-31,Guangxi,0.3058772024419202,Power
2021-12-01,Xinjiang,0.7647985264511291,Power
2021-12-02,Xinjiang,0.7732413721332567,Power
2021-12-03,Xinjiang,0.7708291305097917,Power
2021-12-04,Xinjiang,0.7784678956507644,Power
2021-12-05,Xinjiang,0.7748495332155669,Power
2021-12-06,Xinjiang,0.7816842178153846,Power
2021-12-07,Xinjiang,0.8062140348575537,Power
2021-12-08,Xinjiang,0.8098323972927515,Power
2021-12-09,Xinjiang,0.8247132478410603,Power
2021-12-10,Xinjiang,0.8227030464881727,Power
2021-12-11,Xinjiang,0.8311458921703003,Power
2021-12-12,Xinjiang,0.8255173283822153,Power
2021-12-13,Xinjiang,0.8291356908174129,Power
2021-12-14,Xinjiang,0.8190793235160342,Power
2021-12-15,Xinjiang,0.8271254894645254,Power
2021-12-16,Xinjiang,0.8468254627228233,Power
2021-12-17,Xinjiang,0.8375785364995407,Power
2021-12-18,Xinjiang,0.8319499727114555,Power
2021-12-19,Xinjiang,0.8066160751281313,Power
2021-12-20,Xinjiang,0.8102344375633289,Power
2021-12-21,Xinjiang,0.8070181153987088,Power
2021-12-22,Xinjiang,0.8492377043462884,Power
2021-12-23,Xinjiang,0.8621083535417099,Power
2021-12-24,Xinjiang,0.8637165146240199,Power
2021-12-25,Xinjiang,0.8661287562474849,Power
2021-12-26,Xinjiang,0.8942769357248518,Power
2021-12-27,Xinjiang,0.8991014189717821,Power
2021-12-28,Xinjiang,0.9216156741241226,Power
2021-12-29,Xinjiang,0.9497638536014894,Power
2021-12-30,Xinjiang,0.9300638803431913,Power
2021-12-31,Xinjiang,0.932878162237234,Power
2021-12-01,Jiangsu,0.9784335777674008,Power
2021-12-02,Jiangsu,0.9892348063545352,Power
2021-12-03,Jiangsu,0.9861487410439254,Power
2021-12-04,Jiangsu,0.9959212811941899,Power
2021-12-05,Jiangsu,0.9912921832282753,Power
2021-12-06,Jiangsu,1.0000360349416697,Power
2021-12-07,Jiangsu,1.0314178901891158,Power
2021-12-08,Jiangsu,1.0360469881550307,Power
2021-12-09,Jiangsu,1.0550845821600372,Power
2021-12-10,Jiangsu,1.0525128610678622,Power
2021-12-11,Jiangsu,1.0633140896549966,Power
2021-12-12,Jiangsu,1.0561132705969072,Power
2021-12-13,Jiangsu,1.060742368562822,Power
2021-12-14,Jiangsu,1.047876905179035,Power
2021-12-15,Jiangsu,1.0581706474706472,Power
2021-12-16,Jiangsu,1.0833735141739609,Power
2021-12-17,Jiangsu,1.0715435971499565,Power
2021-12-18,Jiangsu,1.0643427780918668,Power
2021-12-19,Jiangsu,1.0319322344075508,Power
2021-12-20,Jiangsu,1.0365613323734657,Power
2021-12-21,Jiangsu,1.0324465786259858,Power
2021-12-22,Jiangsu,1.0864595794845708,Power
2021-12-23,Jiangsu,1.1029254523974026,Power
2021-12-24,Jiangsu,1.1049828292711426,Power
2021-12-25,Jiangsu,1.1080688945817523,Power
2021-12-26,Jiangsu,1.1440798477951133,Power
2021-12-27,Jiangsu,1.150251978416333,Power
2021-12-28,Jiangsu,1.1790552546486917,Power
2021-12-29,Jiangsu,1.2150662078620524,Power
2021-12-30,Jiangsu,1.1898633411587387,Power
2021-12-31,Jiangsu,1.1934637506877834,Power
2021-12-01,Jiangxi,0.2155359742621206,Power
2021-12-02,Jiangxi,0.2179153420389993,Power
2021-12-03,Jiangxi,0.2172355226741768,Power
2021-12-04,Jiangxi,0.21938828399611468,Power
2021-12-05,Jiangxi,0.21836855494888097,Power
2021-12-06,Jiangxi,0.220294709815878,Power
2021-12-07,Jiangxi,0.22720771740127294,Power
2021-12-08,Jiangxi,0.22822744644850668,Power
2021-12-09,Jiangxi,0.23242117657461162,Power
2021-12-10,Jiangxi,0.23185466043725955,Power
2021-12-11,Jiangxi,0.23423402821413822,Power
2021-12-12,Jiangxi,0.23264778302955244,Power
2021-12-13,Jiangxi,0.23366751207678618,Power
2021-12-14,Jiangxi,0.23083342068032622,Power
2021-12-15,Jiangxi,0.23310099593943412,Power
2021-12-16,Jiangxi,0.23865285408548442,Power
2021-12-17,Jiangxi,0.2360468798536649,Power
2021-12-18,Jiangxi,0.23446063466907913,Power
2021-12-19,Jiangxi,0.22732102062874335,Power
2021-12-20,Jiangxi,0.2283407496759771,Power
2021-12-21,Jiangxi,0.22743432385621376,Power
2021-12-22,Jiangxi,0.23933267345030693,Power
2021-12-23,Jiangxi,0.2429598874390598,Power
2021-12-24,Jiangxi,0.24341310034894148,Power
2021-12-25,Jiangxi,0.24409291971376393,Power
2021-12-26,Jiangxi,0.2520256563463926,Power
2021-12-27,Jiangxi,0.25338529507603763,Power
2021-12-28,Jiangxi,0.25973027581438085,Power
2021-12-29,Jiangxi,0.26766301244700946,Power
2021-12-30,Jiangxi,0.26211115430095916,Power
2021-12-31,Jiangxi,0.2629042768932521,Power
2021-12-01,Hebei,0.7727369862573195,Power
2021-12-02,Hebei,0.7812674670338927,Power
2021-12-03,Hebei,0.7788301868120147,Power
2021-12-04,Hebei,0.7865482408479619,Power
2021-12-05,Hebei,0.7828923205151449,Power
2021-12-06,Hebei,0.7897979478104662,Power
2021-12-07,Hebei,0.8145823795778311,Power
2021-12-08,Hebei,0.8182382999106483,Power
2021-12-09,Hebei,0.8332736107905007,Power
2021-12-10,Hebei,0.8312425439389357,Power
2021-12-11,Hebei,0.839773024715509,Power
2021-12-12,Hebei,0.8340860375311268,Power
2021-12-13,Hebei,0.8377419578639439,Power
2021-12-14,Hebei,0.8275812074278478,Power
2021-12-15,Hebei,0.8357108910123788,Power
2021-12-16,Hebei,0.8556153461577167,Power
2021-12-17,Hebei,0.8462724386405174,Power
2021-12-18,Hebei,0.8405854514561352,Power
2021-12-19,Hebei,0.8149885929481441,Power
2021-12-20,Hebei,0.8186445132809613,Power
2021-12-21,Hebei,0.8153948063184572,Power
2021-12-22,Hebei,0.8580526263795949,Power
2021-12-23,Hebei,0.8710568704078823,Power
2021-12-24,Hebei,0.8726817238891345,Power
2021-12-25,Hebei,0.8751190041110124,Power
2021-12-26,Hebei,0.9035593562111947,Power
2021-12-27,Hebei,0.908433916654951,Power
2021-12-28,Hebei,0.9311818653924799,Power
2021-12-29,Hebei,0.959622217492662,Power
2021-12-30,Hebei,0.9397177623473242,Power
2021-12-31,Hebei,0.9425612559395152,Power
2021-12-01,Henan,0.5492393199277923,Power
2021-12-02,Henan,0.5553025413649787,Power
2021-12-03,Henan,0.5535701923829254,Power
2021-12-04,Henan,0.5590559641594275,Power
2021-12-05,Henan,0.5564574406863476,Power
2021-12-06,Henan,0.5613657628021652,Power
2021-12-07,Henan,0.5789818271174448,Power
2021-12-08,Henan,0.5815803505905248,Power
2021-12-09,Henan,0.5922670189775913,Power
2021-12-10,Henan,0.5908233948258802,Power
2021-12-11,Henan,0.5968866162630666,Power
2021-12-12,Henan,0.5928444686382757,Power
2021-12-13,Henan,0.5954429921113557,Power
2021-12-14,Henan,0.5882210216883957,Power
2021-12-15,Henan,0.5939993679596446,Power
2021-12-16,Henan,0.608146884646413,Power
2021-12-17,Henan,0.6015062135485422,Power
2021-12-18,Henan,0.5974640659237512,Power
2021-12-19,Henan,0.5792705519477871,Power
2021-12-20,Henan,0.5818690754208671,Power
2021-12-21,Henan,0.5795592767781294,Power
2021-12-22,Henan,0.6098792336284663,Power
2021-12-23,Henan,0.6191222778638218,Power
2021-12-24,Henan,0.6202771771851907,Power
2021-12-25,Henan,0.6220095261672438,Power
2021-12-26,Henan,0.6422241139556035,Power
2021-12-27,Henan,0.6456888119197102,Power
2021-12-28,Henan,0.6618574024188741,Power
2021-12-29,Henan,0.6820719902072336,Power
2021-12-30,Henan,0.6679244735204651,Power
2021-12-31,Henan,0.6699455473328606,Power
2021-12-01,Zhejiang,0.5079994748994451,Power
2021-12-02,Zhejiang,0.5136074370291315,Power
2021-12-03,Zhejiang,0.5120051621349354,Power
2021-12-04,Zhejiang,0.5170790326332232,Power
2021-12-05,Zhejiang,0.514675620291929,Power
2021-12-06,Zhejiang,0.519215399158818,Power
2021-12-07,Zhejiang,0.5355087545273547,Power
2021-12-08,Zhejiang,0.5379121668686488,Power
2021-12-09,Zhejiang,0.547796422660401,Power
2021-12-10,Zhejiang,0.5464611935819041,Power
2021-12-11,Zhejiang,0.5520691557115905,Power
2021-12-12,Zhejiang,0.5483305142917997,Power
2021-12-13,Zhejiang,0.5507339266330938,Power
2021-12-14,Zhejiang,0.5440542206297341,Power
2021-12-15,Zhejiang,0.5493986975545971,Power
2021-12-16,Zhejiang,0.5624839425238655,Power
2021-12-17,Zhejiang,0.5563418887627803,Power
2021-12-18,Zhejiang,0.5526032473429894,Power
2021-12-19,Zhejiang,0.535775800343054,Power
2021-12-20,Zhejiang,0.5381792126843482,Power
2021-12-21,Zhejiang,0.5360428461587534,Power
2021-12-22,Zhejiang,0.5640862174180616,Power
2021-12-23,Zhejiang,0.572635244131317,Power
2021-12-24,Zhejiang,0.5737034273941144,Power
2021-12-25,Zhejiang,0.5753057022883105,Power
2021-12-26,Zhejiang,0.5940024699981414,Power
2021-12-27,Zhejiang,0.5972070197865337,Power
2021-12-28,Zhejiang,0.6121615854656975,Power
2021-12-29,Zhejiang,0.6308583531755283,Power
2021-12-30,Zhejiang,0.61777310820626,Power
2021-12-31,Zhejiang,0.6196424289161555,Power
2021-12-01,Hainan,0.03973751139999831,Power
2021-12-02,Hainan,0.04017618598544603,Power
2021-12-03,Hainan,0.04005085038960382,Power
2021-12-04,Hainan,0.04044774644310414,Power
2021-12-05,Hainan,0.04025974304934084,Power
2021-12-06,Hainan,0.04061486057089375,Power
2021-12-07,Hainan,0.04188938431883583,Power
2021-12-08,Hainan,0.04207738771259914,Power
2021-12-09,Hainan,0.04285056907717239,Power
2021-12-10,Hainan,0.04274612274730389,Power
2021-12-11,Hainan,0.0431847973327516,Power
2021-12-12,Hainan,0.042892347609119794,Power
2021-12-13,Hainan,0.0430803510028831,Power
2021-12-14,Hainan,0.04255784082999427,Power
2021-12-15,Hainan,0.0429759046730146,Power
2021-12-16,Hainan,0.043999478705725945,Power
2021-12-17,Hainan,0.043519025588330824,Power
2021-12-18,Hainan,0.04322657586469902,Power
2021-12-19,Hainan,0.04191027358480953,Power
2021-12-20,Hainan,0.042098276978572845,Power
2021-12-21,Hainan,0.041931162850783237,Power
2021-12-22,Hainan,0.04412481430156816,Power
2021-12-23,Hainan,0.04479354933627291,Power
2021-12-24,Hainan,0.04487710640016771,Power
2021-12-25,Hainan,0.04500244199600991,Power
2021-12-26,Hainan,0.046464969137715306,Power
2021-12-27,Hainan,0.04671564032939972,Power
2021-12-28,Hainan,0.047885439223926976,Power
2021-12-29,Hainan,0.04934796636563236,Power
2021-12-30,Hainan,0.04832439233292101,Power
2021-12-31,Hainan,0.04847061719473692,Power
2021-12-01,Hubei,0.3586973289034574,Power
2021-12-02,Hubei,0.36265709881642516,Power
2021-12-03,Hubei,0.36152573598414867,Power
2021-12-04,Hubei,0.3651083849530243,Power
2021-12-05,Hubei,0.36341134070460956,Power
2021-12-06,Hubei,0.36661686872939303,Power
2021-12-07,Hubei,0.3781215716638316,Power
2021-12-08,Hubei,0.3798186159122464,Power
2021-12-09,Hubei,0.38679786751757883,Power
2021-12-10,Hubei,0.3858550651573484,Power
2021-12-11,Hubei,0.3898148350703162,Power
2021-12-12,Hubei,0.38717498846167103,Power
2021-12-13,Hubei,0.3888720327100858,Power
2021-12-14,Hubei,0.38415550676930643,Power
2021-12-15,Hubei,0.3879292303498554,Power
2021-12-16,Hubei,0.39716869348011363,Power
2021-12-17,Hubei,0.39283180262305367,Power
2021-12-18,Hubei,0.3901919560144085,Power
2021-12-19,Hubei,0.37831013213587766,Power
2021-12-20,Hubei,0.3800071763842925,Power
2021-12-21,Hubei,0.3784986926079238,Power
2021-12-22,Hubei,0.3983000563123901,Power
2021-12-23,Hubei,0.40433650555749223,Power
2021-12-24,Hubei,0.4050907474456766,Power
2021-12-25,Hubei,0.406222110277953,Power
2021-12-26,Hubei,0.41942385746080646,Power
2021-12-27,Hubei,0.42168658312535956,Power
2021-12-28,Hubei,0.4322459695599404,Power
2021-12-29,Hubei,0.4454477167427937,Power
2021-12-30,Hubei,0.43620825361253546,Power
2021-12-31,Hubei,0.4375281769168581,Power
2021-12-01,Hunan,0.26344274623255115,Power
2021-12-02,Hunan,0.26635097156980203,Power
2021-12-03,Hunan,0.2655200500448732,Power
2021-12-04,Hunan,0.2681513015404812,Power
2021-12-05,Hunan,0.26690491925308796,Power
2021-12-06,Hunan,0.269259196907053,Power
2021-12-07,Hunan,0.27770874556944053,Power
2021-12-08,Hunan,0.27895512785683385,Power
2021-12-09,Hunan,0.28408099041950596,Power
2021-12-10,Hunan,0.2833885558153986,Power
2021-12-11,Hunan,0.2862967811526495,Power
2021-12-12,Hunan,0.2843579642611489,Power
2021-12-13,Hunan,0.28560434654854217,Power
2021-12-14,Hunan,0.2821403270357277,Power
2021-12-15,Hunan,0.2849119119444348,Power
2021-12-16,Hunan,0.29169777106468703,Power
2021-12-17,Hunan,0.28851257188579316,Power
2021-12-18,Hunan,0.28657375499429255,Power
2021-12-19,Hunan,0.277847232490262,Power
2021-12-20,Hunan,0.2790936147776553,Power
2021-12-21,Hunan,0.2779857194110835,Power
2021-12-22,Hunan,0.2925286925896159,Power
2021-12-23,Hunan,0.29696212054818066,Power
2021-12-24,Hunan,0.2975160682314666,Power
2021-12-25,Hunan,0.29834698975639534,Power
2021-12-26,Hunan,0.3080429207061762,Power
2021-12-27,Hunan,0.30970476375603395,Power
2021-12-28,Hunan,0.31746003132203643,Power
2021-12-29,Hunan,0.3271559622718172,Power
2021-12-30,Hunan,0.320370103151565,Power
2021-12-31,Hunan,0.32133951159731533,Power
2021-12-01,Gansu,0.27661670976172653,Power
2021-12-02,Gansu,0.27967036652601607,Power
2021-12-03,Gansu,0.2787978931647905,Power
2021-12-04,Gansu,0.28156072547533817,Power
2021-12-05,Gansu,0.28025201543349987,Power
2021-12-06,Gansu,0.28272402329030566,Power
2021-12-07,Gansu,0.29159610795912405,Power
2021-12-08,Gansu,0.29290481800096246,Power
2021-12-09,Gansu,0.2982870092248785,Power
2021-12-10,Gansu,0.29755994809052383,Power
2021-12-11,Gansu,0.30061360485481337,Power
2021-12-12,Gansu,0.29857783367862034,Power
2021-12-13,Gansu,0.2998865437204587,Power
2021-12-14,Gansu,0.2962492992189939,Power
2021-12-15,Gansu,0.2991594825861041,Power
2021-12-16,Gansu,0.30628468170277967,Power
2021-12-17,Gansu,0.3029402004847483,Power
2021-12-18,Gansu,0.3009044293085553,Power
2021-12-19,Gansu,0.291741520185995,Power
2021-12-20,Gansu,0.2930502302278334,Power
2021-12-21,Gansu,0.29188693241286595,Power
2021-12-22,Gansu,0.3071571550640053,Power
2021-12-23,Gansu,0.31181228515356674,Power
2021-12-24,Gansu,0.3123939340610504,Power
2021-12-25,Gansu,0.31326640742227596,Power
2021-12-26,Gansu,0.3234472021329328,Power
2021-12-27,Gansu,0.32519214885538406,Power
2021-12-28,Gansu,0.33333523356015615,Power
2021-12-29,Gansu,0.3435160282708129,Power
2021-12-30,Gansu,0.3363908291541373,Power
2021-12-31,Gansu,0.33740871474223383,Power
2021-12-01,Fujian,0.2546984197732713,Power
2021-12-02,Fujian,0.25751011380673894,Power
2021-12-03,Fujian,0.2567067726543196,Power
2021-12-04,Fujian,0.2592506863036475,Power
2021-12-05,Fujian,0.25804567457501854,Power
2021-12-06,Fujian,0.26032180784020664,Power
2021-12-07,Fujian,0.2684908947590309,Power
2021-12-08,Fujian,0.2696959064876599,Power
2021-12-09,Fujian,0.2746516287968067,Power
2021-12-10,Fujian,0.2739821778364573,Power
2021-12-11,Fujian,0.27679387186992493,Power
2021-12-12,Fujian,0.2749194091809465,Power
2021-12-13,Fujian,0.2761244209095755,Power
2021-12-14,Fujian,0.2727753809052674,Power
2021-12-15,Fujian,0.2754549699492261,Power
2021-12-16,Fujian,0.28201558936065063,Power
2021-12-17,Fujian,0.2789361149430432,Power
2021-12-18,Fujian,0.27706165225406476,Power
2021-12-19,Fujian,0.26862478495110076,Power
2021-12-20,Fujian,0.2698297966797298,Power
2021-12-21,Fujian,0.26875867514317064,Power
2021-12-22,Fujian,0.28281893051307,Power
2021-12-23,Fujian,0.28710520186186744,Power
2021-12-24,Fujian,0.287640762630147,Power
2021-12-25,Fujian,0.2884441037825663,Power
2021-12-26,Fujian,0.29781820243001955,Power
2021-12-27,Fujian,0.2994248847348583,Power
2021-12-28,Fujian,0.3069227354907721,Power
2021-12-29,Fujian,0.3162968341382253,Power
2021-12-30,Fujian,0.30973621472680074,Power
2021-12-31,Fujian,0.31067344607128994,Power
2021-12-01,Tibet,0.0002887273061106711,Power
2021-12-02,Tibet,0.0002919146554653048,Power
2021-12-03,Tibet,0.0002910039842211238,Power
2021-12-04,Tibet,0.0002938877764943638,Power
2021-12-05,Tibet,0.00029252176962809223,Power
2021-12-06,Tibet,0.0002951020048199386,Power
2021-12-07,Tibet,0.00030436251951632213,Power
2021-12-08,Tibet,0.0003057285263825938,Power
2021-12-09,Tibet,0.00031134635610225293,Power
2021-12-10,Tibet,0.0003105874633987687,Power
2021-12-11,Tibet,0.00031377481275340246,Power
2021-12-12,Tibet,0.00031164991318364664,Power
2021-12-13,Tibet,0.00031301592004991823,Power
2021-12-14,Tibet,0.0003092194328186212,Power
2021-12-15,Tibet,0.000312257027346434,Power
2021-12-16,Tibet,0.00031969417584057943,Power
2021-12-17,Tibet,0.00031620326940455203,Power
2021-12-18,Tibet,0.0003140783698347962,Power
2021-12-19,Tibet,0.000304514298057019,Power
2021-12-20,Tibet,0.0003058803049232906,Power
2021-12-21,Tibet,0.0003046660765977158,Power
2021-12-22,Tibet,0.0003206048470847605,Power
2021-12-23,Tibet,0.00032546378410093556,Power
2021-12-24,Tibet,0.0003260708982637229,Power
2021-12-25,Tibet,0.00032698156950790395,Power
2021-12-26,Tibet,0.00033760809107055917,Power
2021-12-27,Tibet,0.00033942943355892133,Power
2021-12-28,Tibet,0.00034792903183794463,Power
2021-12-29,Tibet,0.00035855555340059974,Power
2021-12-30,Tibet,0.0003511184049064544,Power
2021-12-31,Tibet,0.00035218085469133225,Power
2021-12-01,Guizhou,0.30302450901566247,Power
2021-12-02,Guizhou,0.3063696895815735,Power
2021-12-03,Guizhou,0.30541392370559894,Power
2021-12-04,Guizhou,0.3084405156461852,Power
2021-12-05,Guizhou,0.30700686683222334,Power
2021-12-06,Guizhou,0.30971487014748467,Power
2021-12-07,Guizhou,0.3194339471440619,Power
2021-12-08,Guizhou,0.32086759595802383,Power
2021-12-09,Guizhou,0.32676360945070265,Power
2021-12-10,Guizhou,0.3259671378873905,Power
2021-12-11,Guizhou,0.32931231845330156,Power
2021-12-12,Guizhou,0.3270821980760275,Power
2021-12-13,Guizhou,0.3285158468899894,Power
2021-12-14,Guizhou,0.3245313651492598,Power
2021-12-15,Guizhou,0.3277193753266773,Power
2021-12-16,Guizhou,0.33552479664713647,Power
2021-12-17,Guizhou,0.33186102745590057,Power
2021-12-18,Guizhou,0.3296309070786265,Power
2021-12-19,Guizhou,0.31959324145672435,Power
2021-12-20,Guizhou,0.32102689027068626,Power
2021-12-21,Guizhou,0.3197525357693868,Power
2021-12-22,Guizhou,0.3364805625231111,Power
2021-12-23,Guizhou,0.34158010445247783,Power
2021-12-24,Guizhou,0.34221728170312754,Power
2021-12-25,Guizhou,0.3431730475791021,Power
2021-12-26,Guizhou,0.35432577338964133,Power
2021-12-27,Guizhou,0.3562373051415906,Power
2021-12-28,Guizhou,0.36515778665068677,Power
2021-12-29,Guizhou,0.37631051246122593,Power
2021-12-30,Guizhou,0.36850509114076674,Power
2021-12-31,Guizhou,0.36962015132940373,Power
2021-12-01,Liaoning,0.3822711968303812,Power
2021-12-02,Liaoning,0.38649120590719965,Power
2021-12-03,Liaoning,0.38528548902810866,Power
2021-12-04,Liaoning,0.38910359247856346,Power
2021-12-05,Liaoning,0.38729501715992704,Power
2021-12-06,Liaoning,0.3907112149840182,Power
2021-12-07,Liaoning,0.40297201595895243,Power
2021-12-08,Liaoning,0.404780591277589,Power
2021-12-09,Liaoning,0.4122185247361592,Power
2021-12-10,Liaoning,0.41121376067025006,Power
2021-12-11,Liaoning,0.4154337697470685,Power
2021-12-12,Liaoning,0.4126204303625229,Power
2021-12-13,Liaoning,0.41442900568115937,Power
2021-12-14,Liaoning,0.40940250598077116,Power
2021-12-15,Liaoning,0.4134242416152502,Power
2021-12-16,Liaoning,0.4232709294611601,Power
2021-12-17,Liaoning,0.41864901475797794,Power
2021-12-18,Liaoning,0.4158356753734323,Power
2021-12-19,Liaoning,0.40317296877213427,Power
2021-12-20,Liaoning,0.4049815440907708,Power
2021-12-21,Liaoning,0.40337392158531615,Power
2021-12-22,Liaoning,0.42447664634025106,Power
2021-12-23,Liaoning,0.4309098157329122,Power
2021-12-24,Liaoning,0.43171362698563953,Power
2021-12-25,Liaoning,0.43291934386473047,Power
2021-12-26,Liaoning,0.4469887201583013,Power
2021-12-27,Liaoning,0.4494001539164834,Power
2021-12-28,Liaoning,0.46065351145466604,Power
2021-12-29,Liaoning,0.4747228877482368,Power
2021-12-30,Liaoning,0.464876199902327,Power
2021-12-31,Liaoning,0.4662828695945998,Power
2021-12-01,Chongqing,0.12874201862180776,Power
2021-12-02,Chongqing,0.13016324128168036,Power
2021-12-03,Chongqing,0.1297571776645739,Power
2021-12-04,Chongqing,0.13104304578541104,Power
2021-12-05,Chongqing,0.13043395035975136,Power
2021-12-06,Chongqing,0.13158446394155301,Power
2021-12-07,Chongqing,0.13571367974572895,Power
2021-12-08,Chongqing,0.13632277517138866,Power
2021-12-09,Chongqing,0.13882773650713875,Power
2021-12-10,Chongqing,0.13848935015955002,Power
2021-12-11,Chongqing,0.13991057281942265,Power
2021-12-12,Chongqing,0.13896309104617424,Power
2021-12-13,Chongqing,0.13957218647183392,Power
2021-12-14,Chongqing,0.13787935237029678,Power
2021-12-15,Chongqing,0.13923380012424522,Power
2021-12-16,Chongqing,0.14254998633061466,Power
2021-12-17,Chongqing,0.14099340913170658,Power
2021-12-18,Chongqing,0.14004592735845817,Power
2021-12-19,Chongqing,0.1357813570152467,Power
2021-12-20,Chongqing,0.13639045244090642,Power
2021-12-21,Chongqing,0.13584903428476444,Power
2021-12-22,Chongqing,0.14295604994772113,Power
2021-12-23,Chongqing,0.14512262493588252,Power
2021-12-24,Chongqing,0.1453933340139535,Power
2021-12-25,Chongqing,0.14579939763105995,Power
2021-12-26,Chongqing,0.15053770886089562,Power
2021-12-27,Chongqing,0.15134983609510858,Power
2021-12-28,Chongqing,0.15513976318810221,Power
2021-12-29,Chongqing,0.15987807441793786,Power
2021-12-30,Chongqing,0.1565618882115684,Power
2021-12-31,Chongqing,0.15703562909819263,Power
2021-12-01,Shaanxi,0.5369389741816506,Power
2021-12-02,Shaanxi,0.5428664083266551,Power
2021-12-03,Shaanxi,0.5411728557137967,Power
2021-12-04,Shaanxi,0.5465357723211818,Power
2021-12-05,Shaanxi,0.5439954434018942,Power
2021-12-06,Shaanxi,0.5487938424716599,Power
2021-12-07,Shaanxi,0.566015390819305,Power
2021-12-08,Shaanxi,0.5685557197385928,Power
2021-12-09,Shaanxi,0.579003057634804,Power
2021-12-10,Shaanxi,0.5775917637907553,Power
2021-12-11,Shaanxi,0.5835191979357598,Power
2021-12-12,Shaanxi,0.5795675751724234,Power
2021-12-13,Shaanxi,0.5821079040917111,Power
2021-12-14,Shaanxi,0.5750476714212168,Power
2021-12-15,Shaanxi,0.5806966102476624,Power
2021-12-16,Shaanxi,0.5945272899193399,Power
2021-12-17,Shaanxi,0.5880353382367158,Power
2021-12-18,Shaanxi,0.5840837154733795,Power
2021-12-19,Shaanxi,0.5662976495881147,Power
2021-12-20,Shaanxi,0.5688379785074025,Power
2021-12-21,Shaanxi,0.5665799083569245,Power
2021-12-22,Shaanxi,0.5962208425321983,Power
2021-12-23,Shaanxi,0.6052568865843609,Power
2021-12-24,Shaanxi,0.6063859216595999,Power
2021-12-25,Shaanxi,0.6080794742724583,Power
2021-12-26,Shaanxi,0.6278413515393912,Power
2021-12-27,Shaanxi,0.6312284567651083,Power
2021-12-28,Shaanxi,0.6470349478184538,Power
2021-12-29,Shaanxi,0.6667968250853867,Power
2021-12-30,Shaanxi,0.6529661454137093,Power
2021-12-31,Shaanxi,0.6549419567953775,Power
2021-12-01,Qinghai,0.09653285789937453,Power
2021-12-02,Qinghai,0.09759851374769456,Power
2021-12-03,Qinghai,0.09729404064817455,Power
2021-12-04,Qinghai,0.09825820546332123,Power
2021-12-05,Qinghai,0.09780149581404124,Power
2021-12-06,Qinghai,0.09866416959601458,Power
2021-12-07,Qinghai,0.10176032271468916,Power
2021-12-08,Qinghai,0.10221703236396917,Power
2021-12-09,Qinghai,0.1040952930845637,Power
2021-12-10,Qinghai,0.10384156550163036,Power
2021-12-11,Qinghai,0.10490722134995037,Power
2021-12-12,Qinghai,0.10419678411773703,Power
2021-12-13,Qinghai,0.10465349376701703,Power
2021-12-14,Qinghai,0.10338417924546253,Power
2021-12-15,Qinghai,0.10439976618408371,Power
2021-12-16,Qinghai,0.10688629649683043,Power
2021-12-17,Qinghai,0.10571914961533707,Power
2021-12-18,Qinghai,0.10500871238312373,Power
2021-12-19,Qinghai,0.10181106823127582,Power
2021-12-20,Qinghai,0.10226777788055584,Power
2021-12-21,Qinghai,0.10186181374786249,Power
2021-12-22,Qinghai,0.10719076959635045,Power
2021-12-23,Qinghai,0.10881530273401165,Power
2021-12-24,Qinghai,0.10901828480035831,Power
2021-12-25,Qinghai,0.1093227578998783,Power
2021-12-26,Qinghai,0.1128756206678329,Power
2021-12-27,Qinghai,0.11348456686687293,Power
2021-12-28,Qinghai,0.11632631579572632,Power
2021-12-29,Qinghai,0.1198791785636809,Power
2021-12-30,Qinghai,0.11739264825093418,Power
2021-12-31,Qinghai,0.11774786686704085,Power
2021-12-01,Heilongjiang,0.1977799384366471,Power
2021-12-02,Heilongjiang,0.19996329188397885,Power
2021-12-03,Heilongjiang,0.19933947661331264,Power
2021-12-04,Heilongjiang,0.201314891637089,Power
2021-12-05,Heilongjiang,0.20037916873108969,Power
2021-12-06,Heilongjiang,0.20214664533131063,Power
2021-12-07,Heilongjiang,0.20849015350590758,Power
2021-12-08,Heilongjiang,0.20942587641190694,Power
2021-12-09,Heilongjiang,0.21327412350383898,Power
2021-12-10,Heilongjiang,0.21275427744495046,Power
2021-12-11,Heilongjiang,0.2149376308922822,Power
2021-12-12,Heilongjiang,0.21348206192739438,Power
2021-12-13,Heilongjiang,0.21441778483339372,Power
2021-12-14,Heilongjiang,0.21181716828279412,Power
2021-12-15,Heilongjiang,0.2138979387745052,Power
2021-12-16,Heilongjiang,0.21899243015161265,Power
2021-12-17,Heilongjiang,0.2166011382807255,Power
2021-12-18,Heilongjiang,0.21514556931583767,Power
2021-12-19,Heilongjiang,0.2085941227176853,Power
2021-12-20,Heilongjiang,0.20952984562368465,Power
2021-12-21,Heilongjiang,0.20869809192946298,Power
2021-12-22,Heilongjiang,0.2196162454222789,Power
2021-12-23,Heilongjiang,0.22294464645532244,Power
2021-12-24,Heilongjiang,0.22336052330243328,Power
2021-12-25,Heilongjiang,0.22398433857309946,Power
2021-12-26,Heilongjiang,0.2312635696536958,Power
2021-12-27,Heilongjiang,0.23251120019502824,Power
2021-12-28,Heilongjiang,0.23833347605457963,Power
2021-12-29,Heilongjiang,0.2456127071351759,Power
2021-12-30,Heilongjiang,0.24051821575806845,Power
2021-12-31,Heilongjiang,0.24124600024051238,Power
2021-01-01,Shanghai,0.15442642058323958,Power
2021-01-02,Shanghai,0.1411381377470149,Power
2021-01-03,Shanghai,0.14880692739098367,Power
2021-01-04,Shanghai,0.15085622384269648,Power
2021-01-05,Shanghai,0.14860877882990273,Power
2021-01-06,Shanghai,0.15164969874729178,Power
2021-01-07,Shanghai,0.16183013148549558,Power
2021-01-08,Shanghai,0.164738952362164,Power
2021-01-09,Shanghai,0.16216037908729716,Power
2021-01-10,Shanghai,0.16282175495117185,Power
2021-01-11,Shanghai,0.16176408196513525,Power
2021-01-12,Shanghai,0.1616319829244146,Power
2021-01-13,Shanghai,0.16110270610126057,Power
2021-01-14,Shanghai,0.15356689615828398,Power
2021-01-15,Shanghai,0.15052597624089492,Power
2021-01-16,Shanghai,0.1485427293095424,Power
2021-01-17,Shanghai,0.14292323611728644,Power
2021-01-18,Shanghai,0.1392218209962942,Power
2021-01-19,Shanghai,0.13928787051665453,Power
2021-01-20,Shanghai,0.13908884129530208,Power
2021-01-21,Shanghai,0.14166741457016893,Power
2021-01-22,Shanghai,0.13928787051665453,Power
2021-01-23,Shanghai,0.13803116830926554,Power
2021-01-24,Shanghai,0.13710647502422108,Power
2021-01-25,Shanghai,0.1356516242557511,Power
2021-01-26,Shanghai,0.13466000079007487,Power
2021-01-27,Shanghai,0.1319493284744874,Power
2021-01-28,Shanghai,0.13261070433836203,Power
2021-01-29,Shanghai,0.12956978442097297,Power
2021-01-30,Shanghai,0.12685911210538547,Power
2021-01-31,Shanghai,0.1234218950658345,Power
2021-01-01,Yunnan,0.19618114481937735,Power
2021-01-02,Yunnan,0.17929989788217304,Power
2021-01-03,Yunnan,0.1890422199929276,Power
2021-01-04,Yunnan,0.1916456172772323,Power
2021-01-05,Yunnan,0.18879049485800342,Power
2021-01-06,Yunnan,0.1926536365953065,Power
2021-01-07,Yunnan,0.2055867146385222,Power
2021-01-08,Yunnan,0.20928203961920916,Power
2021-01-09,Yunnan,0.2060062565300625,Power
2021-01-10,Yunnan,0.20684645909152058,Power
2021-01-11,Yunnan,0.20550280626021414,Power
2021-01-12,Yunnan,0.20533498950359802,Power
2021-01-13,Yunnan,0.20466260369875608,Power
2021-01-14,Yunnan,0.19508921712299512,Power
2021-01-15,Yunnan,0.19122607538569206,Power
2021-01-16,Yunnan,0.18870658647969538,Power
2021-01-17,Yunnan,0.18156766165324553,Power
2021-01-18,Yunnan,0.17686543613286188,Power
2021-01-19,Yunnan,0.17694934451116992,Power
2021-01-20,Yunnan,0.1766965005978683,Power
2021-01-21,Yunnan,0.17997228368701498,Power
2021-01-22,Yunnan,0.17694934451116992,Power
2021-01-23,Yunnan,0.1753528477665619,Power
2021-01-24,Yunnan,0.17417813047024905,Power
2021-01-25,Yunnan,0.17232990859071684,Power
2021-01-26,Yunnan,0.17107016413771853,Power
2021-01-27,Yunnan,0.16762656429195572,Power
2021-01-28,Yunnan,0.16846676685341375,Power
2021-01-29,Yunnan,0.16460362511611065,Power
2021-01-30,Yunnan,0.16116002527034784,Power
2021-01-31,Yunnan,0.1567934332631964,Power
2021-01-01,InnerMongolia,1.3231650076042363,Power
2021-01-02,InnerMongolia,1.2093076068198736,Power
2021-01-03,InnerMongolia,1.2750157548767518,Power
2021-01-04,InnerMongolia,1.2925746502061444,Power
2021-01-05,InnerMongolia,1.2733179674039914,Power
2021-01-06,InnerMongolia,1.2993733458192873,Power
2021-01-07,InnerMongolia,1.3866018933086657,Power
2021-01-08,InnerMongolia,1.4115254134087882,Power
2021-01-09,InnerMongolia,1.3894315390965997,Power
2021-01-10,InnerMongolia,1.395098376394569,Power
2021-01-11,InnerMongolia,1.3860359641510789,Power
2021-01-12,InnerMongolia,1.3849041058359055,Power
2021-01-13,InnerMongolia,1.3803691268531098,Power
2021-01-14,InnerMongolia,1.3158003828335068,Power
2021-01-15,InnerMongolia,1.2897450044182108,Power
2021-01-16,InnerMongolia,1.2727520382464046,Power
2021-01-17,InnerMongolia,1.2246027855189194,Power
2021-01-18,InnerMongolia,1.1928881155277555,Power
2021-01-19,InnerMongolia,1.1934540446853423,Power
2021-01-20,InnerMongolia,1.1917487114904808,Power
2021-01-21,InnerMongolia,1.2138425858026693,Power
2021-01-22,InnerMongolia,1.1934540446853423,Power
2021-01-23,InnerMongolia,1.1826862992469909,Power
2021-01-24,InnerMongolia,1.1747632910407757,Power
2021-01-25,InnerMongolia,1.1622977581296638,Power
2021-01-26,InnerMongolia,1.1538012750437607,Power
2021-01-27,InnerMongolia,1.1305755424163986,Power
2021-01-28,InnerMongolia,1.1362423797143677,Power
2021-01-29,InnerMongolia,1.1101870012990713,Power
2021-01-30,InnerMongolia,1.0869612686717092,Power
2021-01-31,InnerMongolia,1.0575103153108922,Power
2021-01-01,Beijing,0.10564916339277113,Power
2021-01-02,Beijing,0.09655812858621791,Power
2021-01-03,Beijing,0.1018046479775272,Power
2021-01-04,Beijing,0.10320665195359248,Power
2021-01-05,Beijing,0.10166908678517023,Power
2021-01-06,Beijing,0.10374949921720866,Power
2021-01-07,Beijing,0.11071433203341617,Power
2021-01-08,Beijing,0.11270437033721663,Power
2021-01-09,Beijing,0.11094026735401114,Power
2021-01-10,Beijing,0.11139274048938932,Power
2021-01-11,Beijing,0.11066914496929717,Power
2021-01-12,Beijing,0.11057877084105919,Power
2021-01-13,Beijing,0.11021667183391898,Power
2021-01-14,Beijing,0.10506112906503598,Power
2021-01-15,Beijing,0.10298071663299753,Power
2021-01-16,Beijing,0.10162389972105122,Power
2021-01-17,Beijing,0.09777938430580725,Power
2021-01-18,Beijing,0.09524710123257887,Power
2021-01-19,Beijing,0.09529228829669788,Power
2021-01-20,Beijing,0.09515612461015263,Power
2021-01-21,Beijing,0.09692022759335814,Power
2021-01-22,Beijing,0.09529228829669788,Power
2021-01-23,Beijing,0.0944325290900605,Power
2021-01-24,Beijing,0.09379991019239459,Power
2021-01-25,Beijing,0.09280458979340023,Power
2021-01-26,Beijing,0.09212618133742707,Power
2021-01-27,Beijing,0.09027170422598359,Power
2021-01-28,Beijing,0.09072417736136176,Power
2021-01-29,Beijing,0.08864376492932331,Power
2021-01-30,Beijing,0.08678928781787983,Power
2021-01-31,Beijing,0.08443775300112742,Power
2021-01-01,Jilin,0.2020255510969669,Power
2021-01-02,Jilin,0.18464139718741227,Power
2021-01-03,Jilin,0.1946739515146972,Power
2021-01-04,Jilin,0.19735490625971233,Power
2021-01-05,Jilin,0.19441472726990633,Power
2021-01-06,Jilin,0.19839295534663054,Power
2021-01-07,Jilin,0.21171132099010934,Power
2021-01-08,Jilin,0.21551673290363965,Power
2021-01-09,Jilin,0.21214336139809417,Power
2021-01-10,Jilin,0.21300859432181846,Power
2021-01-11,Jilin,0.21162491290851237,Power
2021-01-12,Jilin,0.21145209674531845,Power
2021-01-13,Jilin,0.2107596799847881,Power
2021-01-14,Jilin,0.20090109392845176,Power
2021-01-15,Jilin,0.19692286585172755,Power
2021-01-16,Jilin,0.19432831918830937,Power
2021-01-17,Jilin,0.18697671960603957,Power
2021-01-18,Jilin,0.1821344107133457,Power
2021-01-19,Jilin,0.18222081879494267,Power
2021-01-20,Jilin,0.18196044244239715,Power
2021-01-21,Jilin,0.18533381394794263,Power
2021-01-22,Jilin,0.18222081879494267,Power
2021-01-23,Jilin,0.1805767610290911,Power
2021-01-24,Jilin,0.17936704788673358,Power
2021-01-25,Jilin,0.1774637658760911,Power
2021-01-26,Jilin,0.17616649254438202,Power
2021-01-27,Jilin,0.1726203048756426,Power
2021-01-28,Jilin,0.17348553779936685,Power
2021-01-29,Jilin,0.1695073097226426,Power
2021-01-30,Jilin,0.16596112205390318,Power
2021-01-31,Jilin,0.16146444548759714,Power
2021-01-01,Sichuan,0.21162348723519428,Power
2021-01-02,Sichuan,0.19341343779839051,Power
2021-01-03,Sichuan,0.2039226239933463,Power
2021-01-04,Sichuan,0.20673094694645397,Power
2021-01-05,Sichuan,0.20365108438679314,Power
2021-01-06,Sichuan,0.20781831221536248,Power
2021-01-07,Sichuan,0.22176941377871667,Power
2021-01-08,Sichuan,0.22575561520291723,Power
2021-01-09,Sichuan,0.22222197978963862,Power
2021-01-10,Sichuan,0.22312831865417834,Power
2021-01-11,Sichuan,0.22167890057653228,Power
2021-01-12,Sichuan,0.2214978741721635,Power
2021-01-13,Sichuan,0.22077256171199255,Power
2021-01-14,Sichuan,0.21044560876410143,Power
2021-01-15,Sichuan,0.20627838093553205,Power
2021-01-16,Sichuan,0.20356057118460874,Power
2021-01-17,Sichuan,0.19585970794276067,Power
2021-01-18,Sichuan,0.1907873480923474,Power
2021-01-19,Sichuan,0.1908778612945318,Power
2021-01-20,Sichuan,0.1906051148452828,Power
2021-01-21,Sichuan,0.19413875025856148,Power
2021-01-22,Sichuan,0.1908778612945318,Power
2021-01-23,Sichuan,0.1891556967676368,Power
2021-01-24,Sichuan,0.1878885119370553,Power
2021-01-25,Sichuan,0.1858948078036071,Power
2021-01-26,Sichuan,0.18453590292814545,Power
2021-01-27,Sichuan,0.18082124111049805,Power
2021-01-28,Sichuan,0.18172757997503772,Power
2021-01-29,Sichuan,0.17756035214646834,Power
2021-01-30,Sichuan,0.1738456903288209,Power
2021-01-31,Sichuan,0.1691353832871452,Power
2021-01-01,Tianjin,0.20095103064999864,Power
2021-01-02,Tianjin,0.18365933845495303,Power
2021-01-03,Tianjin,0.19363853228055167,Power
2021-01-04,Tianjin,0.1963052277367032,Power
2021-01-05,Tianjin,0.19338068678092377,Power
2021-01-06,Tianjin,0.19733775571521314,Power
2021-01-07,Tianjin,0.21058528449609504,Power
2021-01-08,Tianjin,0.21437045643063246,Power
2021-01-09,Tianjin,0.21101502699547486,Power
2021-01-10,Tianjin,0.21187565797423286,Power
2021-01-11,Tianjin,0.2104993359962191,Power
2021-01-12,Tianjin,0.21032743899646716,Power
2021-01-13,Tianjin,0.20963870501746107,Power
2021-01-14,Tianjin,0.19983255417161278,Power
2021-01-15,Tianjin,0.19587548523732343,Power
2021-01-16,Tianjin,0.19329473828104782,Power
2021-01-17,Tianjin,0.18598223991160076,Power
2021-01-18,Tianjin,0.18116568597855176,Power
2021-01-19,Tianjin,0.18125163447842774,Power
2021-01-20,Tianjin,0.1809926429988015,Power
2021-01-21,Tianjin,0.18434807243395912,Power
2021-01-22,Tianjin,0.18125163447842774,Power
2021-01-23,Tianjin,0.17961632102078773,Power
2021-01-24,Tianjin,0.17841304202252423,Power
2021-01-25,Tianjin,0.17651988306525632,Power
2021-01-26,Tianjin,0.17522950958711853,Power
2021-01-27,Tianjin,0.17170218315220898,Power
2021-01-28,Tianjin,0.17256281413096694,Power
2021-01-29,Tianjin,0.16860574519667756,Power
2021-01-30,Tianjin,0.16507841876176801,Power
2021-01-31,Tianjin,0.16060565882822284,Power
2021-01-01,Ningxia,0.36515830220675743,Power
2021-01-02,Ningxia,0.33373669195772965,Power
2021-01-03,Ningxia,0.3518703908144156,Power
2021-01-04,Ningxia,0.3567161782787596,Power
2021-01-05,Ningxia,0.35140184668915675,Power
2021-01-06,Ningxia,0.35859243719812967,Power
2021-01-07,Ningxia,0.3826651931447637,Power
2021-01-08,Ningxia,0.38954342090356403,Power
2021-01-09,Ningxia,0.3834461000201952,Power
2021-01-10,Ningxia,0.38500999618939263,Power
2021-01-11,Ningxia,0.38250901176967744,Power
2021-01-12,Ningxia,0.38219664901950484,Power
2021-01-13,Ningxia,0.38094511560047994,Power
2021-01-14,Ningxia,0.3631258619123012,Power
2021-01-15,Ningxia,0.35593527140332826,Power
2021-01-16,Ningxia,0.3512456653140705,Power
2021-01-17,Ningxia,0.33795775392172855,Power
2021-01-18,Ningxia,0.32920534966189274,Power
2021-01-19,Ningxia,0.329361531036979,Power
2021-01-20,Ningxia,0.32889090449338565,Power
2021-01-21,Ningxia,0.33498822537675454,Power
2021-01-22,Ningxia,0.329361531036979,Power
2021-01-23,Ningxia,0.32638992007367046,Power
2021-01-24,Ningxia,0.32420338082246236,Power
2021-01-25,Ningxia,0.32076322573389493,Power
2021-01-26,Ningxia,0.31841842268926607,Power
2021-01-27,Ningxia,0.31200873905572457,Power
2021-01-28,Ningxia,0.31357263522492196,Power
2021-01-29,Ningxia,0.30638204471594904,Power
2021-01-30,Ningxia,0.29997236108240755,Power
2021-01-31,Ningxia,0.2918446823229168,Power
2021-01-01,Anhui,0.6555973138756236,Power
2021-01-02,Anhui,0.5991836347879017,Power
2021-01-03,Anhui,0.6317404853078754,Power
2021-01-04,Anhui,0.6404405072601007,Power
2021-01-05,Anhui,0.6308992713245275,Power
2021-01-06,Anhui,0.6438091019223076,Power
2021-01-07,Anhui,0.6870288070223184,Power
2021-01-08,Anhui,0.6993778282978664,Power
2021-01-09,Anhui,0.6884308303278983,Power
2021-01-10,Anhui,0.6912386156678731,Power
2021-01-11,Anhui,0.6867484023612024,Power
2021-01-12,Anhui,0.6861875930389705,Power
2021-01-13,Anhui,0.6839406170212275,Power
2021-01-14,Anhui,0.651948314552301,Power
2021-01-15,Anhui,0.6390384839545209,Power
2021-01-16,Anhui,0.6306188666634115,Power
2021-01-17,Anhui,0.6067620380956631,Power
2021-01-18,Anhui,0.5910481608867233,Power
2021-01-19,Anhui,0.5913285655478393,Power
2021-01-20,Anhui,0.5904836128356764,Power
2021-01-21,Anhui,0.6014306108056445,Power
2021-01-22,Anhui,0.5913285655478393,Power
2021-01-23,Anhui,0.5859933995290058,Power
2021-01-24,Anhui,0.5820677342733819,Power
2021-01-25,Anhui,0.5758913542712004,Power
2021-01-26,Anhui,0.5716815456256458,Power
2021-01-27,Anhui,0.5601737383334456,Power
2021-01-28,Anhui,0.5629815236734204,Power
2021-01-29,Anhui,0.5500716930756403,Power
2021-01-30,Anhui,0.5385638857834402,Power
2021-01-31,Anhui,0.5239716272189642,Power
2021-01-01,Shandong,1.4354083359897676,Power
2021-01-02,Shandong,1.3118924772263039,Power
2021-01-03,Shandong,1.3831746097806312,Power
2021-01-04,Shandong,1.4022230161258216,Power
2021-01-05,Shandong,1.3813327999707181,Power
2021-01-06,Shandong,1.4095984411868516,Power
2021-01-07,Shandong,1.5042265363094998,Power
2021-01-08,Shandong,1.5312643043190244,Power
2021-01-09,Shandong,1.5072962193260215,Power
2021-01-10,Shandong,1.513443771180443,Power
2021-01-11,Shandong,1.5036125997061953,Power
2021-01-12,Shandong,1.5023847264995867,Power
2021-01-13,Shandong,1.497465047851774,Power
2021-01-14,Shandong,1.4274189743254333,Power
2021-01-15,Shandong,1.3991533331093,Power
2021-01-16,Shandong,1.380718863367414,Power
2021-01-17,Shandong,1.3284851371582769,Power
2021-01-18,Shandong,1.2940801299090998,Power
2021-01-19,Shandong,1.2946940665124043,Power
2021-01-20,Shandong,1.2928440708811135,Power
2021-01-21,Shandong,1.3168121558741166,Power
2021-01-22,Shandong,1.2946940665124043,Power
2021-01-23,Shandong,1.2830128994068664,Power
2021-01-24,Shandong,1.274417786960605,Power
2021-01-25,Shandong,1.2608948100451538,Power
2021-01-26,Shandong,1.2516775751742109,Power
2021-01-27,Shandong,1.2264816169745991,Power
2021-01-28,Shandong,1.2326291688290203,Power
2021-01-29,Shandong,1.2043635276128868,Power
2021-01-30,Shandong,1.179167569413275,Power
2021-01-31,Shandong,1.147218308577315,Power
2021-01-01,Shanxi,0.7484567201467703,Power
2021-01-02,Shanxi,0.6840525556882516,Power
2021-01-03,Shanxi,0.7212207884475321,Power
2021-01-04,Shanxi,0.731153089507574,Power
2021-01-05,Shanxi,0.7202604241421994,Power
2021-01-06,Shanxi,0.7349988150147067,Power
2021-01-07,Shanxi,0.7843401988798054,Power
2021-01-08,Shanxi,0.798438346882091,Power
2021-01-09,Shanxi,0.7859408060553601,Power
2021-01-10,Shanxi,0.7891462886922711,Power
2021-01-11,Shanxi,0.7840200774446946,Power
2021-01-12,Shanxi,0.7833798345744727,Power
2021-01-13,Shanxi,0.7808145948077836,Power
2021-01-14,Shanxi,0.7442908732045268,Power
2021-01-15,Shanxi,0.7295524823320194,Power
2021-01-16,Shanxi,0.7199403027070884,Power
2021-01-17,Shanxi,0.6927043710078499,Power
2021-01-18,Shanxi,0.6747647657842332,Power
2021-01-19,Shanxi,0.6750848872193441,Power
2021-01-20,Shanxi,0.6741202546282098,Power
2021-01-21,Shanxi,0.6866177954549407,Power
2021-01-22,Shanxi,0.6750848872193441,Power
2021-01-23,Shanxi,0.6689940433806334,Power
2021-01-24,Shanxi,0.6645123432890803,Power
2021-01-25,Shanxi,0.6574611351450368,Power
2021-01-26,Shanxi,0.6526550453325713,Power
2021-01-27,Shanxi,0.6395172616356185,Power
2021-01-28,Shanxi,0.6427227442725293,Power
2021-01-29,Shanxi,0.6279843534000219,Power
2021-01-30,Shanxi,0.6148465697030691,Power
2021-01-31,Shanxi,0.598187450219896,Power
2021-01-01,Guangdong,0.6150737337082206,Power
2021-01-02,Guangdong,0.5621470796565458,Power
2021-01-03,Guangdong,0.5926915361136991,Power
2021-01-04,Guangdong,0.6008537949763305,Power
2021-01-05,Guangdong,0.5919023189911842,Power
2021-01-06,Guangdong,0.6040141710980457,Power
2021-01-07,Guangdong,0.6445623930370318,Power
2021-01-08,Guangdong,0.6561481003955499,Power
2021-01-09,Guangdong,0.6458777549078899,Power
2021-01-10,Guangdong,0.6485119862812618,Power
2021-01-11,Guangdong,0.6442993206628601,Power
2021-01-12,Guangdong,0.6437731759145169,Power
2021-01-13,Guangdong,0.6416650892894882,Power
2021-01-14,Guangdong,0.611650285212334,Power
2021-01-15,Guangdong,0.5995384331054725,Power
2021-01-16,Guangdong,0.5916392466170126,Power
2021-01-17,Guangdong,0.5692570490224907,Power
2021-01-18,Guangdong,0.5545144731739131,Power
2021-01-19,Guangdong,0.5547775455480848,Power
2021-01-20,Guangdong,0.5539848207939142,Power
2021-01-21,Guangdong,0.5642551662815745,Power
2021-01-22,Guangdong,0.5547775455480848,Power
2021-01-23,Guangdong,0.5497721551755127,Power
2021-01-24,Guangdong,0.54608914193711,Power
2021-01-25,Guangdong,0.540294534442023,Power
2021-01-26,Guangdong,0.5363449411977931,Power
2021-01-27,Guangdong,0.5255484509617897,Power
2021-01-28,Guangdong,0.5281826823351615,Power
2021-01-29,Guangdong,0.5160708302283,Power
2021-01-30,Guangdong,0.5052743399922965,Power
2021-01-31,Guangdong,0.49158405364040536,Power
2021-01-01,Guangxi,0.26721188442417915,Power
2021-01-02,Guangxi,0.24421849324138534,Power
2021-01-03,Guangxi,0.25748818973683035,Power
2021-01-04,Guangxi,0.2610341915449263,Power
2021-01-05,Guangxi,0.2571453232104781,Power
2021-01-06,Guangxi,0.26240718150156345,Power
2021-01-07,Guangxi,0.2800229016999262,Power
2021-01-08,Guangxi,0.28505618230677676,Power
2021-01-09,Guangxi,0.28059434591051324,Power
2021-01-10,Guangxi,0.2817387581829156,Power
2021-01-11,Guangxi,0.2799086128578088,Power
2021-01-12,Guangxi,0.27968003517357404,Power
2021-01-13,Guangxi,0.2787642005854065,Power
2021-01-14,Guangxi,0.26572460562542466,Power
2021-01-15,Guangxi,0.26046274733433933,Power
2021-01-16,Guangxi,0.2570310343683607,Power
2021-01-17,Guangxi,0.24730733968101176,Power
2021-01-18,Guangxi,0.24090259296875238,Power
2021-01-19,Guangxi,0.2410168818108698,Power
2021-01-20,Guangxi,0.24067249143328934,Power
2021-01-21,Guangxi,0.24513432782955286,Power
2021-01-22,Guangxi,0.2410168818108698,Power
2021-01-23,Guangxi,0.23884234610818264,Power
2021-01-24,Guangxi,0.23724230231853896,Power
2021-01-25,Guangxi,0.23472490008949956,Power
2021-01-26,Guangxi,0.23300904360651026,Power
2021-01-27,Guangxi,0.22831862952601192,Power
2021-01-28,Guangxi,0.2294630417984142,Power
2021-01-29,Guangxi,0.22420118350732884,Power
2021-01-30,Guangxi,0.21951076942683048,Power
2021-01-31,Guangxi,0.2135631780830407,Power
2021-01-01,Xinjiang,0.9397271592395402,Power
2021-01-02,Xinjiang,0.8588643105528029,Power
2021-01-03,Xinjiang,0.9055310006160351,Power
2021-01-04,Xinjiang,0.9180015320557617,Power
2021-01-05,Xinjiang,0.9043252122301569,Power
2021-01-06,Xinjiang,0.9228300446587673,Power
2021-01-07,Xinjiang,0.9847807723954418,Power
2021-01-08,Xinjiang,1.0024817459001334,Power
2021-01-09,Xinjiang,0.9867904197052387,Power
2021-01-10,Xinjiang,0.9908150733843256,Power
2021-01-11,Xinjiang,0.9843788429334824,Power
2021-01-12,Xinjiang,0.9835749840095637,Power
2021-01-13,Xinjiang,0.9803541892543957,Power
2021-01-14,Xinjiang,0.9344967171745753,Power
2021-01-15,Xinjiang,0.9159918847459649,Power
2021-01-16,Xinjiang,0.9039232827681976,Power
2021-01-17,Xinjiang,0.8697271241446921,Power
2021-01-18,Xinjiang,0.8472029970964878,Power
2021-01-19,Xinjiang,0.8476049265584472,Power
2021-01-20,Xinjiang,0.8463937791130762,Power
2021-01-21,Xinjiang,0.862085105307971,Power
2021-01-22,Xinjiang,0.8476049265584472,Power
2021-01-23,Xinjiang,0.8399575486622333,Power
2021-01-24,Xinjiang,0.8343305361948017,Power
2021-01-25,Xinjiang,0.8254773699127094,Power
2021-01-26,Xinjiang,0.8194430689238258,Power
2021-01-27,Xinjiang,0.8029478838050123,Power
2021-01-28,Xinjiang,0.8069725374840989,Power
2021-01-29,Xinjiang,0.7884677050554885,Power
2021-01-30,Xinjiang,0.7719725199366749,Power
2021-01-31,Xinjiang,0.7510561107363081,Power
2021-01-01,Jiangsu,1.0130202964318968,Power
2021-01-02,Jiangsu,0.9258506258082925,Power
2021-01-03,Jiangsu,0.9761570405336123,Power
2021-01-04,Jiangsu,0.9896001993606468,Power
2021-01-05,Jiangsu,0.974857207815055,Power
2021-01-06,Jiangsu,0.9948053072691808,Power
2021-01-07,Jiangsu,1.0615878238315022,Power
2021-01-08,Jiangsu,1.080669368139923,Power
2021-01-09,Jiangsu,1.0637542116957643,Power
2021-01-10,Jiangsu,1.0680927644585934,Power
2021-01-11,Jiangsu,1.0611545462586498,Power
2021-01-12,Jiangsu,1.0602879911129448,Power
2021-01-13,Jiangsu,1.0568159934958206,Power
2021-01-14,Jiangsu,1.0073819109505107,Power
2021-01-15,Jiangsu,0.9874338114963849,Power
2021-01-16,Jiangsu,0.9744239302422025,Power
2021-01-17,Jiangsu,0.9375606743439175,Power
2021-01-18,Jiangsu,0.9132797991612674,Power
2021-01-19,Jiangsu,0.9137130767341198,Power
2021-01-20,Jiangsu,0.9124074669812579,Power
2021-01-21,Jiangsu,0.9293226234254167,Power
2021-01-22,Jiangsu,0.9137130767341198,Power
2021-01-23,Jiangsu,0.9054692487813143,Power
2021-01-24,Jiangsu,0.8994033627613802,Power
2021-01-25,Jiangsu,0.8898597020900173,Power
2021-01-26,Jiangsu,0.8833547614629264,Power
2021-01-27,Jiangsu,0.8655730498730625,Power
2021-01-28,Jiangsu,0.8699116026358914,Power
2021-01-29,Jiangsu,0.8499635031817655,Power
2021-01-30,Jiangsu,0.8321817915919018,Power
2021-01-31,Jiangsu,0.8096340267006613,Power
2021-01-01,Jiangxi,0.2268253423743394,Power
2021-01-02,Jiangxi,0.20730718419577154,Power
2021-01-03,Jiangxi,0.21857129191788496,Power
2021-01-04,Jiangxi,0.22158134918354383,Power
2021-01-05,Jiangxi,0.21828024641518912,Power
2021-01-06,Jiangxi,0.22274682472989482,Power
2021-01-07,Jiangxi,0.23770009589062413,Power
2021-01-08,Jiangxi,0.24197264387019926,Power
2021-01-09,Jiangxi,0.23818517172845055,Power
2021-01-10,Jiangxi,0.23915661693967097,Power
2021-01-11,Jiangxi,0.23760308072305883,Power
2021-01-12,Jiangxi,0.23740905038792826,Power
2021-01-13,Jiangxi,0.2366316355118384,Power
2021-01-14,Jiangxi,0.22556285166042317,Power
2021-01-15,Jiangxi,0.22109627334571746,Power
2021-01-16,Jiangxi,0.21818323124762384,Power
2021-01-17,Jiangxi,0.20992918079116932,Power
2021-01-18,Jiangxi,0.20449245080081077,Power
2021-01-19,Jiangxi,0.20458946596837604,Power
2021-01-20,Jiangxi,0.20429712693011265,Power
2021-01-21,Jiangxi,0.2080845990718614,Power
2021-01-22,Jiangxi,0.20458946596837604,Power
2021-01-23,Jiangxi,0.20274359071350057,Power
2021-01-24,Jiangxi,0.20138537836758655,Power
2021-01-25,Jiangxi,0.1992484576100152,Power
2021-01-26,Jiangxi,0.1977919365609684,Power
2021-01-27,Jiangxi,0.1938104340840891,Power
2021-01-28,Jiangxi,0.19478187929530946,Power
2021-01-29,Jiangxi,0.19031530098060373,Power
2021-01-30,Jiangxi,0.18633379850372442,Power
2021-01-31,Jiangxi,0.181285129183627,Power
2021-01-01,Hebei,0.9320282316548438,Power
2021-01-02,Hebei,0.8518278701700677,Power
2021-01-03,Hebei,0.898112232805725,Power
2021-01-04,Hebei,0.910480596592263,Power
2021-01-05,Hebei,0.8969163231142893,Power
2021-01-06,Hebei,0.9152695505121904,Power
2021-01-07,Hebei,0.9767127328810691,Power
2021-01-08,Hebei,0.9942686871513464,Power
2021-01-09,Hebei,0.9787059157001288,Power
2021-01-10,Hebei,0.9826975964924324,Power
2021-01-11,Hebei,0.9763140963172572,Power
2021-01-12,Hebei,0.9755168231896334,Power
2021-01-13,Hebei,0.9723224155249537,Power
2021-01-14,Hebei,0.9268406411711047,Power
2021-01-15,Hebei,0.9084874137732035,Power
2021-01-16,Hebei,0.8965176865504773,Power
2021-01-17,Hebei,0.8626016877013581,Power
2021-01-18,Hebei,0.8402620946653377,Power
2021-01-19,Hebei,0.8406607312291496,Power
2021-01-20,Hebei,0.8394595063835296,Power
2021-01-21,Hebei,0.8550222778347474,Power
2021-01-22,Hebei,0.8406607312291496,Power
2021-01-23,Hebei,0.8330760062083546,Power
2021-01-24,Hebei,0.8274950943149877,Power
2021-01-25,Hebei,0.8187144596027568,Power
2021-01-26,Hebei,0.8127295959913938,Power
2021-01-27,Hebei,0.7963695514125522,Power
2021-01-28,Hebei,0.8003612322048556,Power
2021-01-29,Hebei,0.7820080048069543,Power
2021-01-30,Hebei,0.7656479602281128,Power
2021-01-31,Hebei,0.7449029134473399,Power
2021-01-01,Henan,0.6460603936511419,Power
2021-01-02,Henan,0.5904673597150125,Power
2021-01-03,Henan,0.6225506084071603,Power
2021-01-04,Henan,0.6311240718553258,Power
2021-01-05,Henan,0.6217216314944669,Power
2021-01-06,Henan,0.6344436638479333,Power
2021-01-07,Henan,0.6770346554511976,Power
2021-01-08,Henan,0.689204036529535,Power
2021-01-09,Henan,0.6784162836390197,Power
2021-01-10,Henan,0.6811832243564983,Power
2021-01-11,Henan,0.6767583298136332,Power
2021-01-12,Henan,0.6762056785385043,Power
2021-01-13,Henan,0.6739913890961545,Power
2021-01-14,Henan,0.6424644760209701,Power
2021-01-15,Henan,0.6297424436675039,Power
2021-01-16,Henan,0.6214453058569025,Power
2021-01-17,Henan,0.5979355206129205,Power
2021-01-18,Henan,0.58245023188381,Power
2021-01-19,Henan,0.5827265575213744,Power
2021-01-20,Henan,0.5818938962668468,Power
2021-01-21,Henan,0.5926816491573623,Power
2021-01-22,Henan,0.5827265575213744,Power
2021-01-23,Henan,0.5774690017239819,Power
2021-01-24,Henan,0.5736004427980798,Power
2021-01-25,Henan,0.5675139100879939,Power
2021-01-26,Henan,0.5633653411826933,Power
2021-01-27,Henan,0.552024937017049,Power
2021-01-28,Henan,0.5547918777345275,Power
2021-01-29,Henan,0.5420698453810611,Power
2021-01-30,Henan,0.5307294412154169,Power
2021-01-31,Henan,0.5163494550365639,Power
2021-01-01,Zhejiang,0.47127962003068774,Power
2021-01-02,Zhejiang,0.4307263464246299,Power
2021-01-03,Zhejiang,0.4541300117809526,Power
2021-01-04,Zhejiang,0.46038406888753985,Power
2021-01-05,Zhejiang,0.45352530062969254,Power
2021-01-06,Zhejiang,0.46280560109769686,Power
2021-01-07,Zhejiang,0.4938743162468802,Power
2021-01-08,Zhejiang,0.5027514759473778,Power
2021-01-09,Zhejiang,0.49488216816564695,Power
2021-01-10,Zhejiang,0.49690055960829727,Power
2021-01-11,Zhejiang,0.49367274586312687,Power
2021-01-12,Zhejiang,0.4932696050956202,Power
2021-01-13,Zhejiang,0.49165435442047656,Power
2021-01-14,Zhejiang,0.4686565174367775,Power
2021-01-15,Zhejiang,0.4593762169687732,Power
2021-01-16,Zhejiang,0.4533237302459392,Power
2021-01-17,Zhejiang,0.43617412199620387,Power
2021-01-18,Zhejiang,0.4248781176906661,Power
2021-01-19,Zhejiang,0.4250796880744194,Power
2021-01-20,Zhejiang,0.42447228931804265,Power
2021-01-21,Zhejiang,0.43234159709977354,Power
2021-01-22,Zhejiang,0.4250796880744194,Power
2021-01-23,Zhejiang,0.4212444755728723,Power
2021-01-24,Zhejiang,0.4184224902003254,Power
2021-01-25,Zhejiang,0.4139825665475182,Power
2021-01-26,Zhejiang,0.41095632318610126,Power
2021-01-27,Zhejiang,0.40268387463686367,Power
2021-01-28,Zhejiang,0.4047022660795139,Power
2021-01-29,Zhejiang,0.3954219656115095,Power
2021-01-30,Zhejiang,0.3871495170622719,Power
2021-01-31,Zhejiang,0.3766597942917475,Power
2021-01-01,Hainan,0.04171679771073939,Power
2021-01-02,Hainan,0.038127097160093854,Power
2021-01-03,Hainan,0.04019874620211264,Power
2021-01-04,Hainan,0.04075234373550465,Power
2021-01-05,Hainan,0.040145218292781656,Power
2021-01-06,Hainan,0.040966693274647845,Power
2021-01-07,Hainan,0.04371683830516428,Power
2021-01-08,Hainan,0.04450262801414315,Power
2021-01-09,Hainan,0.043806051487382584,Power
2021-01-10,Hainan,0.04398471575363846,Power
2021-01-11,Hainan,0.04369899566872061,Power
2021-01-12,Hainan,0.043663310395833294,Power
2021-01-13,Hainan,0.04352033140246474,Power
2021-01-14,Hainan,0.04148460553515254,Power
2021-01-15,Hainan,0.040663130553286346,Power
2021-01-16,Hainan,0.04012737565633799,Power
2021-01-17,Hainan,0.038609324147711226,Power
2021-01-18,Hainan,0.037609422801408415,Power
2021-01-19,Hainan,0.037627265437852074,Power
2021-01-20,Hainan,0.03757349962670184,Power
2021-01-21,Hainan,0.0382700761534624,Power
2021-01-22,Hainan,0.037627265437852074,Power
2021-01-23,Hainan,0.037287779541784,Power
2021-01-24,Hainan,0.037037982631572736,Power
2021-01-25,Hainan,0.03664496882617367,Power
2021-01-26,Hainan,0.0363770913776995,Power
2021-01-27,Hainan,0.03564482957805161,Power
2021-01-28,Hainan,0.035823493844307476,Power
2021-01-29,Hainan,0.03500201886244128,Power
2021-01-30,Hainan,0.03426975706279339,Power
2021-01-31,Hainan,0.033341226262265225,Power
2021-01-01,Hubei,0.3967699825889061,Power
2021-01-02,Hubei,0.36262820989448963,Power
2021-01-03,Hubei,0.38233173939432263,Power
2021-01-04,Hubei,0.3875970256995719,Power
2021-01-05,Hubei,0.38182263349888595,Power
2021-01-06,Hubei,0.38963571197418717,Power
2021-01-07,Hubei,0.4157924415352882,Power
2021-01-08,Hubei,0.4232661160802983,Power
2021-01-09,Hubei,0.416640951361016,Power
2021-01-10,Hubei,0.4183402337053401,Power
2021-01-11,Hubei,0.4156227395701427,Power
2021-01-12,Hubei,0.4152833356398516,Power
2021-01-13,Hubei,0.41392345722581847,Power
2021-01-14,Hubei,0.3945615943491454,Power
2021-01-15,Hubei,0.3867485158738442,Power
2021-01-16,Hubei,0.3816529315337404,Power
2021-01-17,Hubei,0.36721468833915677,Power
2021-01-18,Hubei,0.3577045902124001,Power
2021-01-19,Hubei,0.3578742921775456,Power
2021-01-20,Hubei,0.3573629235892404,Power
2021-01-21,Hubei,0.36398808830852275,Power
2021-01-22,Hubei,0.3578742921775456,Power
2021-01-23,Hubei,0.354645429454043,Power
2021-01-24,Hubei,0.35226960194200524,Power
2021-01-25,Hubei,0.34853163332306586,Power
2021-01-26,Hubei,0.345983841153014,Power
2021-01-27,Hubei,0.33901927250344055,Power
2021-01-28,Hubei,0.34071855484776464,Power
2021-01-29,Hubei,0.3329054763724634,Power
2021-01-30,Hubei,0.32594090772288997,Power
2021-01-31,Hubei,0.31710961745671545,Power
2021-01-01,Hunan,0.2471061863384326,Power
2021-01-02,Hunan,0.22584287606908668,Power
2021-01-03,Hunan,0.23811412703505294,Power
2021-01-04,Hunan,0.24139331869763941,Power
2021-01-05,Hunan,0.23779705865341053,Power
2021-01-06,Hunan,0.24266300141701652,Power
2021-01-07,Hunan,0.2589532702694016,Power
2021-01-08,Hunan,0.26360783411191263,Power
2021-01-09,Hunan,0.259481717572139,Power
2021-01-10,Hunan,0.26054002137042115,Power
2021-01-11,Hunan,0.2588475808088541,Power
2021-01-12,Hunan,0.25863620188775915,Power
2021-01-13,Hunan,0.25778927701057197,Power
2021-01-14,Hunan,0.24573081415850806,Power
2021-01-15,Hunan,0.24086487139490206,Power
2021-01-16,Hunan,0.23769136919286304,Power
2021-01-17,Hunan,0.22869930988948328,Power
2021-01-18,Hunan,0.22277647252040247,Power
2021-01-19,Hunan,0.22288216198094996,Power
2021-01-20,Hunan,0.2225636844065002,Power
2021-01-21,Hunan,0.22668980094627386,Power
2021-01-22,Hunan,0.22288216198094996,Power
2021-01-23,Hunan,0.22087124384493323,Power
2021-01-24,Hunan,0.2193915913972685,Power
2021-01-25,Hunan,0.2170636048796093,Power
2021-01-26,Hunan,0.2154768537785898,Power
2021-01-27,Hunan,0.21113935831772118,Power
2021-01-28,Hunan,0.21219766211600327,Power
2021-01-29,Hunan,0.20733171935239725,Power
2021-01-30,Hunan,0.2029942238915286,Power
2021-01-31,Hunan,0.1974941443646377,Power
2021-01-01,Gansu,0.3225488235543706,Power
2021-01-02,Gansu,0.2947937284113625,Power
2021-01-03,Gansu,0.3108114478430886,Power
2021-01-04,Gansu,0.31509179156353256,Power
2021-01-05,Gansu,0.31039757704931986,Power
2021-01-06,Gansu,0.3167491141643577,Power
2021-01-07,Gansu,0.3380128758353216,Power
2021-01-08,Gansu,0.34408849908784694,Power
2021-01-09,Gansu,0.33870266049160286,Power
2021-01-10,Gansu,0.34008406922991546,Power
2021-01-11,Gansu,0.33787491890406535,Power
2021-01-12,Gansu,0.3375990050415528,Power
2021-01-13,Gansu,0.3364935101657527,Power
2021-01-14,Gansu,0.3207535440222892,Power
2021-01-15,Gansu,0.31440200690725134,Power
2021-01-16,Gansu,0.3102596201180636,Power
2021-01-17,Gansu,0.2985222444067815,Power
2021-01-18,Gansu,0.2907911379791811,Power
2021-01-19,Gansu,0.29092909491043734,Power
2021-01-20,Gansu,0.2905133846909185,Power
2021-01-21,Gansu,0.2958992232871626,Power
2021-01-22,Gansu,0.29092909491043734,Power
2021-01-23,Gansu,0.28830423436506836,Power
2021-01-24,Gansu,0.2863728373274808,Power
2021-01-25,Gansu,0.2833341059883431,Power
2021-01-26,Gansu,0.2812629125937492,Power
2021-01-27,Gansu,0.2756011601349926,Power
2021-01-28,Gansu,0.27698256887330513,Power
2021-01-29,Gansu,0.27063103175826725,Power
2021-01-30,Gansu,0.2649692792995106,Power
2021-01-31,Gansu,0.2577900005969352,Power
2021-01-01,Fujian,0.280140310781855,Power
2021-01-02,Fujian,0.25603443777490664,Power
2021-01-03,Fujian,0.2699461577129083,Power
2021-01-04,Fujian,0.2736637245819631,Power
2021-01-05,Fujian,0.2695867023860766,Power
2021-01-06,Fujian,0.2751031434685203,Power
2021-01-07,Fujian,0.29357115937151734,Power
2021-01-08,Fujian,0.2988479635694065,Power
2021-01-09,Fujian,0.29417025158290344,Power
2021-01-10,Fujian,0.29537003358490616,Power
2021-01-11,Fujian,0.2934513409292401,Power
2021-01-12,Fujian,0.29321170404468566,Power
2021-01-13,Fujian,0.2922515589272374,Power
2021-01-14,Fujian,0.27858107345302063,Power
2021-01-15,Fujian,0.273064632370577,Power
2021-01-16,Fujian,0.26946688394379936,Power
2021-01-17,Fujian,0.2592727308748526,Power
2021-01-18,Fujian,0.25255810536963663,Power
2021-01-19,Fujian,0.2526779238119139,Power
2021-01-20,Fujian,0.2523168709058518,Power
2021-01-21,Fujian,0.2569945828923549,Power
2021-01-22,Fujian,0.2526779238119139,Power
2021-01-23,Fujian,0.2503981782501858,Power
2021-01-24,Fujian,0.24872072005830456,Power
2021-01-25,Fujian,0.24608151916974477,Power
2021-01-26,Fujian,0.244282644956356,Power
2021-01-27,Fujian,0.23936529608529844,Power
2021-01-28,Fujian,0.2405650780873011,Power
2021-01-29,Fujian,0.23504863700485742,Power
2021-01-30,Fujian,0.23013128813379988,Power
2021-01-31,Fujian,0.22389593639769284,Power
2021-01-01,Tibet,0.0010865423943302874,Power
2021-01-02,Tibet,0.0009930461998651245,Power
2021-01-03,Tibet,0.001047003709402048,Power
2021-01-04,Tibet,0.001061422534010732,Power
2021-01-05,Tibet,0.0010456095385653684,Power
2021-01-06,Tibet,0.001067005413672281,Power
2021-01-07,Tibet,0.0011386348131034749,Power
2021-01-08,Tibet,0.0011591012409859344,Power
2021-01-09,Tibet,0.0011409584311646078,Power
2021-01-10,Tibet,0.0011456118636017038,Power
2021-01-11,Tibet,0.0011381700894912484,Power
2021-01-12,Tibet,0.0011372406422667952,Power
2021-01-13,Tibet,0.0011335166570541524,Power
2021-01-14,Tibet,0.001080494791056512,Power
2021-01-15,Tibet,0.0010590989159495992,Power
2021-01-16,Tibet,0.0010451448149531417,Power
2021-01-17,Tibet,0.0010056061300249021,Power
2021-01-18,Tibet,0.0009795630187957234,Power
2021-01-19,Tibet,0.00098002774240795,Power
2021-01-20,Tibet,0.0009786273752564404,Power
2021-01-21,Tibet,0.000996770185077767,Power
2021-01-22,Tibet,0.00098002774240795,Power
2021-01-23,Tibet,0.0009711856011459853,Power
2021-01-24,Tibet,0.0009646794705748127,Power
2021-01-25,Tibet,0.0009544431584761681,Power
2021-01-26,Tibet,0.0009474661079779394,Power
2021-01-27,Tibet,0.0009283938509321596,Power
2021-01-28,Tibet,0.0009330472833692553,Power
2021-01-29,Tibet,0.0009116514082623424,Power
2021-01-30,Tibet,0.0008925791512165626,Power
2021-01-31,Tibet,0.0008683949344362902,Power
2021-01-01,Guizhou,0.31605750360276247,Power
2021-01-02,Guizhou,0.288860981890205,Power
2021-01-03,Guizhou,0.30455634348295146,Power
2021-01-04,Guizhou,0.3087505449558867,Power
2021-01-05,Guizhou,0.3041508018708284,Power
2021-01-06,Guizhou,0.31037451381154413,Power
2021-01-07,Guizhou,0.3312103406388464,Power
2021-01-08,Guizhou,0.33716369150481346,Power
2021-01-09,Guizhou,0.3318862433257182,Power
2021-01-10,Guizhou,0.3332398511066269,Power
2021-01-11,Guizhou,0.33107516010147203,Power
2021-01-12,Guizhou,0.33080479902672333,Power
2021-01-13,Guizhou,0.3297215523205633,Power
2021-01-14,Guizhou,0.31429835420973073,Power
2021-01-15,Guizhou,0.30807464226901493,Power
2021-01-16,Guizhou,0.304015621333454,Power
2021-01-17,Guizhou,0.2925144612136429,Power
2021-01-18,Guizhou,0.28493894389918345,Power
2021-01-19,Guizhou,0.28507412443655783,Power
2021-01-20,Guizhou,0.2846667804172697,Power
2021-01-21,Guizhou,0.289944228596365,Power
2021-01-22,Guizhou,0.28507412443655783,Power
2021-01-23,Guizhou,0.2825020894121149,Power
2021-01-24,Guizhou,0.28060956188887376,Power
2021-01-25,Guizhou,0.2776319852523077,Power
2021-01-26,Guizhou,0.27560247478452726,Power
2021-01-27,Guizhou,0.2700546655306833,Power
2021-01-28,Guizhou,0.2714082733115919,Power
2021-01-29,Guizhou,0.2651845613708761,Power
2021-01-30,Guizhou,0.25963675211703213,Power
2021-01-31,Guizhou,0.2526019569520701,Power
2021-01-01,Liaoning,0.4457485077182248,Power
2021-01-02,Liaoning,0.4073921680322183,Power
2021-01-03,Liaoning,0.4295279627161434,Power
2021-01-04,Liaoning,0.43544321239798683,Power
2021-01-05,Liaoning,0.42895601119985,Power
2021-01-06,Liaoning,0.43773356046989964,Power
2021-01-07,Liaoning,0.46711915837368617,Power
2021-01-08,Liaoning,0.4755154066328736,Power
2021-01-09,Liaoning,0.4680724109008419,Power
2021-01-10,Liaoning,0.46998145796189245,Power
2021-01-11,Liaoning,0.46692850786825507,Power
2021-01-12,Liaoning,0.46654720685739276,Power
2021-01-13,Liaoning,0.4650194608072045,Power
2021-01-14,Liaoning,0.4432675091408809,Power
2021-01-15,Liaoning,0.4344899598708312,Power
2021-01-16,Liaoning,0.42876536069441884,Power
2021-01-17,Liaoning,0.41254481569233725,Power
2021-01-18,Liaoning,0.40186076136797616,Power
2021-01-19,Liaoning,0.4020514118734073,Power
2021-01-20,Liaoning,0.4014769183503748,Power
2021-01-21,Liaoning,0.4089199140824065,Power
2021-01-22,Liaoning,0.4020514118734073,Power
2021-01-23,Liaoning,0.3984239682567375,Power
2021-01-24,Liaoning,0.3957548611807015,Power
2021-01-25,Liaoning,0.3915554660477382,Power
2021-01-26,Liaoning,0.38869316645953206,Power
2021-01-27,Liaoning,0.380868869716638,Power
2021-01-28,Liaoning,0.38277791677768847,Power
2021-01-29,Liaoning,0.37400036750763876,Power
2021-01-30,Liaoning,0.36617607076474473,Power
2021-01-31,Liaoning,0.35625461846210815,Power
2021-01-01,Chongqing,0.1466985315836416,Power
2021-01-02,Chongqing,0.13407522805837788,Power
2021-01-03,Chongqing,0.14136025205585928,Power
2021-01-04,Chongqing,0.14330699652555828,Power
2021-01-05,Chongqing,0.14117201935036625,Power
2021-01-06,Chongqing,0.1440607639373326,Power
2021-01-07,Chongqing,0.15373174205066342,Power
2021-01-08,Chongqing,0.15649499816730109,Power
2021-01-09,Chongqing,0.15404546322648513,Power
2021-01-10,Chongqing,0.15467374216793078,Power
2021-01-11,Chongqing,0.1536689978154991,Power
2021-01-12,Chongqing,0.1535435093451704,Power
2021-01-13,Chongqing,0.15304071887405343,Power
2021-01-14,Chongqing,0.14588201993670297,Power
2021-01-15,Chongqing,0.1429932753497366,Power
2021-01-16,Chongqing,0.1411092751152019,Power
2021-01-17,Chongqing,0.13577099558741954,Power
2021-01-18,Chongqing,0.13225480864880976,Power
2021-01-19,Chongqing,0.1323175528839741,Power
2021-01-20,Chongqing,0.13212848358867885,Power
2021-01-21,Chongqing,0.13457801852949483,Power
2021-01-22,Chongqing,0.1323175528839741,Power
2021-01-23,Chongqing,0.13112373923624718,Power
2021-01-24,Chongqing,0.13024531994394636,Power
2021-01-25,Chongqing,0.12886327359072644,Power
2021-01-26,Chongqing,0.1279212734734591,Power
2021-01-27,Chongqing,0.12534625006231445,Power
2021-01-28,Chongqing,0.12597452900376005,Power
2021-01-29,Chongqing,0.12308578441679367,Power
2021-01-30,Chongqing,0.12051076100564902,Power
2021-01-31,Chongqing,0.11724555100769658,Power
2021-01-01,Shaanxi,0.616748856146554,Power
2021-01-02,Shaanxi,0.5636780590093772,Power
2021-01-03,Shaanxi,0.5943057017604234,Power
2021-01-04,Shaanxi,0.6024901901253388,Power
2021-01-05,Shaanxi,0.5935143352446924,Power
2021-01-06,Shaanxi,0.6056591733727772,Power
2021-01-07,Shaanxi,0.6463178263587778,Power
2021-01-08,Shaanxi,0.6579350868097086,Power
2021-01-09,Shaanxi,0.6476367705516627,Power
2021-01-10,Shaanxi,0.6502781761219472,Power
2021-01-11,Shaanxi,0.6460540375202007,Power
2021-01-12,Shaanxi,0.6455264598430468,Power
2021-01-13,Shaanxi,0.6434126319499164,Power
2021-01-14,Shaanxi,0.6133160840605387,Power
2021-01-15,Shaanxi,0.601171245932454,Power
2021-01-16,Shaanxi,0.5932505464061154,Power
2021-01-17,Shaanxi,0.5708073920199846,Power
2021-01-18,Shaanxi,0.5560246655061301,Power
2021-01-19,Shaanxi,0.5562884543447071,Power
2021-01-20,Shaanxi,0.5554935706444617,Power
2021-01-21,Shaanxi,0.5657918869025076,Power
2021-01-22,Shaanxi,0.5562884543447071,Power
2021-01-23,Shaanxi,0.5512694320427155,Power
2021-01-24,Shaanxi,0.5475763883026376,Power
2021-01-25,Shaanxi,0.541765999484915,Power
2021-01-26,Shaanxi,0.5378056497217457,Power
2021-01-27,Shaanxi,0.5269797557865459,Power
2021-01-28,Shaanxi,0.5296211613568301,Power
2021-01-29,Shaanxi,0.5174763232287454,Power
2021-01-30,Shaanxi,0.5066504292935455,Power
2021-01-31,Shaanxi,0.49292285813399883,Power
2021-01-01,Qinghai,0.11380040617489616,Power
2021-01-02,Qinghai,0.10400796276775166,Power
2021-01-03,Qinghai,0.10965927148200805,Power
2021-01-04,Qinghai,0.11116944550337626,Power
2021-01-05,Qinghai,0.10951325121780184,Power
2021-01-06,Qinghai,0.11175417553915314,Power
2021-01-07,Qinghai,0.11925637222459223,Power
2021-01-08,Qinghai,0.12139994970313939,Power
2021-01-09,Qinghai,0.11949973933160257,Power
2021-01-10,Qinghai,0.11998712252457532,Power
2021-01-11,Qinghai,0.11920769880319015,Power
2021-01-12,Qinghai,0.11911035196038602,Power
2021-01-13,Qinghai,0.11872031561021741,Power
2021-01-14,Qinghai,0.11316700271771724,Power
2021-01-15,Qinghai,0.11092607839636594,Power
2021-01-16,Qinghai,0.10946457779639977,Power
2021-01-17,Qinghai,0.10532344310351162,Power
2021-01-18,Qinghai,0.10259578456813961,Power
2021-01-19,Qinghai,0.1026444579895417,Power
2021-01-20,Qinghai,0.10249778874638345,Power
2021-01-21,Qinghai,0.10439799911792026,Power
2021-01-22,Qinghai,0.1026444579895417,Power
2021-01-23,Qinghai,0.1017183650249983,Power
2021-01-24,Qinghai,0.10103693712536932,Power
2021-01-25,Qinghai,0.09996482389661972,Power
2021-01-26,Qinghai,0.09923407359663665,Power
2021-01-27,Qinghai,0.09723651638229568,Power
2021-01-28,Qinghai,0.0977238995752684,Power
2021-01-29,Qinghai,0.0954829752539171,Power
2021-01-30,Qinghai,0.09348541803957612,Power
2021-01-31,Qinghai,0.09095245318981239,Power
2021-01-01,Heilongjiang,0.2326969581247498,Power
2021-01-02,Heilongjiang,0.21267355161819243,Power
2021-01-03,Heilongjiang,0.22422924277460454,Power
2021-01-04,Heilongjiang,0.22731721858087123,Power
2021-01-05,Heilongjiang,0.22393066324885894,Power
2021-01-06,Heilongjiang,0.2285128637039681,Power
2021-01-07,Heilongjiang,0.24385321622671996,Power
2021-01-08,Heilongjiang,0.2482363636646654,Power
2021-01-09,Heilongjiang,0.2443508487696293,Power
2021-01-10,Heilongjiang,0.24534744087556243,Power
2021-01-11,Heilongjiang,0.2437536897181381,Power
2021-01-12,Heilongjiang,0.24355463670097435,Power
2021-01-13,Heilongjiang,0.24275709761220496,Power
2021-01-14,Heilongjiang,0.2314017864930711,Power
2021-01-15,Heilongjiang,0.22681958603796196,Power
2021-01-16,Heilongjiang,0.22383113674027708,Power
2021-01-17,Heilongjiang,0.2153634213901317,Power
2021-01-18,Heilongjiang,0.20978595584920387,Power
2021-01-19,Heilongjiang,0.20988548235778576,Power
2021-01-20,Heilongjiang,0.20958557581192572,Power
2021-01-21,Heilongjiang,0.21347109070696182,Power
2021-01-22,Heilongjiang,0.20988548235778576,Power
2021-01-23,Heilongjiang,0.20799182465450142,Power
2021-01-24,Heilongjiang,0.20659845353435527,Power
2021-01-25,Heilongjiang,0.20440621630532532,Power
2021-01-26,Heilongjiang,0.2029119916564829,Power
2021-01-27,Heilongjiang,0.19882742374428305,Power
2021-01-28,Heilongjiang,0.19982401585021614,Power
2021-01-29,Heilongjiang,0.19524181539510693,Power
2021-01-30,Heilongjiang,0.19115724748290708,Power
2021-01-31,Heilongjiang,0.1859778879763067,Power
2021-02-01,Shanghai,0.1747840665747978,Power
2021-02-02,Shanghai,0.17313792413285203,Power
2021-02-03,Shanghai,0.1751718886088959,Power
2021-02-04,Shanghai,0.17255679142541092,Power
2021-02-05,Shanghai,0.16974838356858293,Power
2021-02-06,Shanghai,0.16616553233097078,Power
2021-02-07,Shanghai,0.15425591389066431,Power
2021-02-08,Shanghai,0.14612125667390086,Power
2021-02-09,Shanghai,0.14224783908256816,Power
2021-02-10,Shanghai,0.13333993917243267,Power
2021-02-11,Shanghai,0.12094524301765051,Power
2021-02-12,Shanghai,0.1134887340512233,Power
2021-02-13,Shanghai,0.11145512978140303,Power
2021-02-14,Shanghai,0.10980898733945725,Power
2021-02-15,Shanghai,0.10690404421469896,Power
2021-02-16,Shanghai,0.10641980698141175,Power
2021-02-17,Shanghai,0.10932487017491127,Power
2021-02-18,Shanghai,0.11222981329966956,Power
2021-02-19,Shanghai,0.11784614873836075,Power
2021-02-20,Shanghai,0.11891139861034784,Power
2021-02-21,Shanghai,0.12026685462983185,Power
2021-02-22,Shanghai,0.12239687409884119,Power
2021-02-23,Shanghai,0.13217767375755043,Power
2021-02-24,Shanghai,0.1345010038999028,Power
2021-02-25,Shanghai,0.14244235044332323,Power
2021-02-26,Shanghai,0.14583069032018028,Power
2021-02-27,Shanghai,0.15086637332639516,Power
2021-02-28,Shanghai,0.1548370465981054,Power
2021-02-01,Yunnan,0.22204321091770254,Power
2021-02-02,Yunnan,0.2199519747964676,Power
2021-02-03,Yunnan,0.2225358945553093,Power
2021-02-04,Yunnan,0.2192137120082271,Power
2021-02-05,Yunnan,0.21564595031051123,Power
2021-02-06,Yunnan,0.21109434667392105,Power
2021-02-07,Yunnan,0.19596453552400908,Power
2021-02-08,Yunnan,0.18563038182498157,Power
2021-02-09,Yunnan,0.18070964679427118,Power
2021-02-10,Yunnan,0.1693931764927088,Power
2021-02-11,Yunnan,0.1536471294617035,Power
2021-02-12,Yunnan,0.14417448572713512,Power
2021-02-13,Yunnan,0.1415910235691952,Power
2021-02-14,Yunnan,0.13949978744796027,Power
2021-02-15,Yunnan,0.13580938870856143,Power
2021-02-16,Yunnan,0.13519422056290564,Power
2021-02-17,Yunnan,0.13888477183593845,Power
2021-02-18,Yunnan,0.14257517057533728,Power
2021-02-19,Yunnan,0.14971008383623338,Power
2021-02-20,Yunnan,0.15106336223649572,Power
2021-02-21,Yunnan,0.15278531442997645,Power
2021-02-22,Yunnan,0.15549126109596534,Power
2021-02-23,Yunnan,0.1679166509162278,Power
2021-02-24,Yunnan,0.17086817673285043,Power
2021-02-25,Yunnan,0.18095675128124422,Power
2021-02-26,Yunnan,0.1852612504308613,Power
2021-02-27,Yunnan,0.19165851103805262,Power
2021-02-28,Yunnan,0.19670279831224954,Power
2021-02-01,InnerMongolia,1.4975945172146408,Power
2021-02-02,InnerMongolia,1.4834899483948203,Power
2021-02-03,InnerMongolia,1.5009174754413381,Power
2021-02-04,InnerMongolia,1.4785106549529579,Power
2021-02-05,InnerMongolia,1.4544474992494132,Power
2021-02-06,InnerMongolia,1.4237487148888408,Power
2021-02-07,InnerMongolia,1.3217040627197676,Power
2021-02-08,InnerMongolia,1.2520042423300637,Power
2021-02-09,InnerMongolia,1.2188158112485603,Power
2021-02-10,InnerMongolia,1.1424906499981968,Power
2021-02-11,InnerMongolia,1.0362897280966599,Power
2021-02-12,InnerMongolia,0.9724004550953109,Power
2021-02-13,InnerMongolia,0.9549760143877032,Power
2021-02-14,InnerMongolia,0.9408714455678827,Power
2021-02-15,InnerMongolia,0.9159811510363921,Power
2021-02-16,InnerMongolia,0.9118320827613856,Power
2021-02-17,InnerMongolia,0.9367234060725131,Power
2021-02-18,InnerMongolia,0.9616137006040039,Power
2021-02-19,InnerMongolia,1.009735896892547,Power
2021-02-20,InnerMongolia,1.0188632298297786,Power
2021-02-21,InnerMongolia,1.0304771231490313,Power
2021-02-22,InnerMongolia,1.0487276739049476,Power
2021-02-23,InnerMongolia,1.1325320631144722,Power
2021-02-24,InnerMongolia,1.1524389490855538,Power
2021-02-25,InnerMongolia,1.2204824342600926,Power
2021-02-26,InnerMongolia,1.2495145956091325,Power
2021-02-27,InnerMongolia,1.29266161357436,Power
2021-02-28,InnerMongolia,1.3266833561616296,Power
2021-02-01,Beijing,0.11957662644948958,Power
2021-02-02,Beijing,0.11845043592354157,Power
2021-02-03,Beijing,0.11984195069447952,Power
2021-02-04,Beijing,0.11805286027470216,Power
2021-02-05,Beijing,0.11613151845107536,Power
2021-02-06,Beijing,0.11368034957475963,Power
2021-02-07,Beijing,0.10553251308542472,Power
2021-02-08,Beijing,0.09996727543896396,Power
2021-02-09,Beijing,0.09731731873822853,Power
2021-02-10,Beijing,0.0912230754763699,Power
2021-02-11,Beijing,0.08274337832147478,Power
2021-02-12,Beijing,0.07764208845696548,Power
2021-02-13,Beijing,0.07625082011721483,Power
2021-02-14,Beijing,0.07512462959126684,Power
2021-02-15,Beijing,0.07313724420944438,Power
2021-02-16,Beijing,0.07280595854998789,Power
2021-02-17,Beijing,0.07479342607553946,Power
2021-02-18,Beijing,0.07678081145736192,Power
2021-02-19,Beijing,0.08062316652969916,Power
2021-02-20,Beijing,0.08135194569426595,Power
2021-02-21,Beijing,0.08227926625206514,Power
2021-02-22,Beijing,0.0837364960062823,Power
2021-02-23,Beijing,0.09042792417869107,Power
2021-02-24,Beijing,0.09201740533675773,Power
2021-02-25,Beijing,0.09745039157936901,Power
2021-02-26,Beijing,0.09976848761454425,Power
2021-02-27,Beijing,0.10321359561295847,Power
2021-02-28,Beijing,0.10593008873426411,Power
2021-02-01,Jilin,0.22865807055152904,Power
2021-02-02,Jilin,0.2265045346943734,Power
2021-02-03,Jilin,0.22916543166156644,Power
2021-02-04,Jilin,0.22574427841803252,Power
2021-02-05,Jilin,0.22207023000819517,Power
2021-02-06,Jilin,0.21738303015571342,Power
2021-02-07,Jilin,0.20180248882301705,Power
2021-02-08,Jilin,0.19116047173167536,Power
2021-02-09,Jilin,0.1860931437410232,Power
2021-02-10,Jilin,0.17443954598446765,Power
2021-02-11,Jilin,0.15822441056986686,Power
2021-02-12,Jilin,0.14846956857124693,Power
2021-02-13,Jilin,0.14580914283728302,Power
2021-02-14,Jilin,0.14365560698012736,Power
2021-02-15,Jilin,0.13985526806488133,Power
2021-02-16,Jilin,0.13922177352717827,Power
2021-02-17,Jilin,0.1430222695201674,Power
2021-02-18,Jilin,0.14682260843541345,Power
2021-02-19,Jilin,0.154170076944116,Power
2021-02-20,Jilin,0.15556367068041688,Power
2021-02-21,Jilin,0.15733692132165902,Power
2021-02-22,Jilin,0.16012348048328853,Power
2021-02-23,Jilin,0.17291903343178588,Power
2021-02-24,Jilin,0.1759584877597189,Power
2021-02-25,Jilin,0.18634760968475714,Power
2021-02-26,Jilin,0.19078034359350493,Power
2021-02-27,Jilin,0.19736818413683876,Power
2021-02-28,Jilin,0.2025627450993579,Power
2021-02-01,Sichuan,0.23952127843155846,Power
2021-02-02,Sichuan,0.23726543126023422,Power
2021-02-03,Sichuan,0.24005274352006153,Power
2021-02-04,Sichuan,0.23646905632885498,Power
2021-02-05,Sichuan,0.23262045929477235,Power
2021-02-06,Sichuan,0.22771057748643425,Power
2021-02-07,Sichuan,0.21138982760141248,Power
2021-02-08,Sichuan,0.20024222396485405,Power
2021-02-09,Sichuan,0.19493415469082637,Power
2021-02-10,Sichuan,0.18272691168276337,Power
2021-02-11,Sichuan,0.16574141908642498,Power
2021-02-12,Sichuan,0.1555231389235091,Power
2021-02-13,Sichuan,0.15273632028450704,Power
2021-02-14,Sichuan,0.1504804731131828,Power
2021-02-15,Sichuan,0.14649958569793714,Power
2021-02-16,Sichuan,0.1458359947685461,Power
2021-02-17,Sichuan,0.1498170467240669,Power
2021-02-18,Sichuan,0.15379793413931256,Power
2021-02-19,Sichuan,0.1614944700463776,Power
2021-02-20,Sichuan,0.16295427136687277,Power
2021-02-21,Sichuan,0.16481176653223226,Power
2021-02-22,Sichuan,0.16773071101212222,Power
2021-02-23,Sichuan,0.18113416182000489,Power
2021-02-24,Sichuan,0.18431801614277102,Power
2021-02-25,Sichuan,0.1952007099364533,Power
2021-02-26,Sichuan,0.19984403649916443,Power
2021-02-27,Sichuan,0.20674485563595052,Power
2021-02-28,Sichuan,0.21218620253279166,Power
2021-02-01,Tianjin,0.22744189878098897,Power
2021-02-02,Tianjin,0.22529981701119617,Power
2021-02-03,Tianjin,0.22794656137153824,Power
2021-02-04,Tianjin,0.2245436043368127,Power
2021-02-05,Tianjin,0.22088909721825306,Power
2021-02-06,Tianjin,0.21622682734147572,Power
2021-02-07,Tianjin,0.20072915478525793,Power
2021-02-08,Tianjin,0.1901437397667706,Power
2021-02-09,Tianjin,0.18510336355280158,Power
2021-02-10,Tianjin,0.17351174819897758,Power
2021-02-11,Tianjin,0.15738285679885292,Power
2021-02-12,Tianjin,0.14767989822353042,Power
2021-02-13,Tianjin,0.14503362259005262,Power
2021-02-14,Tianjin,0.14289154082025982,Power
2021-02-15,Tianjin,0.13911141490207116,Power
2021-02-16,Tianjin,0.13848128975418098,Power
2021-02-17,Tianjin,0.14226157191465774,Power
2021-02-18,Tianjin,0.14604169783284643,Power
2021-02-19,Tianjin,0.1533500871008134,Power
2021-02-20,Tianjin,0.15473626868079893,Power
2021-02-21,Tianjin,0.1565000878711119,Power
2021-02-22,Tianjin,0.15927182606193055,Power
2021-02-23,Tianjin,0.17199932285021066,Power
2021-02-24,Tianjin,0.17502261112486353,Power
2021-02-25,Tianjin,0.1853564760595167,Power
2021-02-26,Tianjin,0.18976563342957886,Power
2021-02-27,Tianjin,0.19631843499231477,Power
2021-02-28,Tianjin,0.20148536745964135,Power
2021-02-01,Ningxia,0.41329620127304223,Power
2021-02-02,Ningxia,0.4094037159261621,Power
2021-02-03,Ningxia,0.4142132492431679,Power
2021-02-04,Ningxia,0.4080295635498747,Power
2021-02-05,Ningxia,0.4013887734504199,Power
2021-02-06,Ningxia,0.39291672656851584,Power
2021-02-07,Ningxia,0.3647551203280316,Power
2021-02-08,Ningxia,0.34551982621781063,Power
2021-02-09,Ningxia,0.33636070314776295,Power
2021-02-10,Ningxia,0.31529699141289524,Power
2021-02-11,Ningxia,0.28598836542030326,Power
2021-02-12,Ningxia,0.2683566276367912,Power
2021-02-13,Ningxia,0.26354794606712606,Power
2021-02-14,Ningxia,0.2596554607202459,Power
2021-02-15,Ningxia,0.2527864023334905,Power
2021-02-16,Ningxia,0.25164136999184433,Power
2021-02-17,Ningxia,0.2585107122943801,Power
2021-02-18,Ningxia,0.2653797706811356,Power
2021-02-19,Ningxia,0.27866021521692447,Power
2021-02-20,Ningxia,0.2811791160190777,Power
2021-02-21,Ningxia,0.2843842412620339,Power
2021-02-22,Ningxia,0.28942090720321934,Power
2021-02-23,Ningxia,0.31254868666032043,Power
2021-02-24,Ningxia,0.3180424570076677,Power
2021-02-25,Ningxia,0.3368206467117269,Power
2021-02-26,Ningxia,0.34483275002966696,Power
2021-02-27,Ningxia,0.3567401778522893,Power
2021-02-28,Ningxia,0.3661292727043189,Power
2021-02-01,Anhui,0.7420230561708185,Power
2021-02-02,Anhui,0.7350345722111414,Power
2021-02-03,Anhui,0.7436695042517637,Power
2021-02-04,Anhui,0.7325674487709637,Power
2021-02-05,Anhui,0.7206447179309312,Power
2021-02-06,Anhui,0.7054341882914881,Power
2021-02-07,Anhui,0.6548734498552833,Power
2021-02-08,Anhui,0.6203388190552743,Power
2021-02-09,Anhui,0.6038947276957424,Power
2021-02-10,Anhui,0.5660773954588028,Power
2021-02-11,Anhui,0.5134573225807966,Power
2021-02-12,Anhui,0.48180168210932567,Power
2021-02-13,Anhui,0.4731682792774474,Power
2021-02-14,Anhui,0.4661797953177703,Power
2021-02-15,Anhui,0.4538472365343694,Power
2021-02-16,Anhui,0.45179147024630384,Power
2021-02-17,Anhui,0.46412453876595283,Power
2021-02-18,Anhui,0.4764570975493538,Power
2021-02-19,Anhui,0.5003005202844271,Power
2021-02-20,Anhui,0.5048229002764224,Power
2021-02-21,Anhui,0.5105773127797626,Power
2021-02-22,Anhui,0.5196200338187611,Power
2021-02-23,Anhui,0.5611431485784472,Power
2021-02-24,Anhui,0.5710065449766786,Power
2021-02-25,Anhui,0.6047205004174547,Power
2021-02-26,Anhui,0.6191052573351854,Power
2021-02-27,Anhui,0.6404835955750728,Power
2021-02-28,Anhui,0.6573405732954609,Power
2021-02-01,Shandong,1.6246346008157422,Power
2021-02-02,Shandong,1.6093335495158976,Power
2021-02-03,Shandong,1.6282394436821535,Power
2021-02-04,Shandong,1.6039318654683958,Power
2021-02-05,Shandong,1.5778274460735482,Power
2021-02-06,Shandong,1.5445245014501077,Power
2021-02-07,Shandong,1.4338234599890147,Power
2021-02-08,Shandong,1.3582110438282216,Power
2021-02-09,Shandong,1.3222072571810306,Power
2021-02-10,Shandong,1.2394074762958758,Power
2021-02-11,Shandong,1.1241975911257107,Power
2021-02-12,Shandong,1.0548886277542338,Power
2021-02-13,Shandong,1.0359860817392468,Power
2021-02-14,Shandong,1.0206850304394022,Power
2021-02-15,Shandong,0.9936833065044322,Power
2021-02-16,Shandong,0.9891822751483216,Power
2021-02-17,Shandong,1.016185115133715,Power
2021-02-18,Shandong,1.0431868390686851,Power
2021-02-19,Shandong,1.0953912136566888,Power
2021-02-20,Shandong,1.105292813009878,Power
2021-02-21,Shandong,1.1178919062355486,Power
2021-02-22,Shandong,1.1376906407402343,Power
2021-02-23,Shandong,1.228604108200872,Power
2021-02-24,Shandong,1.2501996838866487,Power
2021-02-25,Shandong,1.3240152588663514,Power
2021-02-26,Shandong,1.3555102018044707,Power
2021-02-27,Shandong,1.4023173565466647,Power
2021-02-28,Shandong,1.4392251440365162,Power
2021-02-01,Shanxi,0.8471238840375356,Power
2021-02-02,Shanxi,0.839145544784836,Power
2021-02-03,Shanxi,0.8490035365383539,Power
2021-02-04,Shanxi,0.8363289757124024,Power
2021-02-05,Shanxi,0.8227174983148358,Power
2021-02-06,Shanxi,0.8053525352732198,Power
2021-02-07,Shanxi,0.747630327361093,Power
2021-02-08,Shanxi,0.7082041797046096,Power
2021-02-09,Shanxi,0.6894309321267769,Power
2021-02-10,Shanxi,0.6462571181838321,Power
2021-02-11,Shanxi,0.5861838898062853,Power
2021-02-12,Shanxi,0.5500445153153195,Power
2021-02-13,Shanxi,0.5401882693690779,Power
2021-02-14,Shanxi,0.5322099301163785,Power
2021-02-15,Shanxi,0.5181305763687628,Power
2021-02-16,Shanxi,0.5157836294536543,Power
2021-02-17,Shanxi,0.5298635651370288,Power
2021-02-18,Shanxi,0.5439429188846445,Power
2021-02-19,Shanxi,0.5711635459367429,Power
2021-02-20,Shanxi,0.5763264799885264,Power
2021-02-21,Shanxi,0.5828959527692501,Power
2021-02-22,Shanxi,0.5932194931297817,Power
2021-02-23,Shanxi,0.6406239800389647,Power
2021-02-24,Shanxi,0.6518844369711118,Power
2021-02-25,Shanxi,0.6903736680559799,Power
2021-02-26,Shanxi,0.7067958951683927,Power
2021-02-27,Shanxi,0.7312022808910925,Power
2021-02-28,Shanxi,0.7504468964335266,Power
2021-02-01,Guangdong,0.6961573545177089,Power
2021-02-02,Guangdong,0.6896008405859662,Power
2021-02-03,Guangdong,0.6977020328546548,Power
2021-02-04,Guangdong,0.6872862142234837,Power
2021-02-05,Guangdong,0.6761004475667762,Power
2021-02-06,Guangdong,0.6618301065220495,Power
2021-02-07,Guangdong,0.6143946129487781,Power
2021-02-08,Guangdong,0.5819946261598965,Power
2021-02-09,Guangdong,0.5665669719339287,Power
2021-02-10,Guangdong,0.5310871930429012,Power
2021-02-11,Guangdong,0.48171965597697886,Power
2021-02-12,Guangdong,0.45202070424911,Power
2021-02-13,Guangdong,0.4439209466661832,Power
2021-02-14,Guangdong,0.43736443273444053,Power
2021-02-15,Guangdong,0.42579417029355204,Power
2021-02-16,Guangdong,0.42386547440101235,Power
2021-02-17,Guangdong,0.43543621507048824,Power
2021-02-18,Guangdong,0.4470064775113768,Power
2021-02-19,Guangdong,0.46937609791044277,Power
2021-02-20,Guangdong,0.4736189419368776,Power
2021-02-21,Guangdong,0.4790176644587917,Power
2021-02-22,Guangdong,0.487501439597312,Power
2021-02-23,Guangdong,0.5264579403179361,Power
2021-02-24,Guangdong,0.5357116634819932,Power
2021-02-25,Guangdong,0.5673417022453381,Power
2021-02-26,Guangdong,0.5808373129786553,Power
2021-02-27,Guangdong,0.6008942199295879,Power
2021-02-28,Guangdong,0.6167092393112604,Power
2021-02-01,Guangxi,0.3024377539826362,Power
2021-02-02,Guangxi,0.29958935004837645,Power
2021-02-03,Guangxi,0.3031088221597084,Power
2021-02-04,Guangxi,0.2985837865879959,Power
2021-02-05,Guangxi,0.2937242557329751,Power
2021-02-06,Guangxi,0.28752466613426525,Power
2021-02-07,Guangxi,0.2669168480278301,Power
2021-02-08,Guangxi,0.2528410371929578,Power
2021-02-09,Guangxi,0.24613866586405772,Power
2021-02-10,Guangxi,0.2307248738959518,Power
2021-02-11,Guangxi,0.2092777011655626,Power
2021-02-12,Guangxi,0.19637532471586167,Power
2021-02-13,Guangxi,0.19285647588766633,Power
2021-02-14,Guangxi,0.19000807195340658,Power
2021-02-15,Guangxi,0.18498150121777707,Power
2021-02-16,Guangxi,0.18414360092114176,Power
2021-02-17,Guangxi,0.18917037941781684,Power
2021-02-18,Guangxi,0.19419695015344635,Power
2021-02-19,Guangxi,0.20391518081930593,Power
2021-02-20,Guangxi,0.20575843681527625,Power
2021-02-21,Guangxi,0.2081038512583002,Power
2021-02-22,Guangxi,0.2117895322060586,Power
2021-02-23,Guangxi,0.22871374697519067,Power
2021-02-24,Guangxi,0.23273392320625755,Power
2021-02-25,Guangxi,0.24647523875782146,Power
2021-02-26,Guangxi,0.25233825546276756,Power
2021-02-27,Guangxi,0.26105175371242867,Power
2021-02-28,Guangxi,0.2679224114882106,Power
2021-02-01,Xinjiang,1.0636090232638338,Power
2021-02-02,Xinjiang,1.0535917946391535,Power
2021-02-03,Xinjiang,1.0659690267983137,Power
2021-02-04,Xinjiang,1.0500554425936792,Power
2021-02-05,Xinjiang,1.0329655098780504,Power
2021-02-06,Xinjiang,1.0111628766059524,Power
2021-02-07,Xinjiang,0.9386895792112011,Power
2021-02-08,Xinjiang,0.8891879570870513,Power
2021-02-09,Xinjiang,0.8656171477922163,Power
2021-02-10,Xinjiang,0.8114101316240884,Power
2021-02-11,Xinjiang,0.7359850031831146,Power
2021-02-12,Xinjiang,0.6906100993136837,Power
2021-02-13,Xinjiang,0.6782350591082706,Power
2021-02-14,Xinjiang,0.6682178304835903,Power
2021-02-15,Xinjiang,0.6505404541637132,Power
2021-02-16,Xinjiang,0.6475937376762342,Power
2021-02-17,Xinjiang,0.6652718446473606,Power
2021-02-18,Xinjiang,0.6829492209672378,Power
2021-02-19,Xinjiang,0.7171261637934994,Power
2021-02-20,Xinjiang,0.7236085016752035,Power
2021-02-21,Xinjiang,0.7318568236258975,Power
2021-02-22,Xinjiang,0.7448185767843095,Power
2021-02-23,Xinjiang,0.8043374275331396,Power
2021-02-24,Xinjiang,0.8184755292025463,Power
2021-02-25,Xinjiang,0.8668008028157015,Power
2021-02-26,Xinjiang,0.8874197810643142,Power
2021-02-27,Xinjiang,0.9180632944500976,Power
2021-02-28,Xinjiang,0.9422259312566753,Power
2021-02-01,Jiangsu,1.1465642100908155,Power
2021-02-02,Jiangsu,1.1357656971277428,Power
2021-02-03,Jiangsu,1.1491082798844499,Power
2021-02-04,Jiangsu,1.1319535306258264,Power
2021-02-05,Jiangsu,1.1135306846589212,Power
2021-02-06,Jiangsu,1.0900275754818172,Power
2021-02-07,Jiangsu,1.0119017913237436,Power
2021-02-08,Jiangsu,0.9585393366739856,Power
2021-02-09,Jiangsu,0.9331301442459236,Power
2021-02-10,Jiangsu,0.8746953027630373,Power
2021-02-11,Jiangsu,0.7933874622686532,Power
2021-02-12,Jiangsu,0.7444735853880736,Power
2021-02-13,Jiangsu,0.7311333655444875,Power
2021-02-14,Jiangsu,0.7203348525814147,Power
2021-02-15,Jiangsu,0.7012787458980754,Power
2021-02-16,Jiangsu,0.698102203025714,Power
2021-02-17,Jiangsu,0.7171590973467604,Power
2021-02-18,Jiangsu,0.7362152040300999,Power
2021-02-19,Jiangsu,0.7730577454130826,Power
2021-02-20,Jiangsu,0.7800456671496532,Power
2021-02-21,Jiangsu,0.7889373092240608,Power
2021-02-22,Jiangsu,0.8029100021463738,Power
2021-02-23,Jiangsu,0.8670709697592046,Power
2021-02-24,Jiangsu,0.8823117593897998,Power
2021-02-25,Jiangsu,0.9344061173312758,Power
2021-02-26,Jiangsu,0.9566332534230274,Power
2021-02-27,Jiangsu,0.9896667788549217,Power
2021-02-28,Jiangsu,1.0157139578256598,Power
2021-02-01,Jiangxi,0.256727155836899,Power
2021-02-02,Jiangxi,0.2543092611425774,Power
2021-02-03,Jiangxi,0.25729679842352615,Power
2021-02-04,Jiangxi,0.25345567906230637,Power
2021-02-05,Jiangxi,0.2493306202074427,Power
2021-02-06,Jiangxi,0.244068039778664,Power
2021-02-07,Jiangxi,0.22657489793112542,Power
2021-02-08,Jiangxi,0.21462651240666988,Power
2021-02-09,Jiangxi,0.2089371409377557,Power
2021-02-10,Jiangxi,0.1958529974387246,Power
2021-02-11,Jiangxi,0.17764736145806714,Power
2021-02-12,Jiangxi,0.16669505684050645,Power
2021-02-13,Jiangxi,0.16370804863935953,Power
2021-02-14,Jiangxi,0.16129015394503798,Power
2021-02-15,Jiangxi,0.15702330170328632,Power
2021-02-16,Jiangxi,0.15631204208970503,Power
2021-02-17,Jiangxi,0.16057907069139069,Power
2021-02-18,Jiangxi,0.16484592293314237,Power
2021-02-19,Jiangxi,0.17309533520313397,Power
2021-02-20,Jiangxi,0.17466000053705236,Power
2021-02-21,Jiangxi,0.17665092783130443,Power
2021-02-22,Jiangxi,0.17977955305940538,Power
2021-02-23,Jiangxi,0.19414583327818247,Power
2021-02-24,Jiangxi,0.19755839799992736,Power
2021-02-25,Jiangxi,0.20922284403073899,Power
2021-02-26,Jiangxi,0.21419972136653434,Power
2021-02-27,Jiangxi,0.22159625699599061,Power
2021-02-28,Jiangxi,0.22742848001139646,Power
2021-02-01,Hebei,1.0548951654509295,Power
2021-02-02,Hebei,1.044960005240493,Power
2021-02-03,Hebei,1.0572358341219514,Power
2021-02-04,Hebei,1.0414526255600765,Power
2021-02-05,Hebei,1.024502705988807,Power
2021-02-06,Hebei,1.0028786957277256,Power
2021-02-07,Hebei,0.9309991522358816,Power
2021-02-08,Hebei,0.8819030833622808,Power
2021-02-09,Hebei,0.8585253832609914,Power
2021-02-10,Hebei,0.8047624703498116,Power
2021-02-11,Hebei,0.7299552793561319,Power
2021-02-12,Hebei,0.684952119663315,Power
2021-02-13,Hebei,0.6726784647775265,Power
2021-02-14,Hebei,0.6627433045670901,Power
2021-02-15,Hebei,0.6452107541563463,Power
2021-02-16,Hebei,0.6422881793110734,Power
2021-02-17,Hebei,0.6598214543870404,Power
2021-02-18,Hebei,0.6773540047977843,Power
2021-02-19,Hebei,0.7112509452794307,Power
2021-02-20,Hebei,0.717680175139897,Power
2021-02-21,Hebei,0.7258609208449017,Power
2021-02-22,Hebei,0.7387164819049411,Power
2021-02-23,Hebei,0.7977477109889782,Power
2021-02-24,Hebei,0.8117699830584126,Power
2021-02-25,Hebei,0.8596993409226185,Power
2021-02-26,Hebei,0.8801493935220726,Power
2021-02-27,Hebei,0.9105418529841951,Power
2021-02-28,Hebei,0.9345065319162981,Power
2021-02-01,Henan,0.7312289077787315,Power
2021-02-02,Henan,0.7243420847206519,Power
2021-02-03,Henan,0.7328514051148072,Power
2021-02-04,Henan,0.7219108503223218,Power
2021-02-05,Henan,0.7101615584675823,Power
2021-02-06,Henan,0.695172295152258,Power
2021-02-07,Henan,0.6453470596211924,Power
2021-02-08,Henan,0.6113148012561385,Power
2021-02-09,Henan,0.5951099207416491,Power
2021-02-10,Henan,0.5578427141275776,Power
2021-02-11,Henan,0.5059881011235257,Power
2021-02-12,Henan,0.474792952651399,Power
2021-02-13,Henan,0.46628513922071374,Power
2021-02-14,Henan,0.4593983161626342,Power
2021-02-15,Henan,0.44724515809792403,Power
2021-02-16,Henan,0.44521929687303446,Power
2021-02-17,Henan,0.4573729572589014,Power
2021-02-18,Henan,0.4695261153236116,Power
2021-02-19,Henan,0.4930226897484642,Power
2021-02-20,Henan,0.4974792830505271,Power
2021-02-21,Henan,0.5031499865882849,Power
2021-02-22,Henan,0.5120611639077839,Power
2021-02-23,Henan,0.5529802453309174,Power
2021-02-24,Henan,0.5627001597126708,Power
2021-02-25,Henan,0.5959236810154704,Power
2021-02-26,Henan,0.6100991840569734,Power
2021-02-27,Henan,0.6311665333681226,Power
2021-02-28,Henan,0.6477782940195224,Power
2021-02-01,Zhejiang,0.5334072250828904,Power
2021-02-02,Zhejiang,0.5283835161759134,Power
2021-02-03,Zhejiang,0.5345907830529514,Power
2021-02-04,Zhejiang,0.5266100113539025,Power
2021-02-05,Zhejiang,0.5180392928029038,Power
2021-02-06,Zhejiang,0.5071051225779444,Power
2021-02-07,Zhejiang,0.4707592665252056,Power
2021-02-08,Zhejiang,0.44593386328321494,Power
2021-02-09,Zhejiang,0.43411294064725003,Power
2021-02-10,Zhejiang,0.40692774999745984,Power
2021-02-11,Zhejiang,0.3691015304156045,Power
2021-02-12,Zhejiang,0.346345704701448,Power
2021-02-13,Zhejiang,0.34013953710425837,Power
2021-02-14,Zhejiang,0.33511582819728136,Power
2021-02-15,Zhejiang,0.32625050264692385,Power
2021-02-16,Zhejiang,0.3247727041041201,Power
2021-02-17,Zhejiang,0.3336383960810938,Power
2021-02-18,Zhejiang,0.3425037216314513,Power
2021-02-19,Zhejiang,0.35964369302698423,Power
2021-02-20,Zhejiang,0.3628946299651827,Power
2021-02-21,Zhejiang,0.3670312200345381,Power
2021-02-22,Zhejiang,0.3735316282044704,Power
2021-02-23,Zhejiang,0.40338074035343807,Power
2021-02-24,Zhejiang,0.41047109537532034,Power
2021-02-25,Zhejiang,0.4347065517653611,Power
2021-02-26,Zhejiang,0.4450471108722095,Power
2021-02-27,Zhejiang,0.460415043152196,Power
2021-02-28,Zhejiang,0.47253277134721644,Power
2021-02-01,Hainan,0.04721621805920826,Power
2021-02-02,Hainan,0.04677152866606974,Power
2021-02-03,Hainan,0.047320984415140974,Power
2021-02-04,Hainan,0.046614541309192244,Power
2021-02-05,Hainan,0.045855877202298743,Power
2021-02-06,Hainan,0.04488800473758295,Power
2021-02-07,Hainan,0.041670736983723734,Power
2021-02-08,Hainan,0.039473238341481955,Power
2021-02-09,Hainan,0.03842687219832741,Power
2021-02-10,Hainan,0.03602048955230649,Power
2021-02-11,Hainan,0.032672182765020596,Power
2021-02-12,Hainan,0.030657879286341647,Power
2021-02-13,Hainan,0.030108520843483356,Power
2021-02-14,Hainan,0.029663831450344832,Power
2021-02-15,Hainan,0.028879089278383247,Power
2021-02-16,Hainan,0.02874827729278677,Power
2021-02-17,Hainan,0.029533051900152676,Power
2021-02-18,Hainan,0.030317794072114265,Power
2021-02-19,Hainan,0.03183499254428403,Power
2021-02-20,Hainan,0.032122759451353684,Power
2021-02-21,Hainan,0.03248892273064914,Power
2021-02-22,Hainan,0.033064326803171194,Power
2021-02-23,Hainan,0.035706514838551494,Power
2021-02-24,Hainan,0.03633413991201834,Power
2021-02-25,Hainan,0.03847941755331533,Power
2021-02-26,Hainan,0.039394744663043206,Power
2021-02-27,Hainan,0.04075508551995272,Power
2021-02-28,Hainan,0.041827724340601224,Power
2021-02-01,Hubei,0.4490751698432323,Power
2021-02-02,Hubei,0.4448457128269853,Power
2021-02-03,Hubei,0.4500716064706924,Power
2021-02-04,Hubei,0.44335260035735474,Power
2021-02-05,Hubei,0.43613691840184665,Power
2021-02-06,Hubei,0.4269314481345373,Power
2021-02-07,Hubei,0.3963318973364676,Power
2021-02-08,Hubei,0.37543140770475847,Power
2021-02-09,Hubei,0.3654793812026339,Power
2021-02-10,Hubei,0.34259218820224274,Power
2021-02-11,Hubei,0.3107463203840681,Power
2021-02-12,Hubei,0.29158820662601054,Power
2021-02-13,Hubei,0.28636323846523914,Power
2021-02-14,Hubei,0.2821337814489922,Power
2021-02-15,Hubei,0.27467007006671074,Power
2021-02-16,Hubei,0.27342591250678916,Power
2021-02-17,Hubei,0.28088993238338256,Power
2021-02-18,Hubei,0.2883536437656641,Power
2021-02-19,Hubei,0.3027837736994327,Power
2021-02-20,Hubei,0.30552073523467294,Power
2021-02-21,Hubei,0.30900332752179266,Power
2021-02-22,Hubei,0.3144760166150254,Power
2021-02-23,Hubei,0.33960596326298154,Power
2021-02-24,Hubei,0.3455753281983848,Power
2021-02-25,Hubei,0.3659791419879235,Power
2021-02-26,Hubei,0.3746848514699432,Power
2021-02-27,Hubei,0.3876231029113288,Power
2021-02-28,Hubei,0.39782500980609814,Power
2021-02-01,Hunan,0.27968157236889674,Power
2021-02-02,Hunan,0.2770474895515734,Power
2021-02-03,Hunan,0.2803021476788861,Power
2021-02-04,Hunan,0.27611758722948404,Power
2021-02-05,Hunan,0.27162369976798206,Power
2021-02-06,Hunan,0.2658905829722907,Power
2021-02-07,Hunan,0.24683334922682745,Power
2021-02-08,Hunan,0.23381663800336605,Power
2021-02-09,Hunan,0.22761857004663003,Power
2021-02-10,Hunan,0.21336455077476876,Power
2021-02-11,Hunan,0.19353111757037142,Power
2021-02-12,Hunan,0.1815995485607862,Power
2021-02-13,Hunan,0.1783454668192103,Power
2021-02-14,Hunan,0.17571138400188696,Power
2021-02-15,Hunan,0.1710630251629139,Power
2021-02-16,Hunan,0.17028817060403242,Power
2021-02-17,Hunan,0.17493672157158444,Power
2021-02-18,Hunan,0.1795850804105575,Power
2021-02-19,Hunan,0.18857208681924575,Power
2021-02-20,Hunan,0.19027665157163764,Power
2021-02-21,Hunan,0.19244559109933734,Power
2021-02-22,Hunan,0.1958539520898053,Power
2021-02-23,Hunan,0.21150474613059003,Power
2021-02-24,Hunan,0.215222434133158,Power
2021-02-25,Hunan,0.22792981834451942,Power
2021-02-26,Hunan,0.23335168684232138,Power
2021-02-27,Hunan,0.24140955944323603,Power
2021-02-28,Hunan,0.24776325154891676,Power
2021-02-01,Gansu,0.36506962239250773,Power
2021-02-02,Gansu,0.3616313421678726,Power
2021-02-03,Gansu,0.3658796621536727,Power
2021-02-04,Gansu,0.360417536457644,Power
2021-02-05,Gansu,0.35455164481255186,Power
2021-02-06,Gansu,0.3470681815081674,Power
2021-02-07,Gansu,0.3221926880375946,Power
2021-02-08,Gansu,0.30520191595743223,Power
2021-02-09,Gansu,0.29711154979793347,Power
2021-02-10,Gansu,0.2785057139215165,Power
2021-02-11,Gansu,0.2526170437837281,Power
2021-02-12,Gansu,0.23704271274723743,Power
2021-02-13,Gansu,0.23279514512034868,Power
2021-02-14,Gansu,0.2293568648957136,Power
2021-02-15,Gansu,0.22328934106239334,Power
2021-02-16,Gansu,0.2222779198993041,Power
2021-02-17,Gansu,0.22834569451892817,Power
2021-02-18,Gansu,0.23441321835224843,Power
2021-02-19,Gansu,0.24614399849721783,Power
2021-02-20,Gansu,0.24836897458423188,Power
2021-02-21,Gansu,0.2512001011674489,Power
2021-02-22,Gansu,0.25564905019626183,Power
2021-02-23,Gansu,0.27607810250105935,Power
2021-02-24,Gansu,0.280930817478936,Power
2021-02-25,Gansu,0.29751782361003476,Power
2021-02-26,Gansu,0.3045950131023179,Power
2021-02-27,Gansu,0.3151129906822737,Power
2021-02-28,Gansu,0.32340649374782315,Power
2021-02-01,Fujian,0.3170705022175107,Power
2021-02-02,Fujian,0.31408428487506235,Power
2021-02-03,Fujian,0.31777403846959734,Power
2021-02-04,Fujian,0.31303006956233803,Power
2021-02-05,Fujian,0.30793542159444115,Power
2021-02-06,Fujian,0.3014358792531822,Power
2021-02-07,Fujian,0.27983099973476855,Power
2021-02-08,Fujian,0.26507416348743984,Power
2021-02-09,Fujian,0.2580475134898188,Power
2021-02-10,Fujian,0.24188796099993964,Power
2021-02-11,Fujian,0.21940311663371473,Power
2021-02-12,Fujian,0.20587648866867259,Power
2021-02-13,Fujian,0.20218738851338097,Power
2021-02-14,Fujian,0.1992011711709326,Power
2021-02-15,Fujian,0.19393140148579802,Power
2021-02-16,Fujian,0.1930529613295548,Power
2021-02-17,Fujian,0.19832294882777055,Power
2021-02-18,Fujian,0.20359271851290517,Power
2021-02-19,Fujian,0.21378114319637448,Power
2021-02-20,Fujian,0.21571358085226083,Power
2021-02-21,Fujian,0.21817247272526588,Power
2021-02-22,Fujian,0.222036476784714,Power
2021-02-23,Fujian,0.23977953037449104,Power
2021-02-24,Fujian,0.2439942134945768,Power
2021-02-25,Fujian,0.25840037068126787,Power
2021-02-26,Fujian,0.2645470558310777,Power
2021-02-27,Fujian,0.27368213645414724,Power
2021-02-28,Fujian,0.2808852150474928,Power
2021-02-01,Tibet,0.0012297785409369052,Power
2021-02-02,Tibet,0.0012181963029783663,Power
2021-02-03,Tibet,0.001232507251994971,Power
2021-02-04,Tibet,0.0012141074604021937,Power
2021-02-05,Tibet,0.0011943475372913097,Power
2021-02-06,Tibet,0.0011691386400861452,Power
2021-02-07,Tibet,0.0010853427113401597,Power
2021-02-08,Tibet,0.0010281073632955932,Power
2021-02-09,Tibet,0.0010008540448023428,Power
2021-02-10,Tibet,0.0009381781706853482,Power
2021-02-11,Tibet,0.0008509692411113174,Power
2021-02-12,Tibet,0.0007985053358085327,Power
2021-02-13,Tibet,0.0007841969211984836,Power
2021-02-14,Tibet,0.0007726146832399447,Power
2021-02-15,Tibet,0.0007521755391721922,Power
2021-02-16,Tibet,0.0007487684519594432,Power
2021-02-17,Tibet,0.000769208440829381,Power
2021-02-18,Tibet,0.0007896475848971336,Power
2021-02-19,Tibet,0.0008291640519101616,Power
2021-02-20,Tibet,0.000836659136896898,Power
2021-02-21,Tibet,0.0008461961087651653,Power
2021-02-22,Tibet,0.0008611828995298973,Power
2021-02-23,Tibet,0.0009300004855330026,Power
2021-02-24,Tibet,0.000946347407815842,Power
2021-02-25,Tibet,0.0010022226243423015,Power
2021-02-26,Tibet,0.0010260629420075068,Power
2021-02-27,Tibet,0.0010614939456531024,Power
2021-02-28,Tibet,0.0010894315539163324,Power
2021-02-01,Guizhou,0.3577225680847337,Power
2021-02-02,Guizhou,0.3543534835148074,Power
2021-02-03,Guizhou,0.35851630573322835,Power
2021-02-04,Guizhou,0.3531641057381157,Power
2021-02-05,Guizhou,0.34741626561480604,Power
2021-02-06,Guizhou,0.34008340758660754,Power
2021-02-07,Guizhou,0.3157085353407295,Power
2021-02-08,Guizhou,0.29905970385914626,Power
2021-02-09,Guizhou,0.29113215694260197,Power
2021-02-10,Guizhou,0.2729007649482306,Power
2021-02-11,Guizhou,0.24753310629370903,Power
2021-02-12,Guizhou,0.23227220987054623,Power
2021-02-13,Guizhou,0.22811012486975543,Power
2021-02-14,Guizhou,0.22474104029982914,Power
2021-02-15,Guizhou,0.218795625851631,Power
2021-02-16,Guizhou,0.2178045596174579,Power
2021-02-17,Guizhou,0.22375021980486612,Power
2021-02-18,Guizhou,0.22969563425306427,Power
2021-02-19,Guizhou,0.24119033154284342,Power
2021-02-20,Guizhou,0.24337052981449814,Power
2021-02-21,Guizhou,0.2461446797568685,Power
2021-02-22,Guizhou,0.2505040933433376,Power
2021-02-23,Guizhou,0.27052200939484716,Power
2021-02-24,Guizhou,0.2752770631095134,Power
2021-02-25,Guizhou,0.2915302544628996,Power
2021-02-26,Guizhou,0.2984650149708004,Power
2021-02-27,Guizhou,0.30877131744072805,Power
2021-02-28,Guizhou,0.31689791311742116,Power
2021-02-01,Liaoning,0.5045104105527316,Power
2021-02-02,Liaoning,0.4997588561605643,Power
2021-02-03,Liaoning,0.5056298504277645,Power
2021-02-04,Liaoning,0.49808142922707854,Power
2021-02-05,Liaoning,0.4899750209679398,Power
2021-02-06,Liaoning,0.4796331987168622,Power
2021-02-07,Liaoning,0.4452563438547853,Power
2021-02-08,Liaoning,0.4217758325441117,Power
2021-02-09,Liaoning,0.4105952968262913,Power
2021-02-10,Liaoning,0.38488283728180606,Power
2021-02-11,Liaoning,0.34910581613640623,Power
2021-02-12,Liaoning,0.32758276501588296,Power
2021-02-13,Liaoning,0.3217128104761209,Power
2021-02-14,Liaoning,0.3169612560839536,Power
2021-02-15,Liaoning,0.30857620087140103,Power
2021-02-16,Liaoning,0.3071784606187671,Power
2021-02-17,Liaoning,0.3155638624071324,Power
2021-02-18,Liaoning,0.323948917619685,Power
2021-02-19,Liaoning,0.34016034783471183,Power
2021-02-20,Liaoning,0.3432351684450188,Power
2021-02-21,Liaoning,0.3471476627946305,Power
2021-02-22,Liaoning,0.35329591771199353,Power
2021-02-23,Liaoning,0.38152798341483446,Power
2021-02-24,Liaoning,0.38823422539065056,Power
2021-02-25,Liaoning,0.41115674964287124,Power
2021-02-26,Liaoning,0.4209371190773688,Power
2021-02-27,Liaoning,0.43547250866216064,Power
2021-02-28,Liaoning,0.446933770788271,Power
2021-02-01,Chongqing,0.16603742943662556,Power
2021-02-02,Chongqing,0.16447366412950448,Power
2021-02-03,Chongqing,0.16640584387440827,Power
2021-02-04,Chongqing,0.16392161277381767,Power
2021-02-05,Chongqing,0.16125374475532306,Power
2021-02-06,Chongqing,0.1578501884632375,Power
2021-02-07,Chongqing,0.1465365574775819,Power
2021-02-08,Chongqing,0.13880897909994133,Power
2021-02-09,Chongqing,0.13512939713001237,Power
2021-02-10,Chongqing,0.1266672710807555,Power
2021-02-11,Chongqing,0.11489283689737785,Power
2021-02-12,Chongqing,0.10780947051496848,Power
2021-02-13,Chongqing,0.10587763295065705,Power
2021-02-14,Chongqing,0.10431386764353598,Power
2021-02-15,Chongqing,0.10155429522628676,Power
2021-02-16,Chongqing,0.10109429044994689,Power
2021-02-17,Chongqing,0.1038539769273936,Power
2021-02-18,Chongqing,0.10661354934464284,Power
2021-02-19,Chongqing,0.11194882914084232,Power
2021-02-20,Chongqing,0.11296077121267152,Power
2021-02-21,Chongqing,0.11424839678175172,Power
2021-02-22,Chongqing,0.11627182468462025,Power
2021-02-23,Chongqing,0.1255631683693819,Power
2021-02-24,Chongqing,0.12777023319015454,Power
2021-02-25,Chongqing,0.135314174649891,Power
2021-02-26,Chongqing,0.13853295342209793,Power
2021-02-27,Chongqing,0.14331663810340042,Power
2021-02-28,Chongqing,0.14708860883326869,Power
2021-02-01,Shaanxi,0.6980533041270878,Power
2021-02-02,Shaanxi,0.6914789338587753,Power
2021-02-03,Shaanxi,0.6996021893179447,Power
2021-02-04,Shaanxi,0.6891580037275841,Power
2021-02-05,Shaanxi,0.6779417731968892,Power
2021-02-06,Shaanxi,0.6636325675946687,Power
2021-02-07,Shaanxi,0.6160678858358134,Power
2021-02-08,Shaanxi,0.5835796593093242,Power
2021-02-09,Shaanxi,0.5681099886415081,Power
2021-02-10,Shaanxi,0.5325335823536819,Power
2021-02-11,Shaanxi,0.48303159527870815,Power
2021-02-12,Shaanxi,0.45325175994663397,Power
2021-02-13,Shaanxi,0.4451299430805211,Power
2021-02-14,Shaanxi,0.4385555728122087,Power
2021-02-15,Shaanxi,0.4269537993423655,Power
2021-02-16,Shaanxi,0.425019850743379,Power
2021-02-17,Shaanxi,0.4366221037442411,Power
2021-02-18,Shaanxi,0.4482238772140843,Power
2021-02-19,Shaanxi,0.47065442015139874,Power
2021-02-20,Shaanxi,0.4749088193505576,Power
2021-02-21,Shaanxi,0.4803222450222555,Power
2021-02-22,Shaanxi,0.4888291252964978,Power
2021-02-23,Shaanxi,0.5278917220912993,Power
2021-02-24,Shaanxi,0.5371706473058759,Power
2021-02-25,Shaanxi,0.5688868288920308,Power
2021-02-26,Shaanxi,0.5824191942437286,Power
2021-02-27,Shaanxi,0.6025307251739271,Power
2021-02-28,Shaanxi,0.6183888159670046,Power
2021-02-01,Qinghai,0.1288024270328187,Power
2021-02-02,Qinghai,0.12758934653915932,Power
2021-02-03,Qinghai,0.12908822207253567,Power
2021-02-04,Qinghai,0.1271610963867661,Power
2021-02-05,Qinghai,0.12509151558832024,Power
2021-02-06,Qinghai,0.12245122952480486,Power
2021-02-07,Qinghai,0.11367475584383677,Power
2021-02-08,Qinghai,0.10768013852469582,Power
2021-02-09,Qinghai,0.10482572738498383,Power
2021-02-10,Qinghai,0.09826128961513785,Power
2021-02-11,Qinghai,0.0891273509309324,Power
2021-02-12,Qinghai,0.08363247676483217,Power
2021-02-13,Qinghai,0.08213386667576514,Power
2021-02-14,Qinghai,0.08092078618210577,Power
2021-02-15,Qinghai,0.07878006630875824,Power
2021-02-16,Qinghai,0.078423220675576,Power
2021-02-17,Qinghai,0.08056402903036,Power
2021-02-18,Qinghai,0.08270474890370753,Power
2021-02-19,Qinghai,0.08684355657485346,Power
2021-02-20,Qinghai,0.08762856387899248,Power
2021-02-21,Qinghai,0.08862743081501878,Power
2021-02-22,Qinghai,0.09019709149755102,Power
2021-02-23,Qinghai,0.09740478931035135,Power
2021-02-24,Qinghai,0.09911690510555987,Power
2021-02-25,Qinghai,0.10496906731202454,Power
2021-02-26,Qinghai,0.10746601344849921,Power
2021-02-27,Qinghai,0.11117692489299766,Power
2021-02-28,Qinghai,0.11410300599623,Power
2021-02-01,Heilongjiang,0.26337281189980166,Power
2021-02-02,Heilongjiang,0.2608923274241911,Power
2021-02-03,Heilongjiang,0.26395720029194036,Power
2021-02-04,Heilongjiang,0.260016649461977,Power
2021-02-05,Heilongjiang,0.2557848090619383,Power
2021-02-06,Heilongjiang,0.2503860011296101,Power
2021-02-07,Heilongjiang,0.23244003066018562,Power
2021-02-08,Heilongjiang,0.22018234844117648,Power
2021-02-09,Heilongjiang,0.2143457015277413,Power
2021-02-10,Heilongjiang,0.2009228610284308,Power
2021-02-11,Heilongjiang,0.18224595275583583,Power
2021-02-12,Heilongjiang,0.17101013605967488,Power
2021-02-13,Heilongjiang,0.16794580596752198,Power
2021-02-14,Heilongjiang,0.16546532149191143,Power
2021-02-15,Heilongjiang,0.16108801723203386,Power
2021-02-16,Heilongjiang,0.16035834590525502,Power
2021-02-17,Heilongjiang,0.16473583109033144,Power
2021-02-18,Heilongjiang,0.16911313535020903,Power
2021-02-19,Heilongjiang,0.17757609244949124,Power
2021-02-20,Heilongjiang,0.17918126081328534,Power
2021-02-21,Heilongjiang,0.18122372538259002,Power
2021-02-22,Heilongjiang,0.18443333840938295,Power
2021-02-23,Heilongjiang,0.1991715051040026,Power
2021-02-24,Heilongjiang,0.20267240770087092,Power
2021-02-25,Heilongjiang,0.21463880034980468,Power
2021-02-26,Heilongjiang,0.21974450946006943,Power
2021-02-27,Heilongjiang,0.22733251229793278,Power
2021-02-28,Heilongjiang,0.23331570862239967,Power
2021-03-01,Shanghai,0.10717887251502037,Power
2021-03-02,Shanghai,0.11576852004092661,Power
2021-03-03,Shanghai,0.11973772147384108,Power
2021-03-04,Shanghai,0.12364258097772256,Power
2021-03-05,Shanghai,0.12683098440696622,Power
2021-03-06,Shanghai,0.1321678865745958,Power
2021-03-07,Shanghai,0.12962985831990195,Power
2021-03-08,Shanghai,0.13041065632357277,Power
2021-03-09,Shanghai,0.12780741665431844,Power
2021-03-10,Shanghai,0.1291742479035061,Power
2021-03-11,Shanghai,0.13002025732173736,Power
2021-03-12,Shanghai,0.12663621964881225,Power
2021-03-13,Shanghai,0.12175579738310603,Power
2021-03-14,Shanghai,0.11902213488473076,Power
2021-03-15,Shanghai,0.11726490463370773,Power
2021-03-16,Shanghai,0.11765617312107061,Power
2021-03-17,Shanghai,0.1199333557175225,Power
2021-03-18,Shanghai,0.12240617255765586,Power
2021-03-19,Shanghai,0.12260180680133731,Power
2021-03-20,Shanghai,0.12162537455398506,Power
2021-03-21,Shanghai,0.12025854330479743,Power
2021-03-22,Shanghai,0.11765617312107061,Power
2021-03-23,Shanghai,0.12025854330479743,Power
2021-03-24,Shanghai,0.12032375471935793,Power
2021-03-25,Shanghai,0.12273136014493079,Power
2021-03-26,Shanghai,0.12325218197588714,Power
2021-03-27,Shanghai,0.12422861422323937,Power
2021-03-28,Shanghai,0.12370779239228302,Power
2021-03-29,Shanghai,0.12169058596854554,Power
2021-03-30,Shanghai,0.1235121581486016,Power
2021-03-31,Shanghai,0.12474856656866827,Power
2021-03-01,Yunnan,0.1564375188875017,Power
2021-03-02,Yunnan,0.16897490723223005,Power
2021-03-03,Yunnan,0.1747683253710786,Power
2021-03-04,Yunnan,0.18046783048861834,Power
2021-03-05,Yunnan,0.18512160142293546,Power
2021-03-06,Yunnan,0.19291130581203783,Power
2021-03-07,Yunnan,0.1892068178498694,Power
2021-03-08,Yunnan,0.19034646505440084,Power
2021-03-09,Yunnan,0.18654679497604099,Power
2021-03-10,Yunnan,0.18854181213141233,Power
2021-03-11,Yunnan,0.1897766414521351,Power
2021-03-12,Yunnan,0.18483732416924387,Power
2021-03-13,Yunnan,0.1777138945934811,Power
2021-03-14,Yunnan,0.17372386028273853,Power
2021-03-15,Yunnan,0.17115901952510154,Power
2021-03-16,Yunnan,0.17173011222224982,Power
2021-03-17,Yunnan,0.1750538717196527,Power
2021-03-18,Yunnan,0.17866317756562977,Power
2021-03-19,Yunnan,0.17894872391420394,Power
2021-03-20,Yunnan,0.17752353036109836,Power
2021-03-21,Yunnan,0.17552851320572707,Power
2021-03-22,Yunnan,0.17173011222224982,Power
2021-03-23,Yunnan,0.17552851320572707,Power
2021-03-24,Yunnan,0.17562369532191846,Power
2021-03-25,Yunnan,0.17913781905170412,Power
2021-03-26,Yunnan,0.17989800688635257,Power
2021-03-27,Yunnan,0.18132320043945815,Power
2021-03-28,Yunnan,0.1805630126048097,Power
2021-03-29,Yunnan,0.17761871247728972,Power
2021-03-30,Yunnan,0.18027746625623559,Power
2021-03-31,Yunnan,0.1820821191792241,Power
2021-03-01,InnerMongolia,0.9981259584335521,Power
2021-03-02,InnerMongolia,1.0781188709191731,Power
2021-03-03,InnerMongolia,1.1150829002234408,Power
2021-03-04,InnerMongolia,1.1514477316813745,Power
2021-03-05,InnerMongolia,1.1811404141476942,Power
2021-03-06,InnerMongolia,1.2308414463206612,Power
2021-03-07,InnerMongolia,1.2072055204632335,Power
2021-03-08,InnerMongolia,1.2144768673011817,Power
2021-03-09,InnerMongolia,1.1902336463292258,Power
2021-03-10,InnerMongolia,1.2029625519297318,Power
2021-03-11,InnerMongolia,1.2108411938822075,Power
2021-03-12,InnerMongolia,1.1793266260723039,Power
2021-03-13,InnerMongolia,1.1338766597010324,Power
2021-03-14,InnerMongolia,1.1084188485000208,Power
2021-03-15,InnerMongolia,1.0920542694805413,Power
2021-03-16,InnerMongolia,1.095698040167709,Power
2021-03-17,InnerMongolia,1.1169047855670247,Power
2021-03-18,InnerMongolia,1.1399334163099244,Power
2021-03-19,InnerMongolia,1.1417553016535082,Power
2021-03-20,InnerMongolia,1.1326620694719765,Power
2021-03-21,InnerMongolia,1.1199331638714707,Power
2021-03-22,InnerMongolia,1.095698040167709,Power
2021-03-23,InnerMongolia,1.1199331638714707,Power
2021-03-24,InnerMongolia,1.1205404589859989,Power
2021-03-25,InnerMongolia,1.1429617946143704,Power
2021-03-26,InnerMongolia,1.1478120582624003,Power
2021-03-27,InnerMongolia,1.156905290443932,Power
2021-03-28,InnerMongolia,1.1520550267959022,Power
2021-03-29,InnerMongolia,1.1332693645865044,Power
2021-03-30,InnerMongolia,1.1502331414523186,Power
2021-03-31,InnerMongolia,1.1617474568237685,Power
2021-03-01,Beijing,0.07321545508534945,Power
2021-03-02,Beijing,0.07908316891620577,Power
2021-03-03,Beijing,0.08179458845642838,Power
2021-03-04,Beijing,0.08446205508406032,Power
2021-03-05,Beijing,0.08664010009041219,Power
2021-03-06,Beijing,0.09028581600232595,Power
2021-03-07,Beijing,0.08855205178810693,Power
2021-03-08,Beijing,0.08908542632197768,Power
2021-03-09,Beijing,0.08730711523688972,Power
2021-03-10,Beijing,0.08824081765030264,Power
2021-03-11,Beijing,0.0888187390550423,Power
2021-03-12,Beijing,0.08650705343608363,Power
2021-03-13,Beijing,0.08317316562025241,Power
2021-03-14,Beijing,0.08130576079342659,Power
2021-03-15,Beijing,0.08010537111307832,Power
2021-03-16,Beijing,0.08037265233829194,Power
2021-03-17,Beijing,0.08192822906903519,Power
2021-03-18,Beijing,0.08361744641238526,Power
2021-03-19,Beijing,0.08375108702499208,Power
2021-03-20,Beijing,0.08308407187851453,Power
2021-03-21,Beijing,0.08215036946510162,Power
2021-03-22,Beijing,0.08037265233829194,Power
2021-03-23,Beijing,0.08215036946510162,Power
2021-03-24,Beijing,0.08219491633597058,Power
2021-03-25,Beijing,0.0838395868084517,Power
2021-03-26,Beijing,0.08419536781712493,Power
2021-03-27,Beijing,0.08486238296360248,Power
2021-03-28,Beijing,0.08450660195492925,Power
2021-03-29,Beijing,0.08312861874938346,Power
2021-03-30,Beijing,0.08437296134232244,Power
2021-03-31,Beijing,0.08521757001399748,Power
2021-03-01,Jilin,0.13575348134276788,Power
2021-03-02,Jilin,0.1466331867155376,Power
2021-03-03,Jilin,0.15166060396694905,Power
2021-03-04,Jilin,0.15660652529796523,Power
2021-03-05,Jilin,0.16064497854241774,Power
2021-03-06,Jilin,0.16740473475033965,Power
2021-03-07,Jilin,0.16419005107961235,Power
2021-03-08,Jilin,0.1651790150865713,Power
2021-03-09,Jilin,0.16188173419922716,Power
2021-03-10,Jilin,0.1636129718595161,Power
2021-03-11,Jilin,0.1646845330830918,Power
2021-03-12,Jilin,0.1603982881887888,Power
2021-03-13,Jilin,0.15421671249718474,Power
2021-03-14,Jilin,0.15075423717660696,Power
2021-03-15,Jilin,0.1485285175128386,Power
2021-03-16,Jilin,0.14902410081253964,Power
2021-03-17,Jilin,0.15190839561679953,Power
2021-03-18,Jilin,0.15504048207090998,Power
2021-03-19,Jilin,0.1552882737207605,Power
2021-03-20,Jilin,0.15405151806395107,Power
2021-03-21,Jilin,0.15232028040366216,Power
2021-03-22,Jilin,0.14902410081253964,Power
2021-03-23,Jilin,0.15232028040366216,Power
2021-03-24,Jilin,0.15240287762027901,Power
2021-03-25,Jilin,0.1554523668577726,Power
2021-03-26,Jilin,0.15611204329448575,Power
2021-03-27,Jilin,0.15734879895129517,Power
2021-03-28,Jilin,0.15668912251458206,Power
2021-03-29,Jilin,0.1541341152805679,Power
2021-03-30,Jilin,0.15644133086473155,Power
2021-03-31,Jilin,0.15800737409178678,Power
2021-03-01,Sichuan,0.17766056621129409,Power
2021-03-02,Sichuan,0.1918988354447578,Power
2021-03-03,Sichuan,0.19847821585277095,Power
2021-03-04,Sichuan,0.2049509425586608,Power
2021-03-05,Sichuan,0.21023606587874497,Power
2021-03-06,Sichuan,0.21908255809000118,Power
2021-03-07,Sichuan,0.21487550192110952,Power
2021-03-08,Sichuan,0.21616975900903854,Power
2021-03-09,Sichuan,0.21185460787177862,Power
2021-03-10,Sichuan,0.21412027840877682,Power
2021-03-11,Sichuan,0.215522630465074,Power
2021-03-12,Sichuan,0.20991322223988515,Power
2021-03-13,Sichuan,0.20182339480720654,Power
2021-03-14,Sichuan,0.1972920537332102,Power
2021-03-15,Sichuan,0.19437925465224754,Power
2021-03-16,Sichuan,0.19502782446245695,Power
2021-03-17,Sichuan,0.19880250075787564,Power
2021-03-18,Sichuan,0.20290146195839906,Power
2021-03-19,Sichuan,0.20322574686350378,Power
2021-03-20,Sichuan,0.20160720487047007,Power
2021-03-21,Sichuan,0.1993415343334719,Power
2021-03-22,Sichuan,0.19502782446245695,Power
2021-03-23,Sichuan,0.1993415343334719,Power
2021-03-24,Sichuan,0.19944962930184015,Power
2021-03-25,Sichuan,0.20344049553399532,Power
2021-03-26,Sichuan,0.20430381401469627,Power
2021-03-27,Sichuan,0.20592235600772996,Power
2021-03-28,Sichuan,0.205059037527029,Power
2021-03-29,Sichuan,0.2017152998388383,Power
2021-03-30,Sichuan,0.20473475262192434,Power
2021-03-31,Sichuan,0.20678423322218603,Power
2021-03-01,Tianjin,0.1453383596146776,Power
2021-03-02,Tianjin,0.15698622688356056,Power
2021-03-03,Tianjin,0.16236860506783538,Power
2021-03-04,Tianjin,0.16766373331002118,Power
2021-03-05,Tianjin,0.17198732165651312,Power
2021-03-06,Tianjin,0.17922435063681516,Power
2021-03-07,Tianjin,0.1757826941373851,Power
2021-03-08,Tianjin,0.176841483975168,Power
2021-03-09,Tianjin,0.1733113984803774,Power
2021-03-10,Tianjin,0.1751648702231332,Power
2021-03-11,Tianjin,0.17631208905627652,Power
2021-03-12,Tianjin,0.17172321372370314,Power
2021-03-13,Tianjin,0.1651051877109245,Power
2021-03-14,Tianjin,0.161398244225413,Power
2021-03-15,Tianjin,0.15901537756376583,Power
2021-03-16,Tianjin,0.15954595153592874,Power
2021-03-17,Tianjin,0.16263389205391682,Power
2021-03-18,Tianjin,0.16598711955798637,Power
2021-03-19,Tianjin,0.16625240654406784,Power
2021-03-20,Tianjin,0.16492832972020352,Power
2021-03-21,Tianjin,0.16307485797744778,Power
2021-03-22,Tianjin,0.15954595153592874,Power
2021-03-23,Tianjin,0.16307485797744778,Power
2021-03-24,Tianjin,0.16316328697280827,Power
2021-03-25,Tianjin,0.16642808548151733,Power
2021-03-26,Tianjin,0.16713433839112973,Power
2021-03-27,Tianjin,0.16845841521499405,Power
2021-03-28,Tianjin,0.16775216230538165,Power
2021-03-29,Tianjin,0.16501675871556398,Power
2021-03-30,Tianjin,0.1674868753193002,Power
2021-03-31,Tianjin,0.169163489071335,Power
2021-03-01,Ningxia,0.3063051481900245,Power
2021-03-02,Ningxia,0.3308533935352447,Power
2021-03-03,Ningxia,0.34219692425707177,Power
2021-03-04,Ningxia,0.35335657299129425,Power
2021-03-05,Ningxia,0.36246867094462176,Power
2021-03-06,Ningxia,0.37772093634890974,Power
2021-03-07,Ningxia,0.37046753740542376,Power
2021-03-08,Ningxia,0.37269897017392345,Power
2021-03-09,Ningxia,0.3652592043511084,Power
2021-03-10,Ningxia,0.369165454141845,Power
2021-03-11,Ningxia,0.37158325378967355,Power
2021-03-12,Ningxia,0.361912055198359,Power
2021-03-13,Ningxia,0.34796435794937425,Power
2021-03-14,Ningxia,0.3401518583679012,Power
2021-03-15,Ningxia,0.3351298921929149,Power
2021-03-16,Ningxia,0.3362480934688891,Power
2021-03-17,Ningxia,0.34275602489505885,Power
2021-03-18,Ningxia,0.34982305695921573,Power
2021-03-19,Ningxia,0.35038215759720287,Power
2021-03-20,Ningxia,0.34759162419071615,Power
2021-03-21,Ningxia,0.34368537439997965,Power
2021-03-22,Ningxia,0.3362480934688891,Power
2021-03-23,Ningxia,0.34368537439997965,Power
2021-03-24,Ningxia,0.3438717412793087,Power
2021-03-25,Ningxia,0.3507524064641365,Power
2021-03-26,Ningxia,0.3522408566070444,Power
2021-03-27,Ningxia,0.3550313900135311,Power
2021-03-28,Ningxia,0.35354293987062324,Power
2021-03-29,Ningxia,0.34777799107004514,Power
2021-03-30,Ningxia,0.3529838392326362,Power
2021-03-31,Ningxia,0.3565173552647147,Power
2021-03-01,Anhui,0.5310031071283089,Power
2021-03-02,Anhui,0.5735593443639078,Power
2021-03-03,Anhui,0.5932242115549705,Power
2021-03-04,Anhui,0.6125703054334071,Power
2021-03-05,Anhui,0.6283668153982761,Power
2021-03-06,Anhui,0.6548077693563796,Power
2021-03-07,Anhui,0.642233454497516,Power
2021-03-08,Anhui,0.6461018117237098,Power
2021-03-09,Anhui,0.6332044158047521,Power
2021-03-10,Anhui,0.6399761948243252,Power
2021-03-11,Anhui,0.6441676331106129,Power
2021-03-12,Anhui,0.6274018799654616,Power
2021-03-13,Anhui,0.6032224934280168,Power
2021-03-14,Anhui,0.589678935388871,Power
2021-03-15,Anhui,0.580972977756201,Power
2021-03-16,Anhui,0.5829114641167659,Power
2021-03-17,Anhui,0.5941934547352529,Power
2021-03-18,Anhui,0.6064446885340222,Power
2021-03-19,Anhui,0.6074139317143047,Power
2021-03-20,Anhui,0.6025763313078286,Power
2021-03-21,Anhui,0.5958045522882556,Power
2021-03-22,Anhui,0.5829114641167659,Power
2021-03-23,Anhui,0.5958045522882556,Power
2021-03-24,Anhui,0.5961276333483498,Power
2021-03-25,Anhui,0.608055786087025,Power
2021-03-26,Anhui,0.6106361268203101,Power
2021-03-27,Anhui,0.6154737272267863,Power
2021-03-28,Anhui,0.6128933864935011,Power
2021-03-29,Anhui,0.6028994123679227,Power
2021-03-30,Anhui,0.6119241433132188,Power
2021-03-31,Anhui,0.6180497602126035,Power
2021-03-01,Shandong,1.1193633227921456,Power
2021-03-02,Shandong,1.209072573977488,Power
2021-03-03,Shandong,1.2505264389092714,Power
2021-03-04,Shandong,1.2913083244314267,Power
2021-03-05,Shandong,1.3246076284193458,Power
2021-03-06,Shandong,1.3803455962071411,Power
2021-03-07,Shandong,1.353838732738165,Power
2021-03-08,Shandong,1.3619932936820296,Power
2021-03-09,Shandong,1.3348053700005924,Power
2021-03-10,Shandong,1.349080392053772,Power
2021-03-11,Shandong,1.3579160132100971,Power
2021-03-12,Shandong,1.322573528584796,Power
2021-03-13,Shandong,1.2716029822842263,Power
2021-03-14,Shandong,1.2430529381778677,Power
2021-03-15,Shandong,1.224700635652756,Power
2021-03-16,Shandong,1.2287869969275214,Power
2021-03-17,Shandong,1.2525696195466538,Power
2021-03-18,Shandong,1.2783954228031689,Power
2021-03-19,Shandong,1.2804386034405517,Power
2021-03-20,Shandong,1.2702408618593046,Power
2021-03-21,Shandong,1.2559658398061253,Power
2021-03-22,Shandong,1.2287869969275214,Power
2021-03-23,Shandong,1.2559658398061253,Power
2021-03-24,Shandong,1.2566469000185863,Power
2021-03-25,Shandong,1.2817916430626404,Power
2021-03-26,Shandong,1.2872310439594943,Power
2021-03-27,Shandong,1.2974287855407414,Power
2021-03-28,Shandong,1.2919893846438875,Power
2021-03-29,Shandong,1.2709219220717654,Power
2021-03-30,Shandong,1.289946204006505,Power
2021-03-31,Shandong,1.3028591056347627,Power
2021-03-01,Shanxi,0.5942364112474497,Power
2021-03-02,Shanxi,0.6418603617509385,Power
2021-03-03,Shanxi,0.6638669751782517,Power
2021-03-04,Shanxi,0.6855168548939282,Power
2021-03-05,Shanxi,0.7031944565232726,Power
2021-03-06,Shanxi,0.7327840716857804,Power
2021-03-07,Shanxi,0.7187123729794656,Power
2021-03-08,Shanxi,0.7230413847774343,Power
2021-03-09,Shanxi,0.7086081316336499,Power
2021-03-10,Shanxi,0.7161863126430117,Power
2021-03-11,Shanxi,0.7208768788784499,Power
2021-03-12,Shanxi,0.7021146139366969,Power
2021-03-13,Shanxi,0.675055879836476,Power
2021-03-14,Shanxi,0.6598995178177525,Power
2021-03-15,Shanxi,0.6501568309094065,Power
2021-03-16,Shanxi,0.6523261575342237,Power
2021-03-17,Shanxi,0.6649516384906603,Power
2021-03-18,Shanxi,0.6786617827595055,Power
2021-03-19,Shanxi,0.6797464460719143,Power
2021-03-20,Shanxi,0.6743327709615369,Power
2021-03-21,Shanxi,0.6667545899521751,Power
2021-03-22,Shanxi,0.6523261575342237,Power
2021-03-23,Shanxi,0.6667545899521751,Power
2021-03-24,Shanxi,0.6671161443896447,Power
2021-03-25,Shanxi,0.6804647342210204,Power
2021-03-26,Shanxi,0.6833523489949438,Power
2021-03-27,Shanxi,0.6887660241053212,Power
2021-03-28,Shanxi,0.6858784093313978,Power
2021-03-29,Shanxi,0.6746943253990063,Power
2021-03-30,Shanxi,0.6847937460189891,Power
2021-03-31,Shanxi,0.6916488181534117,Power
2021-03-01,Guangdong,0.6278905707343921,Power
2021-03-02,Guangdong,0.6782116700414659,Power
2021-03-03,Guangdong,0.7014646124786348,Power
2021-03-04,Guangdong,0.7243406178423425,Power
2021-03-05,Guangdong,0.7430193779556171,Power
2021-03-06,Guangdong,0.774284780075955,Power
2021-03-07,Guangdong,0.7594161406511803,Power
2021-03-08,Guangdong,0.7639903229750747,Power
2021-03-09,Guangdong,0.7487396527326029,Power
2021-03-10,Guangdong,0.756747018671536,Power
2021-03-11,Guangdong,0.7617032318131275,Power
2021-03-12,Guangdong,0.7418783792467615,Power
2021-03-13,Guangdong,0.7132871928503038,Power
2021-03-14,Guangdong,0.6972724609724377,Power
2021-03-15,Guangdong,0.6869780038715574,Power
2021-03-16,Guangdong,0.6892701887777406,Power
2021-03-17,Guangdong,0.7026107049317263,Power
2021-03-18,Guangdong,0.7170973135388037,Power
2021-03-19,Guangdong,0.7182434059918953,Power
2021-03-20,Guangdong,0.7125231312149094,Power
2021-03-21,Guangdong,0.7045157652759764,Power
2021-03-22,Guangdong,0.6892701887777406,Power
2021-03-23,Guangdong,0.7045157652759764,Power
2021-03-24,Guangdong,0.7048977960936736,Power
2021-03-25,Guangdong,0.7190023738830537,Power
2021-03-26,Guangdong,0.7220535266803952,Power
2021-03-27,Guangdong,0.7277738014573811,Power
2021-03-28,Guangdong,0.7247226486600397,Power
2021-03-29,Guangdong,0.7129051620326066,Power
2021-03-30,Guangdong,0.7235765562069482,Power
2021-03-31,Guangdong,0.7308198605104869,Power
2021-03-01,Guangxi,0.22117011258513164,Power
2021-03-02,Guangxi,0.23889537191835558,Power
2021-03-03,Guangxi,0.24708606013134954,Power
2021-03-04,Guangxi,0.255143974866192,Power
2021-03-05,Guangxi,0.2617234389794557,Power
2021-03-06,Guangxi,0.27273646072126445,Power
2021-03-07,Guangxi,0.26749908527904553,Power
2021-03-08,Guangxi,0.2691103093787758,Power
2021-03-09,Guangxi,0.2637383662222141,Power
2021-03-10,Guangxi,0.2665589055148377,Power
2021-03-11,Guangxi,0.2683046973289106,Power
2021-03-12,Guangxi,0.26132153007261877,Power
2021-03-13,Guangxi,0.2512504823312091,Power
2021-03-14,Guangxi,0.24560940374596202,Power
2021-03-15,Guangxi,0.24198325240347335,Power
2021-03-16,Guangxi,0.24279065868952973,Power
2021-03-17,Guangxi,0.2474897632743777,Power
2021-03-18,Guangxi,0.25259257100225385,Power
2021-03-19,Guangxi,0.2529962741452821,Power
2021-03-20,Guangxi,0.25098134690252366,Power
2021-03-21,Guangxi,0.2481608076099001,Power
2021-03-22,Guangxi,0.24279065868952973,Power
2021-03-23,Guangxi,0.2481608076099001,Power
2021-03-24,Guangxi,0.24829537532424287,Power
2021-03-25,Guangxi,0.2532636153377763,Power
2021-03-26,Guangxi,0.2543383628163268,Power
2021-03-27,Guangxi,0.2563532900590853,Power
2021-03-28,Guangxi,0.25527854258053473,Power
2021-03-29,Guangxi,0.25111591461686633,Power
2021-03-30,Guangxi,0.25487483943750655,Power
2021-03-31,Guangxi,0.25742624330144465,Power
2021-03-01,Xinjiang,0.6863783713933138,Power
2021-03-02,Xinjiang,0.7413868645909624,Power
2021-03-03,Xinjiang,0.766805810987082,Power
2021-03-04,Xinjiang,0.791812708745017,Power
2021-03-05,Xinjiang,0.8122313892345177,Power
2021-03-06,Xinjiang,0.8464091533044809,Power
2021-03-07,Xinjiang,0.8301555049955491,Power
2021-03-08,Xinjiang,0.8351557709021682,Power
2021-03-09,Xinjiang,0.8184845057302114,Power
2021-03-10,Xinjiang,0.8272377551792148,Power
2021-03-11,Xinjiang,0.8326556379488586,Power
2021-03-12,Xinjiang,0.8109841068702831,Power
2021-03-13,Xinjiang,0.7797296608414945,Power
2021-03-14,Xinjiang,0.762223161943488,Power
2021-03-15,Xinjiang,0.7509697795411753,Power
2021-03-16,Xinjiang,0.7534754807193251,Power
2021-03-17,Xinjiang,0.7680586615761568,Power
2021-03-18,Xinjiang,0.7838946930220635,Power
2021-03-19,Xinjiang,0.7851475436111385,Power
2021-03-20,Xinjiang,0.7788944271154447,Power
2021-03-21,Xinjiang,0.7701411776664413,Power
2021-03-22,Xinjiang,0.7534754807193251,Power
2021-03-23,Xinjiang,0.7701411776664413,Power
2021-03-24,Xinjiang,0.7705587945294664,Power
2021-03-25,Xinjiang,0.785977209112348,Power
2021-03-26,Xinjiang,0.7893125757917074,Power
2021-03-27,Xinjiang,0.7955656922874013,Power
2021-03-28,Xinjiang,0.7922303256080419,Power
2021-03-29,Xinjiang,0.7793120439784695,Power
2021-03-30,Xinjiang,0.7909774750189671,Power
2021-03-31,Xinjiang,0.7988954907419205,Power
2021-03-01,Jiangsu,0.9017930485383838,Power
2021-03-02,Jiangsu,0.974065542608254,Power
2021-03-03,Jiangsu,1.0074620336932785,Power
2021-03-04,Jiangsu,1.0403171577815251,Power
2021-03-05,Jiangsu,1.0671440872029456,Power
2021-03-06,Jiangsu,1.1120482848546172,Power
2021-03-07,Jiangsu,1.090693551562791,Power
2021-03-08,Jiangsu,1.097263113226395,Power
2021-03-09,Jiangsu,1.0753596971675639,Power
2021-03-10,Jiangsu,1.0868600879639843,Power
2021-03-11,Jiangsu,1.0939783323945929,Power
2021-03-12,Jiangsu,1.065505354672158,Power
2021-03-13,Jiangsu,1.0244419363895199,Power
2021-03-14,Jiangsu,1.0014411547966793,Power
2021-03-15,Jiangsu,0.9866559831684572,Power
2021-03-16,Jiangsu,0.9899480797704859,Power
2021-03-17,Jiangsu,1.0091080819942928,Power
2021-03-18,Jiangsu,1.0299141325191141,Power
2021-03-19,Jiangsu,1.0315601808201287,Power
2021-03-20,Jiangsu,1.0233445708555102,Power
2021-03-21,Jiangsu,1.01184418005909,Power
2021-03-22,Jiangsu,0.9899480797704859,Power
2021-03-23,Jiangsu,1.01184418005909,Power
2021-03-24,Jiangsu,1.012392862826095,Power
2021-03-25,Jiangsu,1.0326502305839114,Power
2021-03-26,Jiangsu,1.037032376949723,Power
2021-03-27,Jiangsu,1.0452479869143414,Power
2021-03-28,Jiangsu,1.0408658405485298,Power
2021-03-29,Jiangsu,1.023893253622515,Power
2021-03-30,Jiangsu,1.0392197922475155,Power
2021-03-31,Jiangsu,1.0496228175099263,Power
2021-03-01,Jiangxi,0.1836391049575909,Power
2021-03-02,Jiangxi,0.19835651284352987,Power
2021-03-03,Jiangxi,0.20515729905663965,Power
2021-03-04,Jiangxi,0.2118478425140495,Power
2021-03-05,Jiangxi,0.2173108179890711,Power
2021-03-06,Jiangxi,0.22645500764428855,Power
2021-03-07,Jiangxi,0.22210637786201748,Power
2021-03-08,Jiangxi,0.22344418860010568,Power
2021-03-09,Jiangxi,0.21898382629516575,Power
2021-03-10,Jiangxi,0.22132573997030458,Power
2021-03-11,Jiangxi,0.22277528323106155,Power
2021-03-12,Jiangxi,0.21697711018803348,Power
2021-03-13,Jiangxi,0.20861504819149784,Power
2021-03-14,Jiangxi,0.20393122084122028,Power
2021-03-15,Jiangxi,0.2009204017970374,Power
2021-03-16,Jiangxi,0.20159079693305043,Power
2021-03-17,Jiangxi,0.20549249662464614,Power
2021-03-18,Jiangxi,0.20972939388424836,Power
2021-03-19,Jiangxi,0.2100645914522549,Power
2021-03-20,Jiangxi,0.2083915831461602,Power
2021-03-21,Jiangxi,0.2060496694710214,Power
2021-03-22,Jiangxi,0.20159079693305043,Power
2021-03-23,Jiangxi,0.2060496694710214,Power
2021-03-24,Jiangxi,0.20616140199369026,Power
2021-03-25,Jiangxi,0.21028656673062363,Power
2021-03-26,Jiangxi,0.21117893714500538,Power
2021-03-27,Jiangxi,0.2128519454511001,Power
2021-03-28,Jiangxi,0.21195957503671833,Power
2021-03-29,Jiangxi,0.208503315668829,Power
2021-03-30,Jiangxi,0.21162437746871185,Power
2021-03-31,Jiangxi,0.21374282609851294,Power
2021-03-01,Hebei,0.707569538923226,Power
2021-03-02,Hebei,0.7642763580639738,Power
2021-03-03,Hebei,0.7904800861110952,Power
2021-03-04,Hebei,0.8162590439773872,Power
2021-03-05,Hebei,0.8373081284787661,Power
2021-03-06,Hebei,0.8725410929373053,Power
2021-03-07,Hebei,0.8557856313448523,Power
2021-03-08,Hebei,0.8609402748905951,Power
2021-03-09,Hebei,0.8437543029797336,Power
2021-03-10,Hebei,0.8527777992535728,Power
2021-03-11,Hebei,0.8583629531177236,Power
2021-03-12,Hebei,0.8360223376611198,Power
2021-03-13,Hebei,0.8038029454314389,Power
2021-03-14,Hebei,0.785755952883761,Power
2021-03-15,Hebei,0.7741551348370507,Power
2021-03-16,Hebei,0.7767381967475008,Power
2021-03-17,Hebei,0.7917716170663203,Power
2021-03-18,Hebei,0.8080965683403648,Power
2021-03-19,Hebei,0.80938809929559,Power
2021-03-20,Hebei,0.8029419247946222,Power
2021-03-21,Hebei,0.7939184285207832,Power
2021-03-22,Hebei,0.7767381967475008,Power
2021-03-23,Hebei,0.7939184285207832,Power
2021-03-24,Hebei,0.7943489388391917,Power
2021-03-25,Hebei,0.8102433797948277,Power
2021-03-26,Hebei,0.8136817222045157,Power
2021-03-27,Hebei,0.8201278967054835,Power
2021-03-28,Hebei,0.8166895542957955,Power
2021-03-29,Hebei,0.8033724351130305,Power
2021-03-30,Hebei,0.8153980233405705,Power
2021-03-31,Hebei,0.8235604989775928,Power
2021-03-01,Henan,0.4701626844993635,Power
2021-03-02,Henan,0.5078429814171859,Power
2021-03-03,Henan,0.5252547189847392,Power
2021-03-04,Henan,0.5423842071371777,Power
2021-03-05,Henan,0.5563708099105005,Power
2021-03-06,Henan,0.5797822546398853,Power
2021-03-07,Henan,0.568648659467993,Power
2021-03-08,Henan,0.5720737942622237,Power
2021-03-09,Henan,0.5606541354939313,Power
2021-03-10,Henan,0.5666500284744777,Power
2021-03-11,Henan,0.5703612268651084,Power
2021-03-12,Henan,0.5555164333025854,Power
2021-03-13,Henan,0.5341074337480012,Power
2021-03-14,Henan,0.5221156477869087,Power
2021-03-15,Henan,0.5144071874092471,Power
2021-03-16,Henan,0.5161235689876478,Power
2021-03-17,Henan,0.5261129097739394,Power
2021-03-18,Henan,0.5369604413494315,Power
2021-03-19,Henan,0.537818632138632,Power
2021-03-20,Henan,0.533535306555201,Power
2021-03-21,Henan,0.5275394135746547,Power
2021-03-22,Henan,0.5161235689876478,Power
2021-03-23,Henan,0.5275394135746547,Power
2021-03-24,Henan,0.5278254771710549,Power
2021-03-25,Henan,0.5383869451501468,Power
2021-03-26,Henan,0.5406716397400624,Power
2021-03-27,Henan,0.5449549653234933,Power
2021-03-28,Henan,0.5426702707335778,Power
2021-03-29,Henan,0.533821370151601,Power
2021-03-30,Henan,0.5418120799443775,Power
2021-03-31,Henan,0.5472358457321236,Power
2021-03-01,Zhejiang,0.47000510881105595,Power
2021-03-02,Zhejiang,0.5076727771241034,Power
2021-03-03,Zhejiang,0.5250786791231986,Power
2021-03-04,Zhejiang,0.5422024263034695,Power
2021-03-05,Zhejiang,0.5561843414471019,Power
2021-03-06,Zhejiang,0.5795879397976926,Power
2021-03-07,Zhejiang,0.56845807606596,Power
2021-03-08,Zhejiang,0.5718820629214229,Power
2021-03-09,Zhejiang,0.5604662314679089,Power
2021-03-10,Zhejiang,0.5664601149164473,Power
2021-03-11,Zhejiang,0.5701700694936914,Power
2021-03-12,Zhejiang,0.5553302511847148,Power
2021-03-13,Zhejiang,0.5339284268865939,Power
2021-03-14,Zhejiang,0.5219406599895172,Power
2021-03-15,Zhejiang,0.5142347831132476,Power
2021-03-16,Zhejiang,0.515950589443936,Power
2021-03-17,Zhejiang,0.5259365822885428,Power
2021-03-18,Zhejiang,0.5367804782984938,Power
2021-03-19,Zhejiang,0.5376383814638381,Power
2021-03-20,Zhejiang,0.5333564914430311,Power
2021-03-21,Zhejiang,0.5273626079944927,Power
2021-03-22,Zhejiang,0.515950589443936,Power
2021-03-23,Zhejiang,0.5273626079944927,Power
2021-03-24,Zhejiang,0.5276485757162742,Power
2021-03-25,Zhejiang,0.5382065040044438,Power
2021-03-26,Zhejiang,0.5404904328757381,Power
2021-03-27,Zhejiang,0.5447723228965451,Power
2021-03-28,Zhejiang,0.5424883940252508,Power
2021-03-29,Zhejiang,0.5336424591648125,Power
2021-03-30,Zhejiang,0.5416304908599067,Power
2021-03-31,Zhejiang,0.5470524388648822,Power
2021-03-01,Hainan,0.03880312374702431,Power
2021-03-02,Hainan,0.041912926528765194,Power
2021-03-03,Hainan,0.04334993935381298,Power
2021-03-04,Hainan,0.04476365777600129,Power
2021-03-05,Hainan,0.045917989874456985,Power
2021-03-06,Hainan,0.04785016615488269,Power
2021-03-07,Hainan,0.04693129639884446,Power
2021-03-08,Hainan,0.04721397712543656,Power
2021-03-09,Hainan,0.046271498177311014,Power
2021-03-10,Hainan,0.04676634684346111,Power
2021-03-11,Hainan,0.047072636762140505,Power
2021-03-12,Hainan,0.04584747708742287,Power
2021-03-13,Hainan,0.04408056515160836,Power
2021-03-14,Hainan,0.043090867819308196,Power
2021-03-15,Hainan,0.04245467878986207,Power
2021-03-16,Hainan,0.04259633394238595,Power
2021-03-17,Hainan,0.04342076693007492,Power
2021-03-18,Hainan,0.04431602749402583,Power
2021-03-19,Hainan,0.04438685507028777,Power
2021-03-20,Hainan,0.044033346767433736,Power
2021-03-21,Hainan,0.04353849810128365,Power
2021-03-22,Hainan,0.04259633394238595,Power
2021-03-23,Hainan,0.04353849810128365,Power
2021-03-24,Hainan,0.04356210729337097,Power
2021-03-25,Hainan,0.044433758665234566,Power
2021-03-26,Hainan,0.04462231741270524,Power
2021-03-27,Hainan,0.044975825715559276,Power
2021-03-28,Hainan,0.0447872669680886,Power
2021-03-29,Hainan,0.04405695595952104,Power
2021-03-30,Hainan,0.044716439391826665,Power
2021-03-31,Hainan,0.04516406967380212,Power
2021-03-01,Hubei,0.31833515692684955,Power
2021-03-02,Hubei,0.34384752451331096,Power
2021-03-03,Hubei,0.35563656773956837,Power
2021-03-04,Hubei,0.36723450708877364,Power
2021-03-05,Hubei,0.3767044789421549,Power
2021-03-06,Hubei,0.39255577079818293,Power
2021-03-07,Hubei,0.38501749759392323,Power
2021-03-08,Hubei,0.38733656896679935,Power
2021-03-09,Hubei,0.37960460940066243,Power
2021-03-10,Hubei,0.3836642755456081,Power
2021-03-11,Hubei,0.38617703328036124,Power
2021-03-12,Hubei,0.3761260023413484,Power
2021-03-13,Hubei,0.36163051501846066,Power
2021-03-14,Hubei,0.3535111827285695,Power
2021-03-15,Hubei,0.3482919808971859,Power
2021-03-16,Hubei,0.349454099068449,Power
2021-03-17,Hubei,0.35621762682519986,Power
2021-03-18,Hubei,0.3635622136675823,Power
2021-03-19,Hubei,0.3641432727532139,Power
2021-03-20,Hubei,0.3612431422947063,Power
2021-03-21,Hubei,0.3571834761497607,Power
2021-03-22,Hubei,0.349454099068449,Power
2021-03-23,Hubei,0.3571834761497607,Power
2021-03-24,Hubei,0.3573771625116379,Power
2021-03-25,Hubei,0.3645280629921432,Power
2021-03-26,Hubei,0.3660749714023355,Power
2021-03-27,Hubei,0.3689751018608431,Power
2021-03-28,Hubei,0.36742819345065075,Power
2021-03-29,Hubei,0.36143682865658344,Power
2021-03-30,Hubei,0.36684713436501926,Power
2021-03-31,Hubei,0.3705194277862105,Power
2021-03-01,Hunan,0.1587129737076839,Power
2021-03-02,Hunan,0.1714327240646992,Power
2021-03-03,Hunan,0.1773104101037492,Power
2021-03-04,Hunan,0.18309281711390774,Power
2021-03-05,Hunan,0.18781427926181493,Power
2021-03-06,Hunan,0.19571728844203154,Power
2021-03-07,Hunan,0.1919589170185952,Power
2021-03-08,Hunan,0.193115140909738,Power
2021-03-09,Hunan,0.18926020290296564,Power
2021-03-10,Hunan,0.1912842384896878,Power
2021-03-11,Hunan,0.19253702896416658,Power
2021-03-12,Hunan,0.18752586706625146,Power
2021-03-13,Hunan,0.18029882396938668,Power
2021-03-14,Hunan,0.17625075279594238,Power
2021-03-15,Hunan,0.17364860526364884,Power
2021-03-16,Hunan,0.17422800476366473,Power
2021-03-17,Hunan,0.17760010985375713,Power
2021-03-18,Hunan,0.1812619146938575,Power
2021-03-19,Hunan,0.18155161444386547,Power
2021-03-20,Hunan,0.1801056908027147,Power
2021-03-21,Hunan,0.17808165521599256,Power
2021-03-22,Hunan,0.17422800476366473,Power
2021-03-23,Hunan,0.17808165521599256,Power
2021-03-24,Hunan,0.17817822179932857,Power
2021-03-25,Hunan,0.18174346005609293,Power
2021-03-26,Hunan,0.1825147051683363,Power
2021-03-27,Hunan,0.18396062880948705,Power
2021-03-28,Hunan,0.1831893836972437,Power
2021-03-29,Hunan,0.18020225738605067,Power
2021-03-30,Hunan,0.18289968394723577,Power
2021-03-31,Hunan,0.18473058636728595,Power
2021-03-01,Gansu,0.23577964049626643,Power
2021-03-02,Gansu,0.2546757527441723,Power
2021-03-03,Gansu,0.2634074819082264,Power
2021-03-04,Gansu,0.27199766716031115,Power
2021-03-05,Gansu,0.2790117418250617,Power
2021-03-06,Gansu,0.29075223549624774,Power
2021-03-07,Gansu,0.2851689019957277,Power
2021-03-08,Gansu,0.28688655649503125,Power
2021-03-09,Gansu,0.28115976632697465,Power
2021-03-10,Gansu,0.2841666180785395,Power
2021-03-11,Gansu,0.28602772924537945,Power
2021-03-12,Gansu,0.27858328457801945,Power
2021-03-13,Gansu,0.26784698757958886,Power
2021-03-14,Gansu,0.26183328407645934,Power
2021-03-15,Gansu,0.25796760507524286,Power
2021-03-16,Gansu,0.2588283450804618,Power
2021-03-17,Gansu,0.2638378519108358,Power
2021-03-18,Gansu,0.26927772874381933,Power
2021-03-19,Gansu,0.26970809874642887,Power
2021-03-20,Gansu,0.26756007424451583,Power
2021-03-21,Gansu,0.2645532224929511,Power
2021-03-22,Gansu,0.2588283450804618,Power
2021-03-23,Gansu,0.2645532224929511,Power
2021-03-24,Gansu,0.2646966791604876,Power
2021-03-25,Gansu,0.2699930993259346,Power
2021-03-26,Gansu,0.27113883991065935,Power
2021-03-27,Gansu,0.2732868644125724,Power
2021-03-28,Gansu,0.27214112382784766,Power
2021-03-29,Gansu,0.26770353091205235,Power
2021-03-30,Gansu,0.2717107538252382,Power
2021-03-31,Gansu,0.27443069224172995,Power
2021-03-01,Fujian,0.2648048575949052,Power
2021-03-02,Fujian,0.28602714083518904,Power
2021-03-03,Fujian,0.2958337733882709,Power
2021-03-04,Fujian,0.30548143752756785,Power
2021-03-05,Fujian,0.3133589668971519,Power
2021-03-06,Fujian,0.32654475235406677,Power
2021-03-07,Fujian,0.3202740928967949,Power
2021-03-08,Fujian,0.3222031960802928,Power
2021-03-09,Fujian,0.3157714199874281,Power
2021-03-10,Fujian,0.31914842466945326,Power
2021-03-11,Fujian,0.32123864448854383,Power
2021-03-12,Fujian,0.3128777652121814,Power
2021-03-13,Fujian,0.3008197962044161,Power
2021-03-14,Fujian,0.2940657868403659,Power
2021-03-15,Fujian,0.28972423056659186,Power
2021-03-16,Fujian,0.29069093038014865,Power
2021-03-17,Fujian,0.2963171232950493,Power
2021-03-18,Fujian,0.3024266661167283,Power
2021-03-19,Fujian,0.30291001602350676,Power
2021-03-20,Fujian,0.3004975629332305,Power
2021-03-21,Fujian,0.29712055825120537,Power
2021-03-22,Fujian,0.29069093038014865,Power
2021-03-23,Fujian,0.29712055825120537,Power
2021-03-24,Fujian,0.29728167488679824,Power
2021-03-25,Fujian,0.3032301010728844,Power
2021-03-26,Fujian,0.3045168859358189,Power
2021-03-27,Fujian,0.30692933902609515,Power
2021-03-28,Fujian,0.30564255416316066,Power
2021-03-29,Fujian,0.30065867956882325,Power
2021-03-30,Fujian,0.30515920425638227,Power
2021-03-31,Fujian,0.30821397566722175,Power
2021-03-01,Tibet,0.0011041348369880022,Power
2021-03-02,Tibet,0.0011926236300518755,Power
2021-03-03,Tibet,0.0012335135318978703,Power
2021-03-04,Tibet,0.0012737405963426376,Power
2021-03-05,Tibet,0.0013065868767521145,Power
2021-03-06,Tibet,0.001361566552005283,Power
2021-03-07,Tibet,0.0013354203037055112,Power
2021-03-08,Tibet,0.001343463925142029,Power
2021-03-09,Tibet,0.0013166458821788508,Power
2021-03-10,Tibet,0.0013307266983238464,Power
2021-03-11,Tibet,0.00133944211442377,Power
2021-03-12,Tibet,0.0013045804500240743,Power
2021-03-13,Tibet,0.0012543033374147494,Power
2021-03-14,Tibet,0.0012261417051247587,Power
2021-03-15,Tibet,0.0012080390782615046,Power
2021-03-16,Tibet,0.0012120698462419423,Power
2021-03-17,Tibet,0.001235528915888089,Power
2021-03-18,Tibet,0.0012610033695244543,Power
2021-03-19,Tibet,0.0012630187535146735,Power
2021-03-20,Tibet,0.0012529597480879368,Power
2021-03-21,Tibet,0.0012388789319429416,Power
2021-03-22,Tibet,0.0012120698462419423,Power
2021-03-23,Tibet,0.0012388789319429416,Power
2021-03-24,Tibet,0.0012395507266063479,Power
2021-03-25,Tibet,0.0012643533855793072,Power
2021-03-26,Tibet,0.0012697187856243785,Power
2021-03-27,Tibet,0.001279777791051115,Power
2021-03-28,Tibet,0.0012744123910060437,Power
2021-03-29,Tibet,0.001253631542751343,Power
2021-03-30,Tibet,0.001272397007015825,Power
2021-03-31,Tibet,0.0012851342338340078,Power
2021-03-01,Guizhou,0.23219186528736735,Power
2021-03-02,Guizhou,0.2508004420936002,Power
2021-03-03,Guizhou,0.2593993036302388,Power
2021-03-04,Guizhou,0.2678587750784412,Power
2021-03-05,Guizhou,0.2747661190554081,Power
2021-03-06,Guizhou,0.2863279617962378,Power
2021-03-07,Guizhou,0.28082958790238277,Power
2021-03-08,Guizhou,0.28252110546205456,Power
2021-03-09,Guizhou,0.2768814578299196,Power
2021-03-10,Guizhou,0.27984255538426706,Power
2021-03-11,Guizhou,0.28167534668221866,Power
2021-03-12,Guizhou,0.274344181490412,Power
2021-03-13,Guizhou,0.2637712549175418,Power
2021-03-14,Guizhou,0.257849059808847,Power
2021-03-15,Guizhou,0.2540422034746637,Power
2021-03-16,Guizhou,0.2548898459043433,Power
2021-03-17,Guizhou,0.2598231248450786,Power
2021-03-18,Guizhou,0.26518022500065364,Power
2021-03-19,Guizhou,0.26560404621549344,Power
2021-03-20,Guizhou,0.2634887074409819,Power
2021-03-21,Guizhou,0.26052760988663454,Power
2021-03-22,Guizhou,0.2548898459043433,Power
2021-03-23,Guizhou,0.26052760988663454,Power
2021-03-24,Guizhou,0.26066888362491447,Power
2021-03-25,Guizhou,0.2658847100422096,Power
2021-03-26,Guizhou,0.2670130162986053,Power
2021-03-27,Guizhou,0.26912835507311683,Power
2021-03-28,Guizhou,0.2680000488167211,Power
2021-03-29,Guizhou,0.26362998117926184,Power
2021-03-30,Guizhou,0.2675762276018813,Power
2021-03-31,Guizhou,0.2702547776796689,Power
2021-03-01,Liaoning,0.32336818629237135,Power
2021-03-02,Liaoning,0.34928391647467755,Power
2021-03-03,Liaoning,0.36125935004915144,Power
2021-03-04,Liaoning,0.3730406583039077,Power
2021-03-05,Liaoning,0.38266035489045663,Power
2021-03-06,Liaoning,0.3987622631664962,Power
2021-03-07,Liaoning,0.39110480629817435,Power
2021-03-08,Liaoning,0.39346054328609936,Power
2021-03-09,Liaoning,0.38560633778292847,Power
2021-03-10,Liaoning,0.3897301891693629,Power
2021-03-11,Liaoning,0.3922826747921368,Power
2021-03-12,Liaoning,0.382072732301041,Power
2021-03-13,Liaoning,0.3673480644689442,Power
2021-03-14,Liaoning,0.3591003616960754,Power
2021-03-15,Liaoning,0.35379864181567855,Power
2021-03-16,Liaoning,0.35497913362477235,Power
2021-03-17,Liaoning,0.3618495959536983,Power
2021-03-18,Liaoning,0.3693103041871712,Power
2021-03-19,Liaoning,0.3699005500917181,Power
2021-03-20,Liaoning,0.36695456719924624,Power
2021-03-21,Liaoning,0.36283071581281184,Power
2021-03-22,Liaoning,0.35497913362477235,Power
2021-03-23,Liaoning,0.36283071581281184,Power
2021-03-24,Liaoning,0.3630274644476609,Power
2021-03-25,Liaoning,0.37029142404628473,Power
2021-03-26,Liaoning,0.37186278980994514,Power
2021-03-27,Liaoning,0.3748087727024171,Power
2021-03-28,Liaoning,0.3732374069387566,Power
2021-03-29,Liaoning,0.36715131583409516,Power
2021-03-30,Liaoning,0.37264716103420975,Power
2021-03-31,Liaoning,0.3763775151509462,Power
2021-03-01,Chongqing,0.10577360162386405,Power
2021-03-02,Chongqing,0.11425062637860095,Power
2021-03-03,Chongqing,0.11816778580823693,Power
2021-03-04,Chongqing,0.12202144692510336,Power
2021-03-05,Chongqing,0.1251680457484276,Power
2021-03-06,Chongqing,0.1304349733670707,Power
2021-03-07,Chongqing,0.12793022235390367,Power
2021-03-08,Chongqing,0.12870078296021542,Power
2021-03-09,Chongqing,0.12613167554897112,Power
2021-03-10,Chongqing,0.12748058565267054,Power
2021-03-11,Chongqing,0.12831550265705952,Power
2021-03-12,Chongqing,0.12497583463950351,Power
2021-03-13,Chongqing,0.12015940180740126,Power
2021-03-14,Chongqing,0.11746158160000245,Power
2021-03-15,Chongqing,0.11572739119314718,Power
2021-03-16,Chongqing,0.11611352958161075,Power
2021-03-17,Chongqing,0.1183608550024687,Power
2021-03-18,Chongqing,0.12080124961755846,Power
2021-03-19,Chongqing,0.12099431881179026,Power
2021-03-20,Chongqing,0.12003068901124672,Power
2021-03-21,Chongqing,0.11868177890754732,Power
2021-03-22,Chongqing,0.11611352958161075,Power
2021-03-23,Chongqing,0.11868177890754732,Power
2021-03-24,Chongqing,0.1187461353056246,Power
2021-03-25,Chongqing,0.12112217352263707,Power
2021-03-26,Chongqing,0.12163616662194747,Power
2021-03-27,Chongqing,0.122599796422491,Power
2021-03-28,Chongqing,0.12208580332318061,Power
2021-03-29,Chongqing,0.12009504540932397,Power
2021-03-30,Chongqing,0.12189273412894884,Power
2021-03-31,Chongqing,0.12311293143649371,Power
2021-03-01,Shaanxi,0.513333008502595,Power
2021-03-02,Shaanxi,0.5544731091864531,Power
2021-03-03,Shaanxi,0.573483591990564,Power
2021-03-04,Shaanxi,0.5921859092464813,Power
2021-03-05,Shaanxi,0.6074567614792687,Power
2021-03-06,Shaanxi,0.6330178443821457,Power
2021-03-07,Shaanxi,0.6208619628256944,Power
2021-03-08,Shaanxi,0.6246015933970179,Power
2021-03-09,Shaanxi,0.612133381893073,Power
2021-03-10,Shaanxi,0.6186798175925391,Power
2021-03-11,Shaanxi,0.6227317781113562,Power
2021-03-12,Shaanxi,0.6065239360360879,Power
2021-03-13,Shaanxi,0.5831491627656662,Power
2021-03-14,Shaanxi,0.5700562913667342,Power
2021-03-15,Shaanxi,0.5616400403816064,Power
2021-03-16,Shaanxi,0.563514020066568,Power
2021-03-17,Shaanxi,0.5744205818330448,Power
2021-03-18,Shaanxi,0.5862641334420023,Power
2021-03-19,Shaanxi,0.5872011232844833,Power
2021-03-20,Shaanxi,0.582524502870679,Power
2021-03-21,Shaanxi,0.5759780671712129,Power
2021-03-22,Shaanxi,0.563514020066568,Power
2021-03-23,Shaanxi,0.5759780671712129,Power
2021-03-24,Shaanxi,0.5762903971187067,Power
2021-03-25,Shaanxi,0.5878216187801706,Power
2021-03-26,Shaanxi,0.5903160939608195,Power
2021-03-27,Shaanxi,0.5949927143746238,Power
2021-03-28,Shaanxi,0.5924982391939748,Power
2021-03-29,Shaanxi,0.5828368328181726,Power
2021-03-30,Shaanxi,0.5915612493514941,Power
2021-03-31,Shaanxi,0.597483025155973,Power
2021-03-01,Qinghai,0.07634368978763485,Power
2021-03-02,Qinghai,0.08246211005755336,Power
2021-03-03,Qinghai,0.08528937886332094,Power
2021-03-04,Qinghai,0.08807081680564345,Power
2021-03-05,Qinghai,0.09034192189014505,Power
2021-03-06,Qinghai,0.09414340621211688,Power
2021-03-07,Qinghai,0.09233556445000611,Power
2021-03-08,Qinghai,0.09289172817127213,Power
2021-03-09,Qinghai,0.09103743620972378,Power
2021-03-10,Qinghai,0.09201103238993555,Power
2021-03-11,Qinghai,0.09261364631063912,Power
2021-03-12,Qinghai,0.09020319062782478,Power
2021-03-13,Qinghai,0.08672685770191603,Power
2021-03-14,Qinghai,0.08477966534149253,Power
2021-03-15,Qinghai,0.08352798730064778,Power
2021-03-16,Qinghai,0.08380668849727328,Power
2021-03-17,Qinghai,0.08542872946163368,Power
2021-03-18,Qinghai,0.08719012102430686,Power
2021-03-19,Qinghai,0.08732947162261961,Power
2021-03-20,Qinghai,0.08663395730304087,Power
2021-03-21,Qinghai,0.08566036112282911,Power
2021-03-22,Qinghai,0.08380668849727328,Power
2021-03-23,Qinghai,0.08566036112282911,Power
2021-03-24,Qinghai,0.08570681132226671,Power
2021-03-25,Qinghai,0.08742175268550227,Power
2021-03-26,Qinghai,0.08779273494501044,Power
2021-03-27,Qinghai,0.0884882492645892,Power
2021-03-28,Qinghai,0.08811726700508103,Power
2021-03-29,Qinghai,0.08668040750247843,Power
2021-03-30,Qinghai,0.08797791640676829,Power
2021-03-31,Qinghai,0.08885861218810487,Power
2021-03-01,Heilongjiang,0.17430571055942964,Power
2021-03-02,Heilongjiang,0.18827511124750193,Power
2021-03-03,Heilongjiang,0.1947302498385587,Power
2021-03-04,Heilongjiang,0.20108074872408688,Power
2021-03-05,Heilongjiang,0.20626607034805294,Power
2021-03-06,Heilongjiang,0.2149455097066305,Power
2021-03-07,Heilongjiang,0.2108178975385484,Power
2021-03-08,Heilongjiang,0.2120877145056391,Power
2021-03-09,Heilongjiang,0.20785404858195364,Power
2021-03-10,Heilongjiang,0.21007693529939975,Power
2021-03-11,Heilongjiang,0.21145280602209374,Power
2021-03-12,Heilongjiang,0.20594932313131764,Power
2021-03-13,Heilongjiang,0.19801226006196346,Power
2021-03-14,Heilongjiang,0.19356648662707135,Power
2021-03-15,Heilongjiang,0.19070869142607996,Power
2021-03-16,Heilongjiang,0.19134501395970002,Power
2021-03-17,Heilongjiang,0.19504841110536872,Power
2021-03-18,Heilongjiang,0.19906996951784744,Power
2021-03-19,Heilongjiang,0.1993881307846575,Power
2021-03-20,Heilongjiang,0.19780015255075678,Power
2021-03-21,Heilongjiang,0.19557726583331073,Power
2021-03-22,Heilongjiang,0.19134501395970002,Power
2021-03-23,Heilongjiang,0.19557726583331073,Power
2021-03-24,Heilongjiang,0.19568331958891408,Power
2021-03-25,Heilongjiang,0.19959882424578945,Power
2021-03-26,Heilongjiang,0.2004458402405415,Power
2021-03-27,Heilongjiang,0.2020338184744422,Power
2021-03-28,Heilongjiang,0.20118680247969017,Power
2021-03-29,Heilongjiang,0.1979062063063601,Power
2021-03-30,Heilongjiang,0.20086864121288017,Power
2021-03-31,Heilongjiang,0.20287942041911955,Power
2021-04-01,Shanghai,0.12160936696916565,Power
2021-04-02,Shanghai,0.12366364486263698,Power
2021-04-03,Shanghai,0.1205817866219372,Power
2021-04-04,Shanghai,0.11891240995818375,Power
2021-04-05,Shanghai,0.11467496522734474,Power
2021-04-06,Shanghai,0.11865551487137663,Power
2021-04-07,Shanghai,0.11878440381527298,Power
2021-04-08,Shanghai,0.11756437285318558,Power
2021-04-09,Shanghai,0.11608744680429109,Power
2021-04-10,Shanghai,0.11499630478610004,Power
2021-04-11,Shanghai,0.11467496522734474,Power
2021-04-12,Shanghai,0.11583055171748396,Power
2021-04-13,Shanghai,0.11679368759276426,Power
2021-04-14,Shanghai,0.11685813206471243,Power
2021-04-15,Shanghai,0.11608744680429109,Power
2021-04-16,Shanghai,0.11672924312081606,Power
2021-04-17,Shanghai,0.11608744680429109,Power
2021-04-18,Shanghai,0.11358382320915372,Power
2021-04-19,Shanghai,0.11441807014053763,Power
2021-04-20,Shanghai,0.11493186031415187,Power
2021-04-21,Shanghai,0.11608744680429109,Power
2021-04-22,Shanghai,0.1151243109290108,Power
2021-04-23,Shanghai,0.11435362566858948,Power
2021-04-24,Shanghai,0.11403316891081974,Power
2021-04-25,Shanghai,0.1151243109290108,Power
2021-04-26,Shanghai,0.1136473848801163,Power
2021-04-27,Shanghai,0.11268424900483602,Power
2021-04-28,Shanghai,0.11621633574818743,Power
2021-04-29,Shanghai,0.11409673058178234,Power
2021-04-30,Shanghai,0.11377627382401263,Power
2021-04-01,Yunnan,0.19438130045423918,Power
2021-04-02,Yunnan,0.1976648732445539,Power
2021-04-03,Yunnan,0.19273880852130995,Power
2021-04-04,Yunnan,0.19007046466807181,Power
2021-04-05,Yunnan,0.1832973020580543,Power
2021-04-06,Yunnan,0.1896598416848395,Power
2021-04-07,Yunnan,0.18986585871422754,Power
2021-04-08,Yunnan,0.18791575231275998,Power
2021-04-09,Yunnan,0.18555502292806017,Power
2021-04-10,Yunnan,0.18381093355598066,Power
2021-04-11,Yunnan,0.1832973020580543,Power
2021-04-12,Yunnan,0.18514439994482781,Power
2021-04-13,Yunnan,0.18668388336306307,Power
2021-04-14,Yunnan,0.1867868918777571,Power
2021-04-15,Yunnan,0.18555502292806017,Power
2021-04-16,Yunnan,0.18658087484836905,Power
2021-04-17,Yunnan,0.18555502292806017,Power
2021-04-18,Yunnan,0.18155321268597485,Power
2021-04-19,Yunnan,0.182886679074822,Power
2021-04-20,Yunnan,0.18370792504128666,Power
2021-04-21,Yunnan,0.18555502292806017,Power
2021-04-22,Yunnan,0.18401553950982494,Power
2021-04-23,Yunnan,0.182783670560128,Power
2021-04-24,Yunnan,0.1822714501377454,Power
2021-04-25,Yunnan,0.18401553950982494,Power
2021-04-26,Yunnan,0.18165481012512508,Power
2021-04-27,Yunnan,0.18011532670688987,Power
2021-04-28,Yunnan,0.18576103995744817,Power
2021-04-29,Yunnan,0.18237304757689568,Power
2021-04-30,Yunnan,0.1818608271545131,Power
2021-04-01,InnerMongolia,1.229650188291598,Power
2021-04-02,InnerMongolia,1.250421969787268,Power
2021-04-03,InnerMongolia,1.2192598343332997,Power
2021-04-04,InnerMongolia,1.2023799723615283,Power
2021-04-05,InnerMongolia,1.1595331519149372,Power
2021-04-06,InnerMongolia,1.1997823838719535,Power
2021-04-07,InnerMongolia,1.201085641327204,Power
2021-04-08,InnerMongolia,1.1887493276069563,Power
2021-04-09,InnerMongolia,1.1738154253971342,Power
2021-04-10,InnerMongolia,1.162782369132137,Power
2021-04-11,InnerMongolia,1.1595331519149372,Power
2021-04-12,InnerMongolia,1.1712178369075597,Power
2021-04-13,InnerMongolia,1.1809565621382327,Power
2021-04-14,InnerMongolia,1.181608190865858,Power
2021-04-15,InnerMongolia,1.1738154253971342,Power
2021-04-16,InnerMongolia,1.1803049334106075,Power
2021-04-17,InnerMongolia,1.1738154253971342,Power
2021-04-18,InnerMongolia,1.1485000956499403,Power
2021-04-19,InnerMongolia,1.1569355634253629,Power
2021-04-20,InnerMongolia,1.162130740404512,Power
2021-04-21,InnerMongolia,1.1738154253971342,Power
2021-04-22,InnerMongolia,1.1640767001664614,Power
2021-04-23,InnerMongolia,1.1562839346977376,Power
2021-04-24,InnerMongolia,1.153043643901464,Power
2021-04-25,InnerMongolia,1.1640767001664614,Power
2021-04-26,InnerMongolia,1.149142797956639,Power
2021-04-27,InnerMongolia,1.139404072725966,Power
2021-04-28,InnerMongolia,1.1751186828523847,Power
2021-04-29,InnerMongolia,1.1536863462081628,Power
2021-04-30,InnerMongolia,1.1504460554118894,Power
2021-04-01,Beijing,0.050631002748918436,Power
2021-04-02,Beijing,0.051486283491377696,Power
2021-04-03,Beijing,0.05020317860443087,Power
2021-04-04,Beijing,0.0495081481428965,Power
2021-04-05,Beijing,0.047743924866659085,Power
2021-04-06,Beijing,0.0494011921067746,Power
2021-04-07,Beijing,0.049454853898093495,Power
2021-04-08,Beijing,0.048946904613143466,Power
2021-04-09,Beijing,0.04833199929207156,Power
2021-04-10,Beijing,0.04787771179844043,Power
2021-04-11,Beijing,0.047743924866659085,Power
2021-04-12,Beijing,0.04822504325594966,Power
2021-04-13,Beijing,0.0486260365047778,Power
2021-04-14,Beijing,0.04865286740043724,Power
2021-04-15,Beijing,0.04833199929207156,Power
2021-04-16,Beijing,0.048599205609118346,Power
2021-04-17,Beijing,0.04833199929207156,Power
2021-04-18,Beijing,0.04728963737302796,Power
2021-04-19,Beijing,0.047636968830537196,Power
2021-04-20,Beijing,0.04785088090278099,Power
2021-04-21,Beijing,0.04833199929207156,Power
2021-04-22,Beijing,0.047931006043243435,Power
2021-04-23,Beijing,0.047610137934877755,Power
2021-04-24,Beijing,0.04747671854961229,Power
2021-04-25,Beijing,0.047931006043243435,Power
2021-04-26,Beijing,0.04731610072217152,Power
2021-04-27,Beijing,0.04691510747334339,Power
2021-04-28,Beijing,0.048385661083390444,Power
2021-04-29,Beijing,0.04750318189875585,Power
2021-04-30,Beijing,0.0473697625134904,Power
2021-04-01,Jilin,0.14218268561471317,Power
2021-04-02,Jilin,0.1445844968828102,Power
2021-04-03,Jilin,0.14098126390604754,Power
2021-04-04,Jilin,0.139029469704083,Power
2021-04-05,Jilin,0.13407515337968862,Power
2021-04-06,Jilin,0.1387291142769166,Power
2021-04-07,Jilin,0.13887980806511693,Power
2021-04-08,Jilin,0.13745337782338501,Power
2021-04-09,Jilin,0.13572659215448676,Power
2021-04-10,Jilin,0.1344508557009552,Power
2021-04-11,Jilin,0.13407515337968862,Power
2021-04-12,Jilin,0.13542623672732032,Power
2021-04-13,Jilin,0.13655231154188582,Power
2021-04-14,Jilin,0.13662765843598598,Power
2021-04-15,Jilin,0.13572659215448676,Power
2021-04-16,Jilin,0.13647696464778564,Power
2021-04-17,Jilin,0.13572659215448676,Power
2021-04-18,Jilin,0.1327994169261571,Power
2021-04-19,Jilin,0.13377479795252223,Power
2021-04-20,Jilin,0.13437550880685506,Power
2021-04-21,Jilin,0.13572659215448676,Power
2021-04-22,Jilin,0.1346005173399213,Power
2021-04-23,Jilin,0.13369945105842207,Power
2021-04-24,Jilin,0.13332478088638972,Power
2021-04-25,Jilin,0.1346005173399213,Power
2021-04-26,Jilin,0.13287373167102298,Power
2021-04-27,Jilin,0.13174765685645753,Power
2021-04-28,Jilin,0.13587728594268708,Power
2021-04-29,Jilin,0.13339909563125563,Power
2021-04-30,Jilin,0.1330244254592233,Power
2021-04-01,Sichuan,0.223838483762295,Power
2021-04-02,Sichuan,0.22761966000193132,Power
2021-04-03,Sichuan,0.2219470831851843,Power
2021-04-04,Sichuan,0.21887436970467192,Power
2021-04-05,Sichuan,0.21107477969596786,Power
2021-04-06,Sichuan,0.21840151956039422,Power
2021-04-07,Sichuan,0.21863875708982564,Power
2021-04-08,Sichuan,0.21639312513315292,Power
2021-04-09,Sichuan,0.21367464303220257,Power
2021-04-10,Sichuan,0.21166624860496128,Power
2021-04-11,Sichuan,0.21107477969596786,Power
2021-04-12,Sichuan,0.21320179288792485,Power
2021-04-13,Sichuan,0.21497457470031991,Power
2021-04-14,Sichuan,0.2150931934650356,Power
2021-04-15,Sichuan,0.21367464303220257,Power
2021-04-16,Sichuan,0.21485595593560416,Power
2021-04-17,Sichuan,0.21367464303220257,Power
2021-04-18,Sichuan,0.20906638526872662,Power
2021-04-19,Sichuan,0.2106019295516902,Power
2021-04-20,Sichuan,0.21154762984024558,Power
2021-04-21,Sichuan,0.21367464303220257,Power
2021-04-22,Sichuan,0.21190186121980753,Power
2021-04-23,Sichuan,0.2104833107869745,Power
2021-04-24,Sichuan,0.2098934667925662,Power
2021-04-25,Sichuan,0.21190186121980753,Power
2021-04-26,Sichuan,0.20918337911885715,Power
2021-04-27,Sichuan,0.20741059730646214,Power
2021-04-28,Sichuan,0.21391188056163396,Power
2021-04-29,Sichuan,0.2100104606426968,Power
2021-04-30,Sichuan,0.20942061664828854,Power
2021-04-01,Tianjin,0.1438030028089107,Power
2021-04-02,Tianjin,0.14623218517411488,Power
2021-04-03,Tianjin,0.14258788967049316,Power
2021-04-04,Tianjin,0.1406138527763801,Power
2021-04-05,Tianjin,0.1356030769478541,Power
2021-04-06,Tianjin,0.14031007449177568,Power
2021-04-07,Tianjin,0.14046248558989338,Power
2021-04-08,Tianjin,0.13901979971593023,Power
2021-04-09,Tianjin,0.13727333555736276,Power
2021-04-10,Tianjin,0.1359830607815173,Power
2021-04-11,Tianjin,0.1356030769478541,Power
2021-04-12,Tianjin,0.13696955727275836,Power
2021-04-13,Tianjin,0.13810846486211711,Power
2021-04-14,Tianjin,0.13818467041117594,Power
2021-04-15,Tianjin,0.13727333555736276,Power
2021-04-16,Tianjin,0.13803225931305824,Power
2021-04-17,Tianjin,0.13727333555736276,Power
2021-04-18,Tianjin,0.13431280217200867,Power
2021-04-19,Tianjin,0.1352992986632497,Power
2021-04-20,Tianjin,0.1359068552324585,Power
2021-04-21,Tianjin,0.13727333555736276,Power
2021-04-22,Tianjin,0.13613442796800404,Power
2021-04-23,Tianjin,0.13522309311419087,Power
2021-04-24,Tianjin,0.13484415319215856,Power
2021-04-25,Tianjin,0.13613442796800404,Power
2021-04-26,Tianjin,0.13438796380943654,Power
2021-04-27,Tianjin,0.13324905622007782,Power
2021-04-28,Tianjin,0.1374257466554804,Power
2021-04-29,Tianjin,0.13491931482958647,Power
2021-04-30,Tianjin,0.1345403749075542,Power
2021-04-01,Ningxia,0.33684734438972636,Power
2021-04-02,Ningxia,0.34253751505914354,Power
2021-04-03,Ningxia,0.3340010364141348,Power
2021-04-04,Ningxia,0.3293770085946815,Power
2021-04-05,Ningxia,0.3176396561180152,Power
2021-04-06,Ningxia,0.32866543160078354,Power
2021-04-07,Ningxia,0.32902244273861553,Power
2021-04-08,Ningxia,0.325643063338042,Power
2021-04-09,Ningxia,0.3215521069435706,Power
2021-04-10,Ningxia,0.31852973868082907,Power
2021-04-11,Ningxia,0.3176396561180152,Power
2021-04-12,Ningxia,0.3208405299496727,Power
2021-04-13,Ningxia,0.32350833235634835,Power
2021-04-14,Ningxia,0.3236868379252643,Power
2021-04-15,Ningxia,0.3215521069435706,Power
2021-04-16,Ningxia,0.32332982678743233,Power
2021-04-17,Ningxia,0.3215521069435706,Power
2021-04-18,Ningxia,0.31461728785527365,Power
2021-04-19,Ningxia,0.3169280791241173,Power
2021-04-20,Ningxia,0.3183512331119131,Power
2021-04-21,Ningxia,0.3215521069435706,Power
2021-04-22,Ningxia,0.31888430453689504,Power
2021-04-23,Ningxia,0.31674957355520134,Power
2021-04-24,Ningxia,0.3158619362741534,Power
2021-04-25,Ningxia,0.31888430453689504,Power
2021-04-26,Ningxia,0.31479334814242366,Power
2021-04-27,Ningxia,0.312125545735748,Power
2021-04-28,Ningxia,0.32190911808140255,Power
2021-04-29,Ningxia,0.31603799656130344,Power
2021-04-30,Ningxia,0.31515035928025553,Power
2021-04-01,Anhui,0.5565680367671094,Power
2021-04-02,Anhui,0.5659698241675265,Power
2021-04-03,Anhui,0.5518651229149025,Power
2021-04-04,Anhui,0.5442249080570646,Power
2021-04-05,Anhui,0.5248314488727059,Power
2021-04-06,Anhui,0.5430491795940128,Power
2021-04-07,Anhui,0.543639063977537,Power
2021-04-08,Anhui,0.5380553638540404,Power
2021-04-09,Anhui,0.5312959352674922,Power
2021-04-10,Anhui,0.5263021195275199,Power
2021-04-11,Anhui,0.5248314488727059,Power
2021-04-12,Anhui,0.5301202068044404,Power
2021-04-13,Anhui,0.5345281784648853,Power
2021-04-14,Anhui,0.5348231206566474,Power
2021-04-15,Anhui,0.5312959352674922,Power
2021-04-16,Anhui,0.5342332362731231,Power
2021-04-17,Anhui,0.5312959352674922,Power
2021-04-18,Anhui,0.5198376331327338,Power
2021-04-19,Anhui,0.5236557204096542,Power
2021-04-20,Anhui,0.5260071773357577,Power
2021-04-21,Anhui,0.5312959352674922,Power
2021-04-22,Anhui,0.5268879636070474,Power
2021-04-23,Anhui,0.5233607782178922,Power
2021-04-24,Anhui,0.521894147867075,Power
2021-04-25,Anhui,0.5268879636070474,Power
2021-04-26,Anhui,0.520128535020499,Power
2021-04-27,Anhui,0.5157205633600542,Power
2021-04-28,Anhui,0.5318858196510164,Power
2021-04-29,Anhui,0.5221850497548404,Power
2021-04-30,Anhui,0.5207184194040233,Power
2021-04-01,Shandong,1.283569150599783,Power
2021-04-02,Shandong,1.3052517544693307,Power
2021-04-03,Shandong,1.2727231897471172,Power
2021-04-04,Shandong,1.2551031622794269,Power
2021-04-05,Shandong,1.2103775505158558,Power
2021-04-06,Shandong,1.2523916720662602,Power
2021-04-07,Shandong,1.2537520760907357,Power
2021-04-08,Shandong,1.2408748270371406,Power
2021-04-09,Shandong,1.2252860877703795,Power
2021-04-10,Shandong,1.21376924274126,Power
2021-04-11,Shandong,1.2103775505158558,Power
2021-04-12,Shandong,1.2225745975572129,Power
2021-04-13,Shandong,1.2327403563976416,Power
2021-04-14,Shandong,1.233420558409879,Power
2021-04-15,Shandong,1.2252860877703795,Power
2021-04-16,Shandong,1.2320601543854037,Power
2021-04-17,Shandong,1.2252860877703795,Power
2021-04-18,Shandong,1.1988607054867364,Power
2021-04-19,Shandong,1.2076660603026894,Power
2021-04-20,Shandong,1.2130890407290225,Power
2021-04-21,Shandong,1.2252860877703795,Power
2021-04-22,Shandong,1.2151203289299513,Power
2021-04-23,Shandong,1.2069858582904518,Power
2021-04-24,Shandong,1.2036034839008314,Power
2021-04-25,Shandong,1.2151203289299513,Power
2021-04-26,Shandong,1.19953158966319,Power
2021-04-27,Shandong,1.1893658308227617,Power
2021-04-28,Shandong,1.2266464917948547,Power
2021-04-29,Shandong,1.2042743680772852,Power
2021-04-30,Shandong,1.200891993687665,Power
2021-04-01,Shanxi,0.6322715776577612,Power
2021-04-02,Shanxi,0.642952181932117,Power
2021-04-03,Shanxi,0.6269289805905717,Power
2021-04-04,Shanxi,0.6182495552864002,Power
2021-04-05,Shanxi,0.5962182271742782,Power
2021-04-06,Shanxi,0.6169139060196027,Power
2021-04-07,Shanxi,0.6175840255830132,Power
2021-04-08,Shanxi,0.6112408390307313,Power
2021-04-09,Shanxi,0.6035620032116522,Power
2021-04-10,Shanxi,0.5978889362227808,Power
2021-04-11,Shanxi,0.5962182271742782,Power
2021-04-12,Shanxi,0.6022263539448548,Power
2021-04-13,Shanxi,0.6072338912303392,Power
2021-04-14,Shanxi,0.6075689510120444,Power
2021-04-15,Shanxi,0.6035620032116522,Power
2021-04-16,Shanxi,0.606898831448634,Power
2021-04-17,Shanxi,0.6035620032116522,Power
2021-04-18,Shanxi,0.5905451601854068,Power
2021-04-19,Shanxi,0.5948825779074808,Power
2021-04-20,Shanxi,0.5975538764410756,Power
2021-04-21,Shanxi,0.6035620032116522,Power
2021-04-22,Shanxi,0.5985544659261678,Power
2021-04-23,Shanxi,0.5945475181257757,Power
2021-04-24,Shanxi,0.5928813989372963,Power
2021-04-25,Shanxi,0.5985544659261678,Power
2021-04-26,Shanxi,0.5908756301070887,Power
2021-04-27,Shanxi,0.5858680928216042,Power
2021-04-28,Shanxi,0.6042321227750626,Power
2021-04-29,Shanxi,0.5932118688589781,Power
2021-04-30,Shanxi,0.5915457496704989,Power
2021-04-01,Guangdong,0.7773997536400326,Power
2021-04-02,Guangdong,0.7905319256765639,Power
2021-04-03,Guangdong,0.7708308459260134,Power
2021-04-04,Guangdong,0.7601591925864857,Power
2021-04-05,Guangdong,0.7330709133534168,Power
2021-04-06,Guangdong,0.7585169656579808,Power
2021-04-07,Guangdong,0.7593409008179867,Power
2021-04-08,Guangdong,0.7515417337554655,Power
2021-04-09,Guangdong,0.7421003397644398,Power
2021-04-10,Guangdong,0.7351251078619245,Power
2021-04-11,Guangdong,0.7330709133534168,Power
2021-04-12,Guangdong,0.7404581128359349,Power
2021-04-13,Guangdong,0.7466150529699513,Power
2021-04-14,Guangdong,0.7470270205499542,Power
2021-04-15,Guangdong,0.7421003397644398,Power
2021-04-16,Guangdong,0.7462030853899483,Power
2021-04-17,Guangdong,0.7421003397644398,Power
2021-04-18,Guangdong,0.7260956814509018,Power
2021-04-19,Guangdong,0.7314286864249121,Power
2021-04-20,Guangdong,0.7347131402819217,Power
2021-04-21,Guangdong,0.7421003397644398,Power
2021-04-22,Guangdong,0.7359433996304235,Power
2021-04-23,Guangdong,0.7310167188449092,Power
2021-04-24,Guangdong,0.7289681677279082,Power
2021-04-25,Guangdong,0.7359433996304235,Power
2021-04-26,Guangdong,0.7265020056393977,Power
2021-04-27,Guangdong,0.7203450655053815,Power
2021-04-28,Guangdong,0.7429242749244456,Power
2021-04-29,Guangdong,0.7293744919164042,Power
2021-04-30,Guangdong,0.7273259407994034,Power
2021-04-01,Guangxi,0.24450481141417812,Power
2021-04-02,Guangxi,0.24863509217670257,Power
2021-04-03,Guangxi,0.24243878356390808,Power
2021-04-04,Guangxi,0.23908237577622704,Power
2021-04-05,Guangxi,0.23056267330088653,Power
2021-04-06,Guangxi,0.2385658688136595,Power
2021-04-07,Guangxi,0.23882500976395113,Power
2021-04-08,Guangxi,0.2363720454262593,Power
2021-04-09,Guangxi,0.23340257412600005,Power
2021-04-10,Guangxi,0.23120875073859987,Power
2021-04-11,Guangxi,0.23056267330088653,Power
2021-04-12,Guangxi,0.2328860671634325,Power
2021-04-13,Guangxi,0.23482252453855681,Power
2021-04-14,Guangxi,0.2349520950137026,Power
2021-04-15,Guangxi,0.23340257412600005,Power
2021-04-16,Guangxi,0.23469295406341098,Power
2021-04-17,Guangxi,0.23340257412600005,Power
2021-04-18,Guangxi,0.22836884991348638,Power
2021-04-19,Guangxi,0.23004616633831904,Power
2021-04-20,Guangxi,0.2310791802634541,Power
2021-04-21,Guangxi,0.23340257412600005,Power
2021-04-22,Guangxi,0.23146611675087578,Power
2021-04-23,Guangxi,0.22991659586317323,Power
2021-04-24,Guangxi,0.22927229336347554,Power
2021-04-25,Guangxi,0.23146611675087578,Power
2021-04-26,Guangxi,0.22849664545061646,Power
2021-04-27,Guangxi,0.22656018807549222,Power
2021-04-28,Guangxi,0.23366171507629163,Power
2021-04-29,Guangxi,0.22940008890060568,Power
2021-04-30,Guangxi,0.22875578640090805,Power
2021-04-01,Xinjiang,0.7594870624838072,Power
2021-04-02,Xinjiang,0.7723166456131524,Power
2021-04-03,Xinjiang,0.7530695142403359,Power
2021-04-04,Xinjiang,0.7426437550234937,Power
2021-04-05,Xinjiang,0.7161796385555705,Power
2021-04-06,Xinjiang,0.7410393679626257,Power
2021-04-07,Xinjiang,0.7418443181718585,Power
2021-04-08,Xinjiang,0.7342248579721355,Power
2021-04-09,Xinjiang,0.7250010107115449,Power
2021-04-10,Xinjiang,0.7181865007210547,Power
2021-04-11,Xinjiang,0.7161796385555705,Power
2021-04-12,Xinjiang,0.723396623650677,Power
2021-04-13,Xinjiang,0.7294116967895321,Power
2021-04-14,Xinjiang,0.7298141718941484,Power
2021-04-15,Xinjiang,0.7250010107115449,Power
2021-04-16,Xinjiang,0.7290092216849157,Power
2021-04-17,Xinjiang,0.7250010107115449,Power
2021-04-18,Xinjiang,0.7093651285650805,Power
2021-04-19,Xinjiang,0.7145752514947027,Power
2021-04-20,Xinjiang,0.7177840256164384,Power
2021-04-21,Xinjiang,0.7250010107115449,Power
2021-04-22,Xinjiang,0.7189859375726899,Power
2021-04-23,Xinjiang,0.7141727763900865,Power
2021-04-24,Xinjiang,0.7121714275821995,Power
2021-04-25,Xinjiang,0.7189859375726899,Power
2021-04-26,Xinjiang,0.7097620903120992,Power
2021-04-27,Xinjiang,0.7037470171732442,Power
2021-04-28,Xinjiang,0.7258059609207775,Power
2021-04-29,Xinjiang,0.7125683893292185,Power
2021-04-30,Xinjiang,0.7105670405213318,Power
2021-04-01,Jiangsu,1.0542013270034833,Power
2021-04-02,Jiangsu,1.0720093506393642,Power
2021-04-03,Jiangsu,1.04529348879456,Power
2021-04-04,Jiangsu,1.0308220780960424,Power
2021-04-05,Jiangsu,0.9940887246571822,Power
2021-04-06,Jiangsu,1.0285951185438114,Power
2021-04-07,Jiangsu,1.0297124247109102,Power
2021-04-08,Jiangsu,1.0191362800333048,Power
2021-04-09,Jiangsu,1.006333175803469,Power
2021-04-10,Jiangsu,0.9968743372929626,Power
2021-04-11,Jiangsu,0.9940887246571822,Power
2021-04-12,Jiangsu,1.004106216251238,Power
2021-04-13,Jiangsu,1.0124554013766125,Power
2021-04-14,Jiangsu,1.0130140544601618,Power
2021-04-15,Jiangsu,1.006333175803469,Power
2021-04-16,Jiangsu,1.011896748293063,Power
2021-04-17,Jiangsu,1.006333175803469,Power
2021-04-18,Jiangsu,0.984629886146676,Power
2021-04-19,Jiangsu,0.9918617651049515,Power
2021-04-20,Jiangsu,0.9963156842094133,Power
2021-04-21,Jiangsu,1.006333175803469,Power
2021-04-22,Jiangsu,0.9979839906780948,Power
2021-04-23,Jiangsu,0.9913031120214022,Power
2021-04-24,Jiangsu,0.9885251521675882,Power
2021-04-25,Jiangsu,0.9979839906780948,Power
2021-04-26,Jiangsu,0.9851808864482589,Power
2021-04-27,Jiangsu,0.9768317013228847,Power
2021-04-28,Jiangsu,1.0074504819705676,Power
2021-04-29,Jiangsu,0.9890761524691711,Power
2021-04-30,Jiangsu,0.9862981926153573,Power
2021-04-01,Jiangxi,0.21981757675898628,Power
2021-04-02,Jiangxi,0.22353083010275968,Power
2021-04-03,Jiangxi,0.21796015222432696,Power
2021-04-04,Jiangxi,0.2149426352182782,Power
2021-04-05,Jiangxi,0.20728315260112634,Power
2021-04-06,Jiangxi,0.21447827908461334,Power
2021-04-07,Jiangxi,0.2147112550142184,Power
2021-04-08,Jiangxi,0.21250596231069674,Power
2021-04-09,Jiangxi,0.2098363134735103,Power
2021-04-10,Jiangxi,0.2078639966995937,Power
2021-04-11,Jiangxi,0.20728315260112634,Power
2021-04-12,Jiangxi,0.20937195733984545,Power
2021-04-13,Jiangxi,0.21111289390970228,Power
2021-04-14,Jiangxi,0.2112293818745048,Power
2021-04-15,Jiangxi,0.2098363134735103,Power
2021-04-16,Jiangxi,0.21099640594489974,Power
2021-04-17,Jiangxi,0.2098363134735103,Power
2021-04-18,Jiangxi,0.20531083582720977,Power
2021-04-19,Jiangxi,0.2068187964674615,Power
2021-04-20,Jiangxi,0.2077475087347912,Power
2021-04-21,Jiangxi,0.2098363134735103,Power
2021-04-22,Jiangxi,0.2080953769036535,Power
2021-04-23,Jiangxi,0.20670230850265903,Power
2021-04-24,Jiangxi,0.20612306012973686,Power
2021-04-25,Jiangxi,0.2080953769036535,Power
2021-04-26,Jiangxi,0.20542572806646703,Power
2021-04-27,Jiangxi,0.20368479149661023,Power
2021-04-28,Jiangxi,0.2100692894031153,Power
2021-04-29,Jiangxi,0.20623795236899417,Power
2021-04-30,Jiangxi,0.20565870399607206,Power
2021-04-01,Hebei,0.732918492712228,Power
2021-04-02,Hebei,0.7452992680983609,Power
2021-04-03,Hebei,0.7267254447752024,Power
2021-04-04,Hebei,0.7166644021214948,Power
2021-04-05,Hebei,0.6911260601131416,Power
2021-04-06,Hebei,0.7151161401372383,Power
2021-04-07,Hebei,0.7158929313733259,Power
2021-04-08,Hebei,0.7085400170700874,Power
2021-04-09,Hebei,0.6996388407825928,Power
2021-04-10,Hebei,0.6930627177154417,Power
2021-04-11,Hebei,0.6911260601131416,Power
2021-04-12,Hebei,0.6980905787983362,Power
2021-04-13,Hebei,0.7038952311173183,Power
2021-04-14,Hebei,0.7042836267353619,Power
2021-04-15,Hebei,0.6996388407825928,Power
2021-04-16,Hebei,0.7035068354992745,Power
2021-04-17,Hebei,0.6996388407825928,Power
2021-04-18,Hebei,0.6845499370459908,Power
2021-04-19,Hebei,0.6895777981288852,Power
2021-04-20,Hebei,0.6926743220973981,Power
2021-04-21,Hebei,0.6996388407825928,Power
2021-04-22,Hebei,0.6938341884636108,Power
2021-04-23,Hebei,0.6891894025108415,Power
2021-04-24,Hebei,0.6872580653964596,Power
2021-04-25,Hebei,0.6938341884636108,Power
2021-04-26,Hebei,0.6849330121761159,Power
2021-04-27,Hebei,0.679128359857134,Power
2021-04-28,Hebei,0.7004156320186801,Power
2021-04-29,Hebei,0.687641140526585,Power
2021-04-30,Hebei,0.6857098034122032,Power
2021-04-01,Henan,0.5350016190156796,Power
2021-04-02,Henan,0.544039097182916,Power
2021-04-03,Henan,0.5304809380587981,Power
2021-04-04,Henan,0.5231367733771289,Power
2021-04-05,Henan,0.5044947900497826,Power
2021-04-06,Henan,0.5220066031379085,Power
2021-04-07,Henan,0.522573630130782,Power
2021-04-08,Henan,0.5172062924311168,Power
2021-04-09,Henan,0.5107087844922314,Power
2021-04-10,Henan,0.5059084737854397,Power
2021-04-11,Henan,0.5044947900497826,Power
2021-04-12,Henan,0.509578614253011,Power
2021-04-13,Henan,0.5138157817134559,Power
2021-04-14,Henan,0.5140992952098925,Power
2021-04-15,Henan,0.5107087844922314,Power
2021-04-16,Henan,0.513532268217019,Power
2021-04-17,Henan,0.5107087844922314,Power
2021-04-18,Henan,0.499694479342991,Power
2021-04-19,Henan,0.5033646198105622,Power
2021-04-20,Henan,0.5056249602890031,Power
2021-04-21,Henan,0.5107087844922314,Power
2021-04-22,Henan,0.5064716170317867,Power
2021-04-23,Henan,0.5030811063141256,Power
2021-04-24,Henan,0.5016713063249949,Power
2021-04-25,Henan,0.5064716170317867,Power
2021-04-26,Henan,0.49997410909290113,Power
2021-04-27,Henan,0.4957369416324564,Power
2021-04-28,Henan,0.5112758114851048,Power
2021-04-29,Henan,0.5019509360749052,Power
2021-04-30,Henan,0.5005411360857746,Power
2021-04-01,Zhejiang,0.571732471360382,Power
2021-04-02,Zhejiang,0.5813904229324279,Power
2021-04-03,Zhejiang,0.5669014203806393,Power
2021-04-04,Zhejiang,0.5590530377322771,Power
2021-04-05,Zhejiang,0.5391311780219976,Power
2021-04-06,Zhejiang,0.5578452749873414,Power
2021-04-07,Zhejiang,0.558451231553529,Power
2021-04-08,Zhejiang,0.5527153961119443,Power
2021-04-09,Zhejiang,0.5457717979254242,Power
2021-04-10,Zhejiang,0.5406419190500271,Power
2021-04-11,Zhejiang,0.5391311780219976,Power
2021-04-12,Zhejiang,0.5445640351804883,Power
2021-04-13,Zhejiang,0.5490921078771374,Power
2021-04-14,Zhejiang,0.5493950861602312,Power
2021-04-15,Zhejiang,0.5457717979254242,Power
2021-04-16,Zhejiang,0.5487891295940435,Power
2021-04-17,Zhejiang,0.5457717979254242,Power
2021-04-18,Zhejiang,0.5340012991466008,Power
2021-04-19,Zhejiang,0.537923415277062,Power
2021-04-20,Zhejiang,0.5403389407669333,Power
2021-04-21,Zhejiang,0.5457717979254242,Power
2021-04-22,Zhejiang,0.5412437252287752,Power
2021-04-23,Zhejiang,0.5376204369939681,Power
2021-04-24,Zhejiang,0.5361138463533781,Power
2021-04-25,Zhejiang,0.5412437252287752,Power
2021-04-26,Zhejiang,0.5343001270422549,Power
2021-04-27,Zhejiang,0.5297720543456059,Power
2021-04-28,Zhejiang,0.5463777544916117,Power
2021-04-29,Zhejiang,0.5364126742490324,Power
2021-04-30,Zhejiang,0.5349060836084425,Power
2021-04-01,Hainan,0.058340172779939775,Power
2021-04-02,Hainan,0.05932568014857459,Power
2021-04-03,Hainan,0.05784720734070862,Power
2021-04-04,Hainan,0.05704635025687173,Power
2021-04-05,Hainan,0.05501350308478445,Power
2021-04-06,Hainan,0.05692310889706393,Power
2021-04-07,Hainan,0.05698494133188159,Power
2021-04-08,Hainan,0.056399650750251454,Power
2021-04-09,Hainan,0.05569111880881355,Power
2021-04-10,Hainan,0.05516766066200107,Power
2021-04-11,Hainan,0.05501350308478445,Power
2021-04-12,Hainan,0.055567877449005744,Power
2021-04-13,Hainan,0.056029926670828095,Power
2021-04-14,Hainan,0.05606084288823692,Power
2021-04-15,Hainan,0.05569111880881355,Power
2021-04-16,Hainan,0.05599901045341926,Power
2021-04-17,Hainan,0.05569111880881355,Power
2021-04-18,Hainan,0.054490044937971986,Power
2021-04-19,Hainan,0.05489026172497666,Power
2021-04-20,Hainan,0.055136744444592246,Power
2021-04-21,Hainan,0.05569111880881355,Power
2021-04-22,Hainan,0.05522906958699121,Power
2021-04-23,Hainan,0.05485934550756784,Power
2021-04-24,Hainan,0.05470561144017872,Power
2021-04-25,Hainan,0.05522906958699121,Power
2021-04-26,Hainan,0.054520537645553285,Power
2021-04-27,Hainan,0.05405848842373095,Power
2021-04-28,Hainan,0.055752951243631194,Power
2021-04-29,Hainan,0.054736104147760034,Power
2021-04-30,Hainan,0.05458237008037094,Power
2021-04-01,Hubei,0.2711433203111099,Power
2021-04-02,Hubei,0.2757235902587263,Power
2021-04-03,Hubei,0.2688522011795991,Power
2021-04-04,Hubei,0.2651301167485967,Power
2021-04-05,Hubei,0.25568220280422244,Power
2021-04-06,Hubei,0.264557336965719,Power
2021-04-07,Hubei,0.2648447110148604,Power
2021-04-08,Hubei,0.2621244991250426,Power
2021-04-09,Hubei,0.25883150745234723,Power
2021-04-10,Hubei,0.25639866961167085,Power
2021-04-11,Hubei,0.25568220280422244,Power
2021-04-12,Hubei,0.2582587276694695,Power
2021-04-13,Hubei,0.26040615977640963,Power
2021-04-14,Hubei,0.2605498468009803,Power
2021-04-15,Hubei,0.25883150745234723,Power
2021-04-16,Hubei,0.2602624727518389,Power
2021-04-17,Hubei,0.25883150745234723,Power
2021-04-18,Hubei,0.25324936496354616,Power
2021-04-19,Hubei,0.25510942302134476,Power
2021-04-20,Hubei,0.25625498258710017,Power
2021-04-21,Hubei,0.25883150745234723,Power
2021-04-22,Hubei,0.25668407534540716,Power
2021-04-23,Hubei,0.25496573599677413,Power
2021-04-24,Hubei,0.2542512375047308,Power
2021-04-25,Hubei,0.25668407534540716,Power
2021-04-26,Hubei,0.25339108367271174,Power
2021-04-27,Hubei,0.25124365156577166,Power
2021-04-28,Hubei,0.2591188815014886,Power
2021-04-29,Hubei,0.2543929562138964,Power
2021-04-30,Hubei,0.2536784577218531,Power
2021-04-01,Hunan,0.17098693657976322,Power
2021-04-02,Hunan,0.17387532168234543,Power
2021-04-03,Hunan,0.16954212340425584,Power
2021-04-04,Hunan,0.16719492261827262,Power
2021-04-05,Hunan,0.1612369301419535,Power
2021-04-06,Hunan,0.16683371932439575,Power
2021-04-07,Hunan,0.16701494159555047,Power
2021-04-08,Hunan,0.1652995362617436,Power
2021-04-09,Hunan,0.16322292763405988,Power
2021-04-10,Hunan,0.1616887445714077,Power
2021-04-11,Hunan,0.1612369301419535,Power
2021-04-12,Hunan,0.162861724340183,Power
2021-04-13,Hunan,0.1642159263801131,Power
2021-04-14,Hunan,0.1643065375156904,Power
2021-04-15,Hunan,0.16322292763405988,Power
2021-04-16,Hunan,0.1641253152445357,Power
2021-04-17,Hunan,0.16322292763405988,Power
2021-04-18,Hunan,0.15970274707930135,Power
2021-04-19,Hunan,0.16087572684807666,Power
2021-04-20,Hunan,0.16159813343583038,Power
2021-04-21,Hunan,0.16322292763405988,Power
2021-04-22,Hunan,0.16186872559412985,Power
2021-04-23,Hunan,0.16078511571249932,Power
2021-04-24,Hunan,0.16033454253147764,Power
2021-04-25,Hunan,0.16186872559412985,Power
2021-04-26,Hunan,0.15979211696644613,Power
2021-04-27,Hunan,0.1584379149265161,Power
2021-04-28,Hunan,0.16340414990521457,Power
2021-04-29,Hunan,0.16042391241862244,Power
2021-04-30,Hunan,0.15997333923760082,Power
2021-04-01,Gansu,0.2466426507803913,Power
2021-04-02,Gansu,0.2508090448478301,Power
2021-04-03,Gansu,0.24455855851803684,Power
2021-04-04,Gansu,0.2411728038203459,Power
2021-04-05,Gansu,0.23257860892403884,Power
2021-04-06,Gansu,0.24065178075475724,Power
2021-04-07,Gansu,0.2409131875161866,Power
2021-04-08,Gansu,0.23843877556895818,Power
2021-04-09,Gansu,0.23544334055614122,Power
2021-04-10,Gansu,0.23323033537034213,Power
2021-04-11,Gansu,0.23257860892403884,Power
2021-04-12,Gansu,0.23492231749055256,Power
2021-04-13,Gansu,0.23687570637219238,Power
2021-04-14,Gansu,0.23700640975290704,Power
2021-04-15,Gansu,0.23544334055614122,Power
2021-04-16,Gansu,0.2367450029914777,Power
2021-04-17,Gansu,0.23544334055614122,Power
2021-04-18,Gansu,0.23036560373823983,Power
2021-04-19,Gansu,0.23205758585845024,Power
2021-04-20,Gansu,0.2330996319896275,Power
2021-04-21,Gansu,0.23544334055614122,Power
2021-04-22,Gansu,0.23348995167450143,Power
2021-04-23,Gansu,0.2319268824777356,Power
2021-04-24,Gansu,0.2312769464887023,Power
2021-04-25,Gansu,0.23348995167450143,Power
2021-04-26,Gansu,0.2304945166616844,Power
2021-04-27,Gansu,0.22854112778004462,Power
2021-04-28,Gansu,0.23570474731757052,Power
2021-04-29,Gansu,0.23140585941214695,Power
2021-04-30,Gansu,0.2307559234231137,Power
2021-04-01,Fujian,0.31666929122478044,Power
2021-04-02,Fujian,0.3220186055146019,Power
2021-04-03,Fujian,0.3139934846784323,Power
2021-04-04,Fujian,0.30964644844205397,Power
2021-04-05,Fujian,0.2986121946426801,Power
2021-04-06,Fujian,0.3089774968054669,Power
2021-04-07,Fujian,0.30931312202519784,Power
2021-04-08,Fujian,0.3061361764521281,Power
2021-04-09,Fujian,0.30229027924247137,Power
2021-04-10,Fujian,0.2994489588891326,Power
2021-04-11,Fujian,0.2986121946426801,Power
2021-04-12,Fujian,0.3016213276058843,Power
2021-04-13,Fujian,0.30412932154236705,Power
2021-04-14,Fujian,0.3042971341522325,Power
2021-04-15,Fujian,0.30229027924247137,Power
2021-04-16,Fujian,0.3039615089325015,Power
2021-04-17,Fujian,0.30229027924247137,Power
2021-04-18,Fujian,0.29577087428934135,Power
2021-04-19,Fujian,0.29794324300609304,Power
2021-04-20,Fujian,0.29928114627926716,Power
2021-04-21,Fujian,0.30229027924247137,Power
2021-04-22,Fujian,0.2997822853059887,Power
2021-04-23,Fujian,0.29777543039622756,Power
2021-04-24,Fujian,0.2969409649526499,Power
2021-04-25,Fujian,0.2997822853059887,Power
2021-04-26,Fujian,0.29593638809633194,Power
2021-04-27,Fujian,0.2934283941598492,Power
2021-04-28,Fujian,0.3026259044622023,Power
2021-04-29,Fujian,0.2971064787596405,Power
2021-04-30,Fujian,0.29627201331606284,Power
2021-04-01,Tibet,0.0013666852813321337,Power
2021-04-02,Tibet,0.0013897719187412824,Power
2021-04-03,Tibet,0.001355137002026483,Power
2021-04-04,Tibet,0.001336376008755877,Power
2021-04-05,Tibet,0.0012887542384232968,Power
2021-04-06,Tibet,0.001333488938929464,Power
2021-04-07,Tibet,0.0013349374344437468,Power
2021-04-08,Tibet,0.0013212263330688247,Power
2021-04-09,Tibet,0.0013046281618674903,Power
2021-04-10,Tibet,0.0012923655560068508,Power
2021-04-11,Tibet,0.0012887542384232968,Power
2021-04-12,Tibet,0.0013017410920410774,Power
2021-04-13,Tibet,0.0013125651235895868,Power
2021-04-14,Tibet,0.0013132893713467281,Power
2021-04-15,Tibet,0.0013046281618674903,Power
2021-04-16,Tibet,0.0013118408758324455,Power
2021-04-17,Tibet,0.0013046281618674903,Power
2021-04-18,Tibet,0.0012764916325626575,Power
2021-04-19,Tibet,0.001285867168596884,Power
2021-04-20,Tibet,0.0012916413082497095,Power
2021-04-21,Tibet,0.0013046281618674903,Power
2021-04-22,Tibet,0.0012938041303189808,Power
2021-04-23,Tibet,0.0012851429208397428,Power
2021-04-24,Tibet,0.001281541524458341,Power
2021-04-25,Tibet,0.0012938041303189808,Power
2021-04-26,Tibet,0.001277205959117646,Power
2021-04-27,Tibet,0.0012663819275691368,Power
2021-04-28,Tibet,0.0013060766573817727,Power
2021-04-29,Tibet,0.00128225585101333,Power
2021-04-30,Tibet,0.0012786544546319286,Power
2021-04-01,Guizhou,0.29760547683720845,Power
2021-04-02,Guizhou,0.30263275694958397,Power
2021-04-03,Guizhou,0.29509075657472233,Power
2021-04-04,Guizhou,0.29100541635448074,Power
2021-04-05,Guizhou,0.2806354358906205,Power
2021-04-06,Guizhou,0.2903767362888592,Power
2021-04-07,Guizhou,0.29069215652796826,Power
2021-04-08,Guizhou,0.28770646631941516,Power
2021-04-09,Guizhou,0.2840920960452406,Power
2021-04-10,Guizhou,0.2814218260757966,Power
2021-04-11,Guizhou,0.2806354358906205,Power
2021-04-12,Guizhou,0.28346341597961905,Power
2021-04-13,Guizhou,0.28582042612255065,Power
2021-04-14,Guizhou,0.28597813624210516,Power
2021-04-15,Guizhou,0.2840920960452406,Power
2021-04-16,Guizhou,0.2856627160029961,Power
2021-04-17,Guizhou,0.2840920960452406,Power
2021-04-18,Guizhou,0.27796516592117654,Power
2021-04-19,Guizhou,0.280006755824999,Power
2021-04-20,Guizhou,0.28126411595624207,Power
2021-04-21,Guizhou,0.2840920960452406,Power
2021-04-22,Guizhou,0.28173508590230906,Power
2021-04-23,Guizhou,0.27984904570544444,Power
2021-04-24,Guizhou,0.279064815932865,Power
2021-04-25,Guizhou,0.28173508590230906,Power
2021-04-26,Guizhou,0.2781207156281344,Power
2021-04-27,Guizhou,0.27576370548520285,Power
2021-04-28,Guizhou,0.2844075162843496,Power
2021-04-29,Guizhou,0.2792203656398229,Power
2021-04-30,Guizhou,0.2784361358672435,Power
2021-04-01,Liaoning,0.33886142250706813,Power
2021-04-02,Liaoning,0.34458561585298875,Power
2021-04-03,Liaoning,0.33599809588280877,Power
2021-04-04,Liaoning,0.33134642006968634,Power
2021-04-05,Liaoning,0.31953888759851357,Power
2021-04-06,Liaoning,0.3306305884136214,Power
2021-04-07,Liaoning,0.33098973419295297,Power
2021-04-08,Liaoning,0.3275901488022945,Power
2021-04-09,Liaoning,0.3234747317555712,Power
2021-04-10,Liaoning,0.3204342921442442,Power
2021-04-11,Liaoning,0.31953888759851357,Power
2021-04-12,Liaoning,0.3227589000995063,Power
2021-04-13,Liaoning,0.3254426538341,Power
2021-04-14,Liaoning,0.32562222672376573,Power
2021-04-15,Liaoning,0.3234747317555712,Power
2021-04-16,Liaoning,0.3252630809444342,Power
2021-04-17,Liaoning,0.3234747317555712,Power
2021-04-18,Liaoning,0.3164984479871867,Power
2021-04-19,Liaoning,0.31882305594244875,Power
2021-04-20,Liaoning,0.3202547192545785,Power
2021-04-21,Liaoning,0.3234747317555712,Power
2021-04-22,Liaoning,0.32079097802097756,Power
2021-04-23,Liaoning,0.318643483052783,Power
2021-04-24,Liaoning,0.3177505384096505,Power
2021-04-25,Liaoning,0.32079097802097756,Power
2021-04-26,Liaoning,0.3166755609742542,Power
2021-04-27,Liaoning,0.3139918072396606,Power
2021-04-28,Liaoning,0.32383387753490267,Power
2021-04-29,Liaoning,0.31792765139671814,Power
2021-04-30,Liaoning,0.3170347067535857,Power
2021-04-01,Chongqing,0.12205270989936734,Power
2021-04-02,Chongqing,0.12411447693288961,Power
2021-04-03,Chongqing,0.1210213833729299,Power
2021-04-04,Chongqing,0.11934592077714537,Power
2021-04-05,Chongqing,0.11509302788461981,Power
2021-04-06,Chongqing,0.11908808914553598,Power
2021-04-07,Chongqing,0.11921744797101698,Power
2021-04-08,Chongqing,0.11799296922571066,Power
2021-04-09,Chongqing,0.11651065884879501,Power
2021-04-10,Chongqing,0.11541553892896968,Power
2021-04-11,Chongqing,0.11509302788461981,Power
2021-04-12,Chongqing,0.11625282721718563,Power
2021-04-13,Chongqing,0.1172194743308826,Power
2021-04-14,Chongqing,0.11728415374362308,Power
2021-04-15,Chongqing,0.11651065884879501,Power
2021-04-16,Chongqing,0.11715479491814208,Power
2021-04-17,Chongqing,0.11651065884879501,Power
2021-04-18,Chongqing,0.1139979079647945,Power
2021-04-19,Chongqing,0.11483519625301046,Power
2021-04-20,Chongqing,0.11535085951622918,Power
2021-04-21,Chongqing,0.11651065884879501,Power
2021-04-22,Chongqing,0.11554401173509805,Power
2021-04-23,Chongqing,0.11477051684026997,Power
2021-04-24,Chongqing,0.11444889181527271,Power
2021-04-25,Chongqing,0.11554401173509805,Power
2021-04-26,Chongqing,0.11406170135818237,Power
2021-04-27,Chongqing,0.11309505424448543,Power
2021-04-28,Chongqing,0.11664001767427598,Power
2021-04-29,Chongqing,0.11451268520866059,Power
2021-04-30,Chongqing,0.11419106018366335,Power
2021-04-01,Shaanxi,0.5345865891212318,Power
2021-04-02,Shaanxi,0.5436170564244325,Power
2021-04-03,Shaanxi,0.530069415102785,Power
2021-04-04,Shaanxi,0.5227309476896556,Power
2021-04-05,Shaanxi,0.5041034259641018,Power
2021-04-06,Shaanxi,0.5216016541850438,Power
2021-04-07,Shaanxi,0.522168241304196,Power
2021-04-08,Shaanxi,0.5168050673407136,Power
2021-04-09,Shaanxi,0.5103125998726198,Power
2021-04-10,Shaanxi,0.5055160130282897,Power
2021-04-11,Shaanxi,0.5041034259641018,Power
2021-04-12,Shaanxi,0.509183306368008,Power
2021-04-13,Shaanxi,0.5134171868268788,Power
2021-04-14,Shaanxi,0.5137004803864548,Power
2021-04-15,Shaanxi,0.5103125998726198,Power
2021-04-16,Shaanxi,0.5131338932673025,Power
2021-04-17,Shaanxi,0.5103125998726198,Power
2021-04-18,Shaanxi,0.49930683911977186,Power
2021-04-19,Shaanxi,0.5029741324594902,Power
2021-04-20,Shaanxi,0.5052327194687136,Power
2021-04-21,Shaanxi,0.5103125998726198,Power
2021-04-22,Shaanxi,0.5060787194137492,Power
2021-04-23,Shaanxi,0.5026908388999141,Power
2021-04-24,Shaanxi,0.501282132569419,Power
2021-04-25,Shaanxi,0.5060787194137492,Power
2021-04-26,Shaanxi,0.49958625194565515,Power
2021-04-27,Shaanxi,0.4953523714867845,Power
2021-04-28,Shaanxi,0.5108791869917719,Power
2021-04-29,Shaanxi,0.5015615453953023,Power
2021-04-30,Shaanxi,0.5001528390648073,Power
2021-04-01,Qinghai,0.06578928233442174,Power
2021-04-02,Qinghai,0.066900623275463,Power
2021-04-03,Qinghai,0.0652333730712623,Power
2021-04-04,Qinghai,0.064330259311267,Power
2021-04-05,Qinghai,0.0620378499786507,Power
2021-04-06,Qinghai,0.06419128199547713,Power
2021-04-07,Qinghai,0.06426100944601087,Power
2021-04-08,Qinghai,0.06360098659232843,Power
2021-04-09,Qinghai,0.06280198642285614,Power
2021-04-10,Qinghai,0.062211691019707444,Power
2021-04-11,Qinghai,0.0620378499786507,Power
2021-04-12,Qinghai,0.06266300910706626,Power
2021-04-13,Qinghai,0.06318405464495885,Power
2021-04-14,Qinghai,0.06321891837022572,Power
2021-04-15,Qinghai,0.06280198642285614,Power
2021-04-16,Qinghai,0.06314919091969198,Power
2021-04-17,Qinghai,0.06280198642285614,Power
2021-04-18,Qinghai,0.06144755457550202,Power
2021-04-19,Qinghai,0.06189887266286084,Power
2021-04-20,Qinghai,0.06217682729444057,Power
2021-04-21,Qinghai,0.06280198642285614,Power
2021-04-22,Qinghai,0.06228094088496356,Power
2021-04-23,Qinghai,0.06186400893759398,Power
2021-04-24,Qinghai,0.061690645481814854,Power
2021-04-25,Qinghai,0.06228094088496356,Power
2021-04-26,Qinghai,0.061481940715491255,Power
2021-04-27,Qinghai,0.06096089517759868,Power
2021-04-28,Qinghai,0.06287171387338988,Power
2021-04-29,Qinghai,0.06172503162180411,Power
2021-04-30,Qinghai,0.061551668166024996,Power
2021-04-01,Heilongjiang,0.1918108552269376,Power
2021-04-02,Heilongjiang,0.1950510069474908,Power
2021-04-03,Heilongjiang,0.19019008315872796,Power
2021-04-04,Heilongjiang,0.1875570247558203,Power
2021-04-05,Heilongjiang,0.18087342859825462,Power
2021-04-06,Heilongjiang,0.18715183173876787,Power
2021-04-07,Heilongjiang,0.18735512445522717,Power
2021-04-08,Heilongjiang,0.1854308057281947,Power
2021-04-09,Heilongjiang,0.18310129398410988,Power
2021-04-10,Heilongjiang,0.1813802679735367,Power
2021-04-11,Heilongjiang,0.18087342859825462,Power
2021-04-12,Heilongjiang,0.1826961009670574,Power
2021-04-13,Heilongjiang,0.1842152266770375,Power
2021-04-14,Heilongjiang,0.18431687303526711,Power
2021-04-15,Heilongjiang,0.18310129398410988,Power
2021-04-16,Heilongjiang,0.1841135803188078,Power
2021-04-17,Heilongjiang,0.18310129398410988,Power
2021-04-18,Heilongjiang,0.1791524025876815,Power
2021-04-19,Heilongjiang,0.18046823558120223,Power
2021-04-20,Heilongjiang,0.18127862161530706,Power
2021-04-21,Heilongjiang,0.18310129398410988,Power
2021-04-22,Heilongjiang,0.18158216827412985,Power
2021-04-23,Heilongjiang,0.18036658922297258,Power
2021-04-24,Heilongjiang,0.17986114226355662,Power
2021-04-25,Heilongjiang,0.18158216827412985,Power
2021-04-26,Heilongjiang,0.17925265653004496,Power
2021-04-27,Heilongjiang,0.17773353082006493,Power
2021-04-28,Heilongjiang,0.18330458670056912,Power
2021-04-29,Heilongjiang,0.17996139620592014,Power
2021-04-30,Heilongjiang,0.17945594924650424,Power
2021-05-01,Shanghai,0.09698742510630104,Power
2021-05-02,Shanghai,0.09452930510794483,Power
2021-05-03,Shanghai,0.09766327383126788,Power
2021-05-04,Shanghai,0.107497544152441,Power
2021-05-05,Shanghai,0.10639112160401847,Power
2021-05-06,Shanghai,0.10620671784594804,Power
2021-05-07,Shanghai,0.10639112160401847,Power
2021-05-08,Shanghai,0.10424004281448825,Power
2021-05-09,Shanghai,0.1062684841532629,Power
2021-05-10,Shanghai,0.1089727742170044,Power
2021-05-11,Shanghai,0.11235291300571272,Power
2021-05-12,Shanghai,0.11265995421453871,Power
2021-05-13,Shanghai,0.11358197300489081,Power
2021-05-14,Shanghai,0.1135211018614501,Power
2021-05-15,Shanghai,0.11634802937594718,Power
2021-05-16,Shanghai,0.11493456561869862,Power
2021-05-17,Shanghai,0.11659419944133244,Power
2021-05-18,Shanghai,0.11751621823168457,Power
2021-05-19,Shanghai,0.1161018593105619,Power
2021-05-20,Shanghai,0.11800766319858098,Power
2021-05-21,Shanghai,0.11862174561623297,Power
2021-05-22,Shanghai,0.11978993447197034,Power
2021-05-23,Shanghai,0.12022050829542605,Power
2021-05-24,Shanghai,0.12163397205267458,Power
2021-05-25,Shanghai,0.11905231943968865,Power
2021-05-26,Shanghai,0.1188061493743034,Power
2021-05-27,Shanghai,0.12009697568079633,Power
2021-05-28,Shanghai,0.11917495689044423,Power
2021-05-29,Shanghai,0.11935936064851466,Power
2021-05-30,Shanghai,0.11634802937594718,Power
2021-05-31,Shanghai,0.11702387810091401,Power
2021-05-01,Yunnan,0.12466448602306314,Power
2021-05-02,Yunnan,0.12150489841835849,Power
2021-05-03,Yunnan,0.12553320002217166,Power
2021-05-04,Yunnan,0.13817385167012702,Power
2021-05-05,Yunnan,0.13675169206363944,Power
2021-05-06,Yunnan,0.13651466546255817,Power
2021-05-07,Yunnan,0.13675169206363944,Power
2021-05-08,Yunnan,0.13398676525588077,Power
2021-05-09,Yunnan,0.1365940578677747,Power
2021-05-10,Yunnan,0.14007006447877718,Power
2021-05-11,Yunnan,0.1444147850888882,Power
2021-05-12,Yunnan,0.14480944588583416,Power
2021-05-13,Yunnan,0.14599457889124048,Power
2021-05-14,Yunnan,0.14591633710059232,Power
2021-05-15,Yunnan,0.14954997790745955,Power
2021-05-16,Yunnan,0.1477331575040259,Power
2021-05-17,Yunnan,0.14986639691375733,Power
2021-05-18,Yunnan,0.15105152991916368,Power
2021-05-19,Yunnan,0.14923355890116172,Power
2021-05-20,Yunnan,0.15168321731719095,Power
2021-05-21,Yunnan,0.15247253891108292,Power
2021-05-22,Yunnan,0.15397409092278705,Power
2021-05-23,Yunnan,0.15452753653016613,Power
2021-05-24,Yunnan,0.15634435693359974,Power
2021-05-25,Yunnan,0.153025984518462,Power
2021-05-26,Yunnan,0.1527095655121642,Power
2021-05-27,Yunnan,0.15436875171973305,Power
2021-05-28,Yunnan,0.15318361871432673,Power
2021-05-29,Yunnan,0.153420645315408,Power
2021-05-30,Yunnan,0.14954997790745955,Power
2021-05-31,Yunnan,0.15041869190656806,Power
2021-05-01,InnerMongolia,0.9662512588612157,Power
2021-05-02,InnerMongolia,0.9417618826329018,Power
2021-05-03,InnerMongolia,0.9729844995940551,Power
2021-05-04,InnerMongolia,1.070959840906603,Power
2021-05-05,InnerMongolia,1.0599369461439678,Power
2021-05-06,InnerMongolia,1.058099797016862,Power
2021-05-07,InnerMongolia,1.0599369461439678,Power
2021-05-08,InnerMongolia,1.0385065123942816,Power
2021-05-09,InnerMongolia,1.058715152792446,Power
2021-05-10,InnerMongolia,1.08565703392345,Power
2021-05-11,InnerMongolia,1.119332155787293,Power
2021-05-12,InnerMongolia,1.1223910982659207,Power
2021-05-13,InnerMongolia,1.1315768439014497,Power
2021-05-14,InnerMongolia,1.1309704063255122,Power
2021-05-15,InnerMongolia,1.1591340808080377,Power
2021-05-16,InnerMongolia,1.1450522435667747,Power
2021-05-17,InnerMongolia,1.1615865857107275,Power
2021-05-18,InnerMongolia,1.1707723313462568,Power
2021-05-19,InnerMongolia,1.156681575905348,Power
2021-05-20,InnerMongolia,1.1756684229519905,Power
2021-05-21,InnerMongolia,1.1817863079092459,Power
2021-05-22,InnerMongolia,1.1934245584474648,Power
2021-05-23,InnerMongolia,1.1977142124772606,Power
2021-05-24,InnerMongolia,1.2117960497185234,Power
2021-05-25,InnerMongolia,1.1860759619390415,Power
2021-05-26,InnerMongolia,1.1836234570363517,Power
2021-05-27,InnerMongolia,1.1964835009260923,Power
2021-05-28,InnerMongolia,1.1872977552905633,Power
2021-05-29,InnerMongolia,1.1891349044176691,Power
2021-05-30,InnerMongolia,1.1591340808080377,Power
2021-05-31,InnerMongolia,1.1658673215408772,Power
2021-05-01,Beijing,0.04279930999951381,Power
2021-05-02,Beijing,0.04171457308944177,Power
2021-05-03,Beijing,0.04309755339612867,Power
2021-05-04,Beijing,0.04743729108514957,Power
2021-05-05,Beijing,0.04694904096830724,Power
2021-05-06,Beijing,0.046867665948833515,Power
2021-05-07,Beijing,0.04694904096830724,Power
2021-05-08,Beijing,0.04599979741590261,Power
2021-05-09,Beijing,0.04689492263011355,Power
2021-05-10,Beijing,0.04808829124093934,Power
2021-05-11,Beijing,0.049579903248379985,Power
2021-05-12,Beijing,0.049715396606047395,Power
2021-05-13,Beijing,0.050122271703416,Power
2021-05-14,Beijing,0.05009541004650235,Power
2021-05-15,Beijing,0.05134289699552184,Power
2021-05-16,Beijing,0.050719153521012084,Power
2021-05-17,Beijing,0.05145152869627559,Power
2021-05-18,Beijing,0.051858403793644196,Power
2021-05-19,Beijing,0.05123426529476807,Power
2021-05-20,Beijing,0.05207527217078533,Power
2021-05-21,Beijing,0.05234625888612015,Power
2021-05-22,Beijing,0.0528617656842425,Power
2021-05-23,Beijing,0.05305177240446998,Power
2021-05-24,Beijing,0.05367551587897973,Power
2021-05-25,Beijing,0.052536265606347624,Power
2021-05-26,Beijing,0.05242763390559387,Power
2021-05-27,Beijing,0.05299725904190991,Power
2021-05-28,Beijing,0.05259038394454131,Power
2021-05-29,Beijing,0.052671758964015034,Power
2021-05-30,Beijing,0.05134289699552184,Power
2021-05-31,Beijing,0.051641140392136686,Power
2021-05-01,Jilin,0.11962450977522751,Power
2021-05-02,Jilin,0.11659265900230766,Power
2021-05-03,Jilin,0.12045810312320804,Power
2021-05-04,Jilin,0.13258771440918674,Power
2021-05-05,Jilin,0.1312230503322279,Power
2021-05-06,Jilin,0.13099560631940144,Power
2021-05-07,Jilin,0.1312230503322279,Power
2021-05-08,Jilin,0.12856990488163564,Power
2021-05-09,Jilin,0.13107178902272681,Power
2021-05-10,Jilin,0.13440726651179852,Power
2021-05-11,Jilin,0.13857633734885072,Power
2021-05-12,Jilin,0.1389550426711783,Power
2021-05-13,Jilin,0.14009226273531064,Power
2021-05-14,Jilin,0.14001718412913494,Power
2021-05-15,Jilin,0.14350392292770775,Power
2021-05-16,Jilin,0.14176055352842132,Power
2021-05-17,Jilin,0.14380754964385958,Power
2021-05-18,Jilin,0.14494476970799194,Power
2021-05-19,Jilin,0.1432002962115559,Power
2021-05-20,Jilin,0.145550919043146,Power
2021-05-21,Jilin,0.14630832968780114,Power
2021-05-22,Jilin,0.1477491764680853,Power
2021-05-23,Jilin,0.14828024719706362,Power
2021-05-24,Jilin,0.15002361659635002,Power
2021-05-25,Jilin,0.14683940041677943,Power
2021-05-26,Jilin,0.1465357737006276,Power
2021-05-27,Jilin,0.14812788179041286,Power
2021-05-28,Jilin,0.14699066172628053,Power
2021-05-29,Jilin,0.14721810573910699,Power
2021-05-30,Jilin,0.14350392292770775,Power
2021-05-31,Jilin,0.14433751627568825,Power
2021-05-01,Sichuan,0.13806754500056692,Power
2021-05-02,Sichuan,0.134568260499325,Power
2021-05-03,Sichuan,0.13902965709031115,Power
2021-05-04,Sichuan,0.15302934373657615,Power
2021-05-05,Sichuan,0.15145428341482267,Power
2021-05-06,Sichuan,0.1511917733611971,Power
2021-05-07,Sichuan,0.15145428341482267,Power
2021-05-08,Sichuan,0.14839209089607383,Power
2021-05-09,Sichuan,0.15127970148595518,Power
2021-05-10,Sichuan,0.1551294241655808,Power
2021-05-11,Sichuan,0.15994125893495056,Power
2021-05-12,Sichuan,0.16037835091744365,Power
2021-05-13,Sichuan,0.1616909011855715,Power
2021-05-14,Sichuan,0.16160424738146212,Power
2021-05-15,Sichuan,0.16562855198995521,Power
2021-05-16,Sichuan,0.16361639968570862,Power
2021-05-17,Sichuan,0.16597899016833886,Power
2021-05-18,Sichuan,0.16729154043646674,Power
2021-05-19,Sichuan,0.16527811381157154,Power
2021-05-20,Sichuan,0.1679911424725854,Power
2021-05-21,Sichuan,0.16886532643757154,Power
2021-05-22,Sichuan,0.17052831488408304,Power
2021-05-23,Sichuan,0.17114126311609232,Power
2021-05-24,Sichuan,0.17315341542033885,Power
2021-05-25,Sichuan,0.16947827466958076,Power
2021-05-26,Sichuan,0.16912783649119711,Power
2021-05-27,Sichuan,0.17096540686657613,Power
2021-05-28,Sichuan,0.16965285659844825,Power
2021-05-29,Sichuan,0.16991536665207382,Power
2021-05-30,Sichuan,0.16562855198995521,Power
2021-05-31,Sichuan,0.16659066407969944,Power
2021-05-01,Tianjin,0.11618921126529029,Power
2021-05-02,Tianjin,0.11324442720187783,Power
2021-05-03,Tianjin,0.11699886602416736,Power
2021-05-04,Tianjin,0.12878014705863544,Power
2021-05-05,Tianjin,0.1274546725129771,Power
2021-05-06,Tianjin,0.12723376008870071,Power
2021-05-07,Tianjin,0.1274546725129771,Power
2021-05-08,Tianjin,0.12487771835988891,Power
2021-05-09,Tianjin,0.1273077550269292,Power
2021-05-10,Tianjin,0.13054744645284658,Power
2021-05-11,Tianjin,0.134596792637641,Power
2021-05-12,Tianjin,0.13496462254796526,Power
2021-05-13,Tianjin,0.1360691846693472,Power
2021-05-14,Tianjin,0.13599626212152782,Power
2021-05-15,Tianjin,0.1393828710334931,Power
2021-05-16,Tianjin,0.13768956657751044,Power
2021-05-17,Tianjin,0.139677778395998,Power
2021-05-18,Tianjin,0.14078234051737995,Power
2021-05-19,Tianjin,0.1390879636709882,Power
2021-05-20,Tianjin,0.1413710828519806,Power
2021-05-21,Tianjin,0.14210674267262918,Power
2021-05-22,Tianjin,0.143506212156516,Power
2021-05-23,Tianjin,0.14402203194329727,Power
2021-05-24,Tianjin,0.14571533639927992,Power
2021-05-25,Tianjin,0.14262256245941043,Power
2021-05-26,Tianjin,0.14232765509690556,Power
2021-05-27,Tianjin,0.14387404206684026,Power
2021-05-28,Tianjin,0.14276947994545833,Power
2021-05-29,Tianjin,0.1429903923697347,Power
2021-05-30,Tianjin,0.1393828710334931,Power
2021-05-31,Tianjin,0.14019252579237015,Power
2021-05-01,Ningxia,0.2595029707918886,Power
2021-05-02,Ningxia,0.2529259383421948,Power
2021-05-03,Ningxia,0.26131129544575565,Power
2021-05-04,Ningxia,0.28762421550851464,Power
2021-05-05,Ningxia,0.28466383236655485,Power
2021-05-06,Ningxia,0.28417043517622825,Power
2021-05-07,Ningxia,0.28466383236655485,Power
2021-05-08,Ningxia,0.2789083301900748,Power
2021-05-09,Ningxia,0.28433569928366775,Power
2021-05-10,Ningxia,0.2915713930311277,Power
2021-05-11,Ningxia,0.3006154114324547,Power
2021-05-12,Ningxia,0.3014369417056684,Power
2021-05-13,Ningxia,0.30390392765730156,Power
2021-05-14,Ningxia,0.30374105868185397,Power
2021-05-15,Ningxia,0.31130488551220103,Power
2021-05-16,Ningxia,0.30752297209702745,Power
2021-05-17,Ningxia,0.3119635468099672,Power
2021-05-18,Ningxia,0.3144305327616003,Power
2021-05-19,Ningxia,0.3106462242144349,Power
2021-05-20,Ningxia,0.3157454602251407,Power
2021-05-21,Ningxia,0.31738852077156826,Power
2021-05-22,Ningxia,0.32051416802096744,Power
2021-05-23,Ningxia,0.32166622650906024,Power
2021-05-24,Ningxia,0.3254481399242338,Power
2021-05-25,Ningxia,0.31854057925966095,Power
2021-05-26,Ningxia,0.31788191796189486,Power
2021-05-27,Ningxia,0.32133569829418124,Power
2021-05-28,Ningxia,0.3188687123425481,Power
2021-05-29,Ningxia,0.31936210953287475,Power
2021-05-30,Ningxia,0.31130488551220103,Power
2021-05-31,Ningxia,0.3131132101660681,Power
2021-05-01,Anhui,0.46572185240065395,Power
2021-05-02,Anhui,0.453918258297575,Power
2021-05-03,Anhui,0.4689671960087474,Power
2021-05-04,Anhui,0.5161901693577735,Power
2021-05-05,Anhui,0.5108772624708814,Power
2021-05-06,Anhui,0.5099917779897327,Power
2021-05-07,Anhui,0.5108772624708814,Power
2021-05-08,Anhui,0.5005480430135986,Power
2021-05-09,Anhui,0.510288372306234,Power
2021-05-10,Anhui,0.523274045206963,Power
2021-05-11,Anhui,0.5395050617157854,Power
2021-05-12,Anhui,0.5409794363615814,Power
2021-05-13,Anhui,0.5454068587673248,Power
2021-05-14,Anhui,0.5451145629191787,Power
2021-05-15,Anhui,0.5586891259845551,Power
2021-05-16,Anhui,0.5519018444518667,Power
2021-05-17,Anhui,0.559871204782205,Power
2021-05-18,Anhui,0.5642986271879484,Power
2021-05-19,Anhui,0.557507047186905,Power
2021-05-20,Anhui,0.5666584863148931,Power
2021-05-21,Anhui,0.5696072356064854,Power
2021-05-22,Anhui,0.5752167368098786,Power
2021-05-23,Anhui,0.5772843000886773,Power
2021-05-24,Anhui,0.5840715816213654,Power
2021-05-25,Anhui,0.5716747988852839,Power
2021-05-26,Anhui,0.5704927200876341,Power
2021-05-27,Anhui,0.5766911114556746,Power
2021-05-28,Anhui,0.5722636890499313,Power
2021-05-29,Anhui,0.57314917353108,Power
2021-05-30,Anhui,0.5586891259845551,Power
2021-05-31,Anhui,0.5619344695926485,Power
2021-05-01,Shandong,1.0166783940916222,Power
2021-05-02,Shandong,0.9909109557904797,Power
2021-05-03,Shandong,1.0237630320804652,Power
2021-05-04,Shandong,1.126851552537986,Power
2021-05-05,Shandong,1.1152533902145294,Power
2021-05-06,Shandong,1.1133203631606199,Power
2021-05-07,Shandong,1.1152533902145294,Power
2021-05-08,Shandong,1.0927045357944107,Power
2021-05-09,Shandong,1.1139678333874148,Power
2021-05-10,Shandong,1.142315768969262,Power
2021-05-11,Shandong,1.1777483425399518,Power
2021-05-12,Shandong,1.1809669264209757,Power
2021-05-13,Shandong,1.1906320616905228,Power
2021-05-14,Shandong,1.1899939750902033,Power
2021-05-15,Shandong,1.219627467499165,Power
2021-05-16,Shandong,1.204810721294684,Power
2021-05-17,Shandong,1.2222079647798694,Power
2021-05-18,Shandong,1.2318731000494167,Power
2021-05-19,Shandong,1.2170469702184605,Power
2021-05-20,Shandong,1.2370247109843502,Power
2021-05-21,Shandong,1.243461878746398,Power
2021-05-22,Shandong,1.2557075112966496,Power
2021-05-23,Shandong,1.2602210356312635,Power
2021-05-24,Shandong,1.2750377818357443,Power
2021-05-25,Shandong,1.2479754030810117,Power
2021-05-26,Shandong,1.2453949058003075,Power
2021-05-27,Shandong,1.2589260951776735,Power
2021-05-28,Shandong,1.2492609599081264,Power
2021-05-29,Shandong,1.2511939869620359,Power
2021-05-30,Shandong,1.219627467499165,Power
2021-05-31,Shandong,1.226712105488008,Power
2021-05-01,Shanxi,0.4703733712288334,Power
2021-05-02,Shanxi,0.4584518856419693,Power
2021-05-03,Shanxi,0.47365112855515623,Power
2021-05-04,Shanxi,0.521345753703477,Power
2021-05-05,Shanxi,0.5159797827692585,Power
2021-05-06,Shanxi,0.515085454280222,Power
2021-05-07,Shanxi,0.5159797827692585,Power
2021-05-08,Shanxi,0.5055473975306444,Power
2021-05-09,Shanxi,0.515385010910045,Power
2021-05-10,Shanxi,0.5285003816157684,Power
2021-05-11,Shanxi,0.5448935096478145,Power
2021-05-12,Shanxi,0.5463826099960645,Power
2021-05-13,Shanxi,0.5508542524412465,Power
2021-05-14,Shanxi,0.5505590372118558,Power
2021-05-15,Shanxi,0.5642691797767929,Power
2021-05-16,Shanxi,0.5574141084943243,Power
2021-05-17,Shanxi,0.5654630648956521,Power
2021-05-18,Shanxi,0.5699347073408343,Power
2021-05-19,Shanxi,0.5630752946579335,Power
2021-05-20,Shanxi,0.5723181361781207,Power
2021-05-21,Shanxi,0.5752963368746206,Power
2021-05-22,Shanxi,0.5809618644386618,Power
2021-05-23,Shanxi,0.5830500780465576,Power
2021-05-24,Shanxi,0.589905149329026,Power
2021-05-25,Shanxi,0.5773845504825161,Power
2021-05-26,Shanxi,0.5761906653636569,Power
2021-05-27,Shanxi,0.5824509647869117,Power
2021-05-28,Shanxi,0.5779793223417298,Power
2021-05-29,Shanxi,0.5788736508307661,Power
2021-05-30,Shanxi,0.5642691797767929,Power
2021-05-31,Shanxi,0.5675469371031157,Power
2021-05-01,Guangdong,0.7728576173745951,Power
2021-05-02,Guangdong,0.7532697505653854,Power
2021-05-03,Guangdong,0.7782432107616867,Power
2021-05-04,Guangdong,0.8566089444710742,Power
2021-05-05,Guangdong,0.8477922644360475,Power
2021-05-06,Guangdong,0.846322817763543,Power
2021-05-07,Guangdong,0.8477922644360475,Power
2021-05-08,Guangdong,0.8306510976689204,Power
2021-05-09,Guangdong,0.8468150110664693,Power
2021-05-10,Guangdong,0.8683645178511098,Power
2021-05-11,Guangdong,0.8952996180228417,Power
2021-05-12,Guangdong,0.8977463180649243,Power
2021-05-13,Guangdong,0.9050935514274465,Power
2021-05-14,Guangdong,0.9046084913607946,Power
2021-05-15,Guangdong,0.9271352515150134,Power
2021-05-16,Guangdong,0.9158718714379038,Power
2021-05-17,Guangdong,0.9290968914904439,Power
2021-05-18,Guangdong,0.9364441248529662,Power
2021-05-19,Guangdong,0.9251736115395826,Power
2021-05-20,Guangdong,0.9403602715675533,Power
2021-05-21,Guangdong,0.9452536716517186,Power
2021-05-22,Guangdong,0.9545625449896713,Power
2021-05-23,Guangdong,0.9579936316376065,Power
2021-05-24,Guangdong,0.9692570117147159,Power
2021-05-25,Guangdong,0.9486847582996537,Power
2021-05-26,Guangdong,0.9467231183242231,Power
2021-05-27,Guangdong,0.957009245031754,Power
2021-05-28,Guangdong,0.9496620116692319,Power
2021-05-29,Guangdong,0.9511314583417363,Power
2021-05-30,Guangdong,0.9271352515150134,Power
2021-05-31,Guangdong,0.9325208449021049,Power
2021-05-01,Guangxi,0.21271013941711936,Power
2021-05-02,Guangxi,0.20731905859420566,Power
2021-05-03,Guangxi,0.2141923921561215,Power
2021-05-04,Guangxi,0.23576064194509824,Power
2021-05-05,Guangxi,0.23333406660018877,Power
2021-05-06,Guangxi,0.2329296373760372,Power
2021-05-07,Guangxi,0.23333406660018877,Power
2021-05-08,Guangxi,0.22861638006797405,Power
2021-05-09,Guangxi,0.23306510153364138,Power
2021-05-10,Guangxi,0.23899607573831086,Power
2021-05-11,Guangxi,0.24640930268198244,Power
2021-05-12,Guangxi,0.24708269697268143,Power
2021-05-13,Guangxi,0.24910484309343928,Power
2021-05-14,Guangxi,0.24897134218449607,Power
2021-05-15,Guangxi,0.25517128145571294,Power
2021-05-16,Guangxi,0.25207131182010445,Power
2021-05-17,Guangxi,0.2557111748374687,Power
2021-05-18,Guangxi,0.2577333209582266,Power
2021-05-19,Guangxi,0.2546313880739572,Power
2021-05-20,Guangxi,0.2588111444730771,Power
2021-05-21,Guangxi,0.2601579330544751,Power
2021-05-22,Guangxi,0.26271997255698865,Power
2021-05-23,Guangxi,0.263664295162896,Power
2021-05-24,Guangxi,0.26676426479850446,Power
2021-05-25,Guangxi,0.26110225566038237,Power
2021-05-26,Guangxi,0.26056236227862667,Power
2021-05-27,Guangxi,0.26339336684768766,Power
2021-05-28,Guangxi,0.2613712207269298,Power
2021-05-29,Guangxi,0.2617756499510814,Power
2021-05-30,Guangxi,0.25517128145571294,Power
2021-05-31,Guangxi,0.2566535341947151,Power
2021-05-01,Xinjiang,0.5827460594970227,Power
2021-05-02,Xinjiang,0.56797651858754,Power
2021-05-03,Xinjiang,0.586806876462303,Power
2021-05-04,Xinjiang,0.6458957972312681,Power
2021-05-05,Xinjiang,0.6392478902523457,Power
2021-05-06,Xinjiang,0.6381399057558587,Power
2021-05-07,Xinjiang,0.6392478902523457,Power
2021-05-08,Xinjiang,0.6263231973151691,Power
2021-05-09,Xinjiang,0.6385110267765267,Power
2021-05-10,Xinjiang,0.6547596732031646,Power
2021-05-11,Xinjiang,0.6750691365950826,Power
2021-05-12,Xinjiang,0.6769139845673887,Power
2021-05-13,Xinjiang,0.682453907049824,Power
2021-05-14,Xinjiang,0.682088164594673,Power
2021-05-15,Xinjiang,0.69907367449713,Power
2021-05-16,Xinjiang,0.6905809195459013,Power
2021-05-17,Xinjiang,0.700552780014285,Power
2021-05-18,Xinjiang,0.7060927024967203,Power
2021-05-19,Xinjiang,0.6975945689799748,Power
2021-05-20,Xinjiang,0.7090455349655135,Power
2021-05-21,Xinjiang,0.7127352309101257,Power
2021-05-22,Xinjiang,0.7197542589097159,Power
2021-05-23,Xinjiang,0.7223413489233581,Power
2021-05-24,Xinjiang,0.7308341038745866,Power
2021-05-25,Xinjiang,0.7153223209237678,Power
2021-05-26,Xinjiang,0.7138432154066128,Power
2021-05-27,Xinjiang,0.721599106882022,Power
2021-05-28,Xinjiang,0.7160591843995868,Power
2021-05-29,Xinjiang,0.7171671688960739,Power
2021-05-30,Xinjiang,0.69907367449713,Power
2021-05-31,Xinjiang,0.7031344914624101,Power
2021-05-01,Jiangsu,0.8549564769389865,Power
2021-05-02,Jiangsu,0.8332878367891475,Power
2021-05-03,Jiangsu,0.8609141693326968,Power
2021-05-04,Jiangsu,0.9476045118986587,Power
2021-05-05,Jiangsu,0.9378512565362401,Power
2021-05-06,Jiangsu,0.9362257139758371,Power
2021-05-07,Jiangsu,0.9378512565362401,Power
2021-05-08,Jiangsu,0.9188892236593054,Power
2021-05-09,Jiangsu,0.9367701918237391,Power
2021-05-10,Jiangsu,0.9606088523818833,Power
2021-05-11,Jiangsu,0.9904052053337377,Power
2021-05-12,Jiangsu,0.9931118126066417,Power
2021-05-13,Jiangsu,1.001239525408657,Power
2021-05-14,Jiangsu,1.000702938544058,Power
2021-05-15,Jiangsu,1.0256226638147032,Power
2021-05-16,Jiangsu,1.0131628011793805,Power
2021-05-17,Jiangsu,1.0277926842230083,Power
2021-05-18,Jiangsu,1.0359203970250237,Power
2021-05-19,Jiangsu,1.0234526434063982,Power
2021-05-20,Jiangsu,1.040252546858331,Power
2021-05-21,Jiangsu,1.0456657614041391,Power
2021-05-22,Jiangsu,1.0559634946144594,Power
2021-05-23,Jiangsu,1.0597590575831677,Power
2021-05-24,Jiangsu,1.0722189202184904,Power
2021-05-25,Jiangsu,1.0494613243728472,Power
2021-05-26,Jiangsu,1.0472913039645422,Power
2021-05-27,Jiangsu,1.0586701018873637,Power
2021-05-28,Jiangsu,1.0505423890853482,Power
2021-05-29,Jiangsu,1.0521679316457513,Power
2021-05-30,Jiangsu,1.0256226638147032,Power
2021-05-31,Jiangsu,1.0315803562084136,Power
2021-05-01,Jiangxi,0.15710897396443343,Power
2021-05-02,Jiangxi,0.15312708960777668,Power
2021-05-03,Jiangxi,0.1582037746524436,Power
2021-05-04,Jiangxi,0.17413421221334355,Power
2021-05-05,Jiangxi,0.17234192923270705,Power
2021-05-06,Jiangxi,0.17204321540260098,Power
2021-05-07,Jiangxi,0.17234192923270705,Power
2021-05-08,Jiangxi,0.16885741790384828,Power
2021-05-09,Jiangxi,0.17214327003501514,Power
2021-05-10,Jiangxi,0.1765239228541922,Power
2021-05-11,Jiangxi,0.18199937636137933,Power
2021-05-12,Jiangxi,0.18249674938917734,Power
2021-05-13,Jiangxi,0.1839903185397077,Power
2021-05-14,Jiangxi,0.18389171397443,Power
2021-05-15,Jiangxi,0.18847102599129895,Power
2021-05-16,Jiangxi,0.18618136998286444,Power
2021-05-17,Jiangxi,0.18886979445381918,Power
2021-05-18,Jiangxi,0.19036336360434958,Power
2021-05-19,Jiangxi,0.18807225752877868,Power
2021-05-20,Jiangxi,0.19115945046225366,Power
2021-05-21,Jiangxi,0.19215419651784962,Power
2021-05-22,Jiangxi,0.19404653413090023,Power
2021-05-23,Jiangxi,0.1947440164235266,Power
2021-05-24,Jiangxi,0.19703367243196107,Power
2021-05-25,Jiangxi,0.19285167881047593,Power
2021-05-26,Jiangxi,0.1924529103479557,Power
2021-05-27,Jiangxi,0.19454390715869824,Power
2021-05-28,Jiangxi,0.19305033800816784,Power
2021-05-29,Jiangxi,0.19334905183827392,Power
2021-05-30,Jiangxi,0.18847102599129895,Power
2021-05-31,Jiangxi,0.18956582667930907,Power
2021-05-01,Hebei,0.5948695420182634,Power
2021-05-02,Hebei,0.579792734730665,Power
2021-05-03,Hebei,0.5990148404531276,Power
2021-05-04,Hebei,0.659333050526528,Power
2021-05-05,Hebei,0.6525468401086576,Power
2021-05-06,Hebei,0.6514158050390126,Power
2021-05-07,Hebei,0.6525468401086576,Power
2021-05-08,Hebei,0.6393532611166332,Power
2021-05-09,Hebei,0.6517946468827287,Power
2021-05-10,Hebei,0.6683813310836885,Power
2021-05-11,Hebei,0.6891133137195121,Power
2021-05-12,Hebei,0.6909965420150862,Power
2021-05-13,Hebei,0.6966517173633113,Power
2021-05-14,Hebei,0.6962783659810985,Power
2021-05-15,Hebei,0.7136172434079872,Power
2021-05-16,Hebei,0.7049478046945427,Power
2021-05-17,Hebei,0.7151271203213483,Power
2021-05-18,Hebei,0.7207822956695735,Power
2021-05-19,Hebei,0.712107366494626,Power
2021-05-20,Hebei,0.7237965590347926,Power
2021-05-21,Hebei,0.7275630156259407,Power
2021-05-22,Hebei,0.7347280678875269,Power
2021-05-23,Hebei,0.7373689798705331,Power
2021-05-24,Hebei,0.7460384185839775,Power
2021-05-25,Hebei,0.7302039276089468,Power
2021-05-26,Hebei,0.7286940506955857,Power
2021-05-27,Hebei,0.736611296183101,Power
2021-05-28,Hebei,0.7309561208348757,Power
2021-05-29,Hebei,0.7320871559045208,Power
2021-05-30,Hebei,0.7136172434079872,Power
2021-05-31,Hebei,0.7177625418428513,Power
2021-05-01,Henan,0.41374962501909657,Power
2021-05-02,Henan,0.40326325293057985,Power
2021-05-03,Henan,0.41663280452631807,Power
2021-05-04,Henan,0.45858593044199375,Power
2021-05-05,Henan,0.45386591736791987,Power
2021-05-06,Henan,0.4530792485222409,Power
2021-05-07,Henan,0.45386591736791987,Power
2021-05-08,Henan,0.4446893870952667,Power
2021-05-09,Henan,0.45334274439773536,Power
2021-05-10,Henan,0.46487928120742555,Power
2021-05-11,Henan,0.4792989975243372,Power
2021-05-12,Henan,0.4806088393402007,Power
2021-05-13,Henan,0.4845421835685955,Power
2021-05-14,Henan,0.4842825064739054,Power
2021-05-15,Henan,0.4963422162537802,Power
2021-05-16,Henan,0.4903123613638427,Power
2021-05-17,Henan,0.49739238097495353,Power
2021-05-18,Henan,0.5013257252033484,Power
2021-05-19,Henan,0.49529205153260675,Power
2021-05-20,Henan,0.503422235864891,Power
2021-05-21,Henan,0.506041919496618,Power
2021-05-22,Henan,0.5110254284461861,Power
2021-05-23,Henan,0.5128622620130385,Power
2021-05-24,Henan,0.518892116902976,Power
2021-05-25,Henan,0.5078787530634703,Power
2021-05-26,Henan,0.5068285883422969,Power
2021-05-27,Henan,0.5123352702620497,Power
2021-05-28,Henan,0.5084019260336549,Power
2021-05-29,Henan,0.5091885948793339,Power
2021-05-30,Henan,0.4963422162537802,Power
2021-05-31,Henan,0.49922539576100167,Power
2021-05-01,Zhejiang,0.4528284885684405,Power
2021-05-02,Zhejiang,0.4413516732766075,Power
2021-05-03,Zhejiang,0.45598398585370414,Power
2021-05-04,Zhejiang,0.5018996059542421,Power
2021-05-05,Zhejiang,0.4967337852329364,Power
2021-05-06,Zhejiang,0.49587281511271875,Power
2021-05-07,Zhejiang,0.4967337852329364,Power
2021-05-08,Zhejiang,0.48669052698593174,Power
2021-05-09,Zhejiang,0.4961611983083256,Power
2021-05-10,Zhejiang,0.5087873669159831,Power
2021-05-11,Zhejiang,0.5245690328089042,Power
2021-05-12,Zhejiang,0.5260025898537326,Power
2021-05-13,Zhejiang,0.5303074404548207,Power
2021-05-14,Zhejiang,0.5300232367258169,Power
2021-05-15,Zhejiang,0.5432219922580852,Power
2021-05-16,Zhejiang,0.5366226144919509,Power
2021-05-17,Zhejiang,0.5443713455739096,Power
2021-05-18,Zhejiang,0.5486761961749979,Power
2021-05-19,Zhejiang,0.5420726389422607,Power
2021-05-20,Zhejiang,0.5509707233400438,Power
2021-05-21,Zhejiang,0.5538378374297005,Power
2021-05-22,Zhejiang,0.559292041346613,Power
2021-05-23,Zhejiang,0.5613023647826553,Power
2021-05-24,Zhejiang,0.5679017425487893,Power
2021-05-25,Zhejiang,0.5558481608657426,Power
2021-05-26,Zhejiang,0.5546988075499182,Power
2021-05-27,Zhejiang,0.5607255983914414,Power
2021-05-28,Zhejiang,0.5564207477903533,Power
2021-05-29,Zhejiang,0.557281717910571,Power
2021-05-30,Zhejiang,0.5432219922580852,Power
2021-05-31,Zhejiang,0.5463774895433487,Power
2021-05-01,Hainan,0.05219115501500673,Power
2021-05-02,Hainan,0.050868384338920776,Power
2021-05-03,Hainan,0.05255484469470261,Power
2021-05-04,Hainan,0.057846890815416475,Power
2021-05-05,Hainan,0.05725149949872228,Power
2021-05-06,Hainan,0.05715226761260658,Power
2021-05-07,Hainan,0.05725149949872228,Power
2021-05-08,Hainan,0.05609395473010082,Power
2021-05-09,Hainan,0.0571855054773735,Power
2021-05-10,Hainan,0.05864074590434206,Power
2021-05-11,Hainan,0.0604596760110065,Power
2021-05-12,Hainan,0.06062490191847098,Power
2021-05-13,Hainan,0.06112106134904947,Power
2021-05-14,Hainan,0.06108830519246759,Power
2021-05-15,Hainan,0.06260953964078494,Power
2021-05-16,Hainan,0.061848922416626255,Power
2021-05-17,Hainan,0.06274200939166755,Power
2021-05-18,Hainan,0.06323816882224605,Power
2021-05-19,Hainan,0.06247706988990233,Power
2021-05-20,Hainan,0.06350262661582623,Power
2021-05-21,Hainan,0.0638330784307552,Power
2021-05-22,Hainan,0.06446170761221628,Power
2021-05-23,Hainan,0.06469340924921459,Power
2021-05-24,Hainan,0.06545402647337327,Power
2021-05-25,Hainan,0.0640647800677535,Power
2021-05-26,Hainan,0.0639323103168709,Power
2021-05-27,Hainan,0.06462693351968077,Power
2021-05-28,Hainan,0.06413077408910228,Power
2021-05-29,Hainan,0.06423000597521798,Power
2021-05-30,Hainan,0.06260953964078494,Power
2021-05-31,Hainan,0.06297322932048083,Power
2021-05-01,Hubei,0.21113071349617674,Power
2021-05-02,Hubei,0.20577966279508486,Power
2021-05-03,Hubei,0.21260196013831964,Power
2021-05-04,Hubei,0.23401006028478558,Power
2021-05-05,Hubei,0.23160150286797945,Power
2021-05-06,Hubei,0.2312000766318451,Power
2021-05-07,Hubei,0.23160150286797945,Power
2021-05-08,Hubei,0.22691884633676176,Power
2021-05-09,Hubei,0.23133453493423964,Power
2021-05-10,Hubei,0.23722147017386042,Power
2021-05-11,Hubei,0.24457965205562401,Power
2021-05-12,Hubei,0.24524804622549823,Power
2021-05-13,Hubei,0.24725517740616995,Power
2021-05-14,Hubei,0.24712266777482464,Power
2021-05-15,Hubei,0.2532765709481853,Power
2021-05-16,Hubei,0.2501996193615049,Power
2021-05-17,Hubei,0.2538124554867141,Power
2021-05-18,Hubei,0.2558195866673859,Power
2021-05-19,Hubei,0.25274068640965636,Power
2021-05-20,Hubei,0.2568894070733944,Power
2021-05-21,Hubei,0.2582261954131428,Power
2021-05-22,Hubei,0.26076921113234336,Power
2021-05-23,Hubei,0.2617065219070066,Power
2021-05-24,Hubei,0.2647834734936869,Power
2021-05-25,Hubei,0.259163506187806,Power
2021-05-26,Hubei,0.25862762164927716,Power
2021-05-27,Hubei,0.26143760530221755,Power
2021-05-28,Hubei,0.25943047412154585,Power
2021-05-29,Hubei,0.25983190035768017,Power
2021-05-30,Hubei,0.2532765709481853,Power
2021-05-31,Hubei,0.25474781759032816,Power
2021-05-01,Hunan,0.11794356901224684,Power
2021-05-02,Hunan,0.11495432122730204,Power
2021-05-03,Hunan,0.11876544886571856,Power
2021-05-04,Hunan,0.13072461717067252,Power
2021-05-05,Hunan,0.12937912909267116,Power
2021-05-06,Hunan,0.12915488107967094,Power
2021-05-07,Hunan,0.12937912909267116,Power
2021-05-08,Hunan,0.12676326513519762,Power
2021-05-09,Hunan,0.12922999327820014,Power
2021-05-10,Hunan,0.13251860127467438,Power
2021-05-11,Hunan,0.13662908912462032,Power
2021-05-12,Hunan,0.1370024729520916,Power
2021-05-13,Hunan,0.1381237130170927,Power
2021-05-14,Hunan,0.1380496894011509,Power
2021-05-15,Hunan,0.14148743321209617,Power
2021-05-16,Hunan,0.13976856130662352,Power
2021-05-17,Hunan,0.1417867934236256,Power
2021-05-18,Hunan,0.14290803348862677,Power
2021-05-19,Hunan,0.14118807300056674,Power
2021-05-20,Hunan,0.14350566532909825,Power
2021-05-21,Hunan,0.14425243298404075,Power
2021-05-22,Hunan,0.1456730332605713,Power
2021-05-23,Hunan,0.14619664148510098,Power
2021-05-24,Hunan,0.14791551339057363,Power
2021-05-25,Hunan,0.1447760412085704,Power
2021-05-26,Hunan,0.14447668099704097,Power
2021-05-27,Hunan,0.14604641708804256,Power
2021-05-28,Hunan,0.14492517702304145,Power
2021-05-29,Hunan,0.14514942503604167,Power
2021-05-30,Hunan,0.14148743321209617,Power
2021-05-31,Hunan,0.14230931306556788,Power
2021-05-01,Gansu,0.17007615358892617,Power
2021-05-02,Gansu,0.16576561957977778,Power
2021-05-03,Gansu,0.17126131497891417,Power
2021-05-04,Gansu,0.18850659051587854,Power
2021-05-05,Gansu,0.18656637928670614,Power
2021-05-06,Gansu,0.18624301074851074,Power
2021-05-07,Gansu,0.18656637928670614,Power
2021-05-08,Gansu,0.18279426959115497,Power
2021-05-09,Gansu,0.18635132351130435,Power
2021-05-10,Gansu,0.19109353882144176,Power
2021-05-11,Gansu,0.19702091552156714,Power
2021-05-12,Gansu,0.19755933983516433,Power
2021-05-13,Gansu,0.1991761825261413,Power
2021-05-14,Gansu,0.19906943951353315,Power
2021-05-15,Gansu,0.20402671059907235,Power
2021-05-16,Gansu,0.2015480750563027,Power
2021-05-17,Gansu,0.20445839190006135,Power
2021-05-18,Gansu,0.20607523459103835,Power
2021-05-19,Gansu,0.20359502929808332,Power
2021-05-20,Gansu,0.20693702744283096,Power
2021-05-21,Gansu,0.20801387607002533,Power
2021-05-22,Gansu,0.2100624000619913,Power
2021-05-23,Gansu,0.21081744990117574,Power
2021-05-24,Gansu,0.21329608544394532,Power
2021-05-25,Gansu,0.20876892590920973,Power
2021-05-26,Gansu,0.20833724460822073,Power
2021-05-27,Gansu,0.2106008243755885,Power
2021-05-28,Gansu,0.20898398168461152,Power
2021-05-29,Gansu,0.20930735022280691,Power
2021-05-30,Gansu,0.20402671059907235,Power
2021-05-31,Gansu,0.20521187198906035,Power
2021-05-01,Fujian,0.24096306140300092,Power
2021-05-02,Fujian,0.23485591793104404,Power
2021-05-03,Fujian,0.24264219225563294,Power
2021-05-04,Fujian,0.26707521417220914,Power
2021-05-05,Fujian,0.26432633240551623,Power
2021-05-06,Fujian,0.26386818544440077,Power
2021-05-07,Fujian,0.26432633240551623,Power
2021-05-08,Fujian,0.2589820258639604,Power
2021-05-09,Fujian,0.2640216424362307,Power
2021-05-10,Fujian,0.270740389861133,Power
2021-05-11,Fujian,0.2791382681386673,Power
2021-05-12,Fujian,0.27990110506906835,Power
2021-05-13,Fujian,0.28219183987464574,Power
2021-05-14,Fujian,0.2820406068971902,Power
2021-05-15,Fujian,0.28906404429137805,Power
2021-05-16,Fujian,0.28555232559428406,Power
2021-05-17,Fujian,0.28967564824432346,Power
2021-05-18,Fujian,0.2919663830499009,Power
2021-05-19,Fujian,0.2884524403384326,Power
2021-05-20,Fujian,0.2931873669414174,Power
2021-05-21,Fujian,0.29471304080221944,Power
2021-05-22,Fujian,0.29761537956074224,Power
2021-05-23,Fujian,0.29868513047480316,Power
2021-05-24,Fujian,0.3021968491718971,Power
2021-05-25,Fujian,0.29578279171628036,Power
2021-05-26,Fujian,0.29517118776333495,Power
2021-05-27,Fujian,0.29837821649114327,Power
2021-05-28,Fujian,0.29608748168556587,Power
2021-05-29,Fujian,0.2965456286466814,Power
2021-05-30,Fujian,0.28906404429137805,Power
2021-05-31,Fujian,0.29074317514401005,Power
2021-05-01,Tibet,0.0008150916709804446,Power
2021-05-02,Tibet,0.0007944333935312329,Power
2021-05-03,Tibet,0.000820771568822453,Power
2021-05-04,Tibet,0.0009034197247062988,Power
2021-05-05,Tibet,0.0008941212429411036,Power
2021-05-06,Tibet,0.0008925714959802379,Power
2021-05-07,Tibet,0.0008941212429411036,Power
2021-05-08,Tibet,0.0008760433694121686,Power
2021-05-09,Tibet,0.000893090585981693,Power
2021-05-10,Tibet,0.0009158177003932258,Power
2021-05-11,Tibet,0.0009442247126467668,Power
2021-05-12,Tibet,0.0009468051165670435,Power
2021-05-13,Tibet,0.0009545538513713725,Power
2021-05-14,Tibet,0.000954042284413417,Power
2021-05-15,Tibet,0.0009778000557843604,Power
2021-05-16,Tibet,0.0009659211700988885,Power
2021-05-17,Tibet,0.0009798688927466813,Power
2021-05-18,Tibet,0.0009876176275510108,Power
2021-05-19,Tibet,0.0009757312188220395,Power
2021-05-20,Tibet,0.0009917477784321532,Power
2021-05-21,Tibet,0.0009969085862727065,Power
2021-05-22,Tibet,0.0010067261580393564,Power
2021-05-23,Tibet,0.0010103447419625433,Power
2021-05-24,Tibet,0.0010222236276480152,Power
2021-05-25,Tibet,0.0010005271701958932,Power
2021-05-26,Tibet,0.0009984583332335723,Power
2021-05-27,Tibet,0.001009306561959633,Power
2021-05-28,Tibet,0.001001557827155304,Power
2021-05-29,Tibet,0.0010031075741161698,Power
2021-05-30,Tibet,0.0009778000557843604,Power
2021-05-31,Tibet,0.0009834799536263688,Power
2021-05-01,Guizhou,0.19450939836654815,Power
2021-05-02,Guizhou,0.18957961039177715,Power
2021-05-03,Guizhou,0.19586482077039089,Power
2021-05-04,Guizhou,0.21558756319239905,Power
2021-05-05,Guizhou,0.21336862002531348,Power
2021-05-06,Guizhou,0.21299879616413256,Power
2021-05-07,Guizhou,0.21336862002531348,Power
2021-05-08,Guizhou,0.20905460673202333,Power
2021-05-09,Guizhou,0.21312266920501355,Power
2021-05-10,Guizhou,0.21854615408184652,Power
2021-05-11,Guizhou,0.22532506136252217,Power
2021-05-12,Guizhou,0.22594083604400303,Power
2021-05-13,Guizhou,0.22778995534990765,Power
2021-05-14,Guizhou,0.22766787757048873,Power
2021-05-15,Guizhou,0.23333731326762164,Power
2021-05-16,Guizhou,0.23050259541905513,Power
2021-05-17,Guizhou,0.23383101016968355,Power
2021-05-18,Guizhou,0.2356801294755882,Power
2021-05-19,Guizhou,0.2328436163655597,Power
2021-05-20,Guizhou,0.23666572801825,Power
2021-05-21,Guizhou,0.23789727738121172,Power
2021-05-22,Guizhou,0.24024009358917825,Power
2021-05-23,Guizhou,0.24110361435242111,Power
2021-05-24,Guizhou,0.24393833220098757,Power
2021-05-25,Guizhou,0.23876079814445456,Power
2021-05-26,Guizhou,0.23826710124239264,Power
2021-05-27,Guizhou,0.2408558682706591,Power
2021-05-28,Guizhou,0.2390067489647545,Power
2021-05-29,Guizhou,0.2393765728259354,Power
2021-05-30,Guizhou,0.23333731326762164,Power
2021-05-31,Guizhou,0.23469273567146434,Power
2021-05-01,Liaoning,0.31116222428990464,Power
2021-05-02,Liaoning,0.3032759020638873,Power
2021-05-03,Liaoning,0.31333053211242584,Power
2021-05-04,Liaoning,0.3448815648782768,Power
2021-05-05,Liaoning,0.3413318582973018,Power
2021-05-06,Liaoning,0.3407402405338059,Power
2021-05-07,Liaoning,0.3413318582973018,Power
2021-05-08,Liaoning,0.3344306083668139,Power
2021-05-09,Liaoning,0.3409384037652682,Power
2021-05-10,Liaoning,0.3496145069862436,Power
2021-05-11,Liaoning,0.36045891802974017,Power
2021-05-12,Liaoning,0.36144399032526964,Power
2021-05-13,Liaoning,0.3644020791427488,Power
2021-05-14,Liaoning,0.3642067878421774,Power
2021-05-15,Liaoning,0.37327634559518647,Power
2021-05-16,Liaoning,0.36874156671868186,Power
2021-05-17,Liaoning,0.3740661265901445,Power
2021-05-18,Liaoning,0.3770242154076237,Power
2021-05-19,Liaoning,0.3724865646002284,Power
2021-05-20,Liaoning,0.37860090546664904,Power
2021-05-21,Liaoning,0.380571050057708,Power
2021-05-22,Liaoning,0.38431891987014516,Power
2021-05-23,Liaoning,0.3857003186285991,Power
2021-05-24,Liaoning,0.39023509750510366,Power
2021-05-25,Liaoning,0.38195244881616186,Power
2021-05-26,Liaoning,0.38116266782120384,Power
2021-05-27,Liaoning,0.3853039921656747,Power
2021-05-28,Liaoning,0.3823459033481955,Power
2021-05-29,Liaoning,0.3829375211116913,Power
2021-05-30,Liaoning,0.37327634559518647,Power
2021-05-31,Liaoning,0.37544465341770766,Power
2021-05-01,Chongqing,0.07485731643511592,Power
2021-05-02,Chongqing,0.07296007804208961,Power
2021-05-03,Chongqing,0.07537895335672366,Power
2021-05-04,Chongqing,0.08296928874848879,Power
2021-05-05,Chongqing,0.08211532419867795,Power
2021-05-06,Chongqing,0.08197299677370949,Power
2021-05-07,Chongqing,0.08211532419867795,Power
2021-05-08,Chongqing,0.08045506787732246,Power
2021-05-09,Chongqing,0.08202066955197562,Power
2021-05-10,Chongqing,0.08410790814823656,Power
2021-05-11,Chongqing,0.0867167836661052,Power
2021-05-12,Chongqing,0.08695376573777601,Power
2021-05-13,Chongqing,0.08766540286261834,Power
2021-05-14,Chongqing,0.08761842099418217,Power
2021-05-15,Chongqing,0.08980031423714542,Power
2021-05-16,Chongqing,0.08870936761566378,Power
2021-05-17,Chongqing,0.08999031444038003,Power
2021-05-18,Chongqing,0.09070195156522239,Power
2021-05-19,Chongqing,0.0896103140339108,Power
2021-05-20,Chongqing,0.09108126106186165,Power
2021-05-21,Chongqing,0.09155522520520326,Power
2021-05-22,Chongqing,0.0924568625332802,Power
2021-05-23,Chongqing,0.09278919016148329,Power
2021-05-24,Chongqing,0.09388013678296492,Power
2021-05-25,Chongqing,0.09188755283340633,Power
2021-05-26,Chongqing,0.09169755263017172,Power
2021-05-27,Chongqing,0.092693844604951,Power
2021-05-28,Chongqing,0.09198220748010866,Power
2021-05-29,Chongqing,0.09212453490507713,Power
2021-05-30,Chongqing,0.08980031423714542,Power
2021-05-31,Chongqing,0.09032195115875316,Power
2021-05-01,Shaanxi,0.3900599945870694,Power
2021-05-02,Shaanxi,0.3801740297601622,Power
2021-05-03,Shaanxi,0.3927780948945403,Power
2021-05-04,Shaanxi,0.43232915446788445,Power
2021-05-05,Shaanxi,0.42787939025591887,Power
2021-05-06,Shaanxi,0.42713776288725797,Power
2021-05-07,Shaanxi,0.42787939025591887,Power
2021-05-08,Shaanxi,0.41922827099916066,Power
2021-05-09,Shaanxi,0.4273861720544308,Power
2021-05-10,Shaanxi,0.43826217341717183,Power
2021-05-11,Shaanxi,0.4518562750873837,Power
2021-05-12,Shaanxi,0.4530911206575327,Power
2021-05-13,Shaanxi,0.4567992575008372,Power
2021-05-14,Shaanxi,0.45655444846652204,Power
2021-05-15,Shaanxi,0.4679236680307512,Power
2021-05-16,Shaanxi,0.46223905824863654,Power
2021-05-17,Shaanxi,0.46891370456658493,Power
2021-05-18,Shaanxi,0.47262184140988955,Power
2021-05-19,Shaanxi,0.4669336314949174,Power
2021-05-20,Shaanxi,0.4745983143486995,Power
2021-05-21,Shaanxi,0.4770680054889975,Power
2021-05-22,Shaanxi,0.4817661788681358,Power
2021-05-23,Shaanxi,0.4834978427726305,Power
2021-05-24,Shaanxi,0.4891824525547451,Power
2021-05-25,Shaanxi,0.4787996693934921,Power
2021-05-26,Shaanxi,0.47780963285765843,Power
2021-05-27,Shaanxi,0.4830010244382848,Power
2021-05-28,Shaanxi,0.47929288759498023,Power
2021-05-29,Shaanxi,0.48003451496364113,Power
2021-05-30,Shaanxi,0.4679236680307512,Power
2021-05-31,Shaanxi,0.470641768338222,Power
2021-05-01,Qinghai,0.029962613202341757,Power
2021-05-02,Qinghai,0.02920321889287366,Power
2021-05-03,Qinghai,0.03017140515560047,Power
2021-05-04,Qinghai,0.03320953548473977,Power
2021-05-05,Qinghai,0.03286772508178908,Power
2021-05-06,Qinghai,0.03281075668129731,Power
2021-05-07,Qinghai,0.03286772508178908,Power
2021-05-08,Qinghai,0.03220318592459614,Power
2021-05-09,Qinghai,0.03282983833000572,Power
2021-05-10,Qinghai,0.03366528268867401,Power
2021-05-11,Qinghai,0.03470951900060101,Power
2021-05-12,Qinghai,0.034804374152876155,Power
2021-05-13,Qinghai,0.03508921615533505,Power
2021-05-14,Qinghai,0.035070411052260095,Power
2021-05-15,Qinghai,0.03594374216271176,Power
2021-05-16,Qinghai,0.03550707660748592,Power
2021-05-17,Qinghai,0.03601979221191195,Power
2021-05-18,Qinghai,0.03630463421437085,Power
2021-05-19,Qinghai,0.03586769211351156,Power
2021-05-20,Qinghai,0.03645645776713778,Power
2021-05-21,Qinghai,0.03664616807168807,Power
2021-05-22,Qinghai,0.03700706012334716,Power
2021-05-23,Qinghai,0.03714007857303914,Power
2021-05-24,Qinghai,0.03757674412826496,Power
2021-05-25,Qinghai,0.03677918652138004,Power
2021-05-26,Qinghai,0.036703136472179855,Power
2021-05-27,Qinghai,0.03710191527562231,Power
2021-05-28,Qinghai,0.036817073273163414,Power
2021-05-29,Qinghai,0.03687404167365519,Power
2021-05-30,Qinghai,0.03594374216271176,Power
2021-05-31,Qinghai,0.03615253411597046,Power
2021-05-01,Heilongjiang,0.15573696461895936,Power
2021-05-02,Heilongjiang,0.15178985346724483,Power
2021-05-03,Heilongjiang,0.15682220457509355,Power
2021-05-04,Heilongjiang,0.17261352398978247,Power
2021-05-05,Heilongjiang,0.1708368927503363,Power
2021-05-06,Heilongjiang,0.17054078754376195,Power
2021-05-07,Heilongjiang,0.1708368927503363,Power
2021-05-08,Heilongjiang,0.16738281114160725,Power
2021-05-09,Heilongjiang,0.17063996841392523,Power
2021-05-10,Heilongjiang,0.17498236564237737,Power
2021-05-11,Heilongjiang,0.1804100028269637,Power
2021-05-12,Heilongjiang,0.18090303236994917,Power
2021-05-13,Heilongjiang,0.18238355840282094,Power
2021-05-14,Heilongjiang,0.18228581493657312,Power
2021-05-15,Heilongjiang,0.1868251365014364,Power
2021-05-16,Heilongjiang,0.1845554757190047,Power
2021-05-17,Heilongjiang,0.18722042257817398,Power
2021-05-18,Heilongjiang,0.1887009486110458,Power
2021-05-19,Heilongjiang,0.18642985042469876,Power
2021-05-20,Heilongjiang,0.18949008336060563,Power
2021-05-21,Heilongjiang,0.19047614244657654,Power
2021-05-22,Heilongjiang,0.19235195455618592,Power
2021-05-23,Heilongjiang,0.19304334583949792,Power
2021-05-24,Heilongjiang,0.19531300662192957,Power
2021-05-25,Heilongjiang,0.1911675337298885,Power
2021-05-26,Heilongjiang,0.1907722476531509,Power
2021-05-27,Heilongjiang,0.1928449840991714,Power
2021-05-28,Heilongjiang,0.19136445806629962,Power
2021-05-29,Heilongjiang,0.19166056327287398,Power
2021-05-30,Heilongjiang,0.1868251365014364,Power
2021-05-31,Heilongjiang,0.18791037645757055,Power
2021-06-01,Shanghai,0.13409461344408174,Power
2021-06-02,Shanghai,0.12906800933707804,Power
2021-06-03,Shanghai,0.1349436497642309,Power
2021-06-04,Shanghai,0.1338821128861377,Power
2021-06-05,Shanghai,0.1319705737762683,Power
2021-06-06,Shanghai,0.13232409743175705,Power
2021-06-07,Shanghai,0.1338821128861377,Power
2021-06-08,Shanghai,0.13572314044723474,Power
2021-06-09,Shanghai,0.13820070377053692,Power
2021-06-10,Shanghai,0.14301480731959657,Power
2021-06-11,Shanghai,0.14322730787754062,Power
2021-06-12,Shanghai,0.1379882032125929,Power
2021-06-13,Shanghai,0.127226981775981,Power
2021-06-14,Shanghai,0.12326191454707053,Power
2021-06-15,Shanghai,0.1357936519960071,Power
2021-06-16,Shanghai,0.1420237819902757,Power
2021-06-17,Shanghai,0.1425907721153355,Power
2021-06-18,Shanghai,0.14492634642946595,Power
2021-06-19,Shanghai,0.14138724622807058,Power
2021-06-20,Shanghai,0.14074974455423844,Power
2021-06-21,Shanghai,0.1439353211001451,Power
2021-06-22,Shanghai,0.1423067940969921,Power
2021-06-23,Shanghai,0.13756320209670478,Power
2021-06-24,Shanghai,0.1371391668924437,Power
2021-06-25,Shanghai,0.13551063988929068,Power
2021-06-26,Shanghai,0.1338821128861377,Power
2021-06-27,Shanghai,0.13395262443491007,Power
2021-06-28,Shanghai,0.13869621643519736,Power
2021-06-29,Shanghai,0.13423563654162643,Power
2021-06-30,Shanghai,0.13154557266038022,Power
2021-06-01,Yunnan,0.12970420419182938,Power
2021-06-02,Yunnan,0.12484217678639471,Power
2021-06-03,Yunnan,0.13052544210293182,Power
2021-06-04,Yunnan,0.12949866114240668,Power
2021-06-05,Yunnan,0.12764970798419087,Power
2021-06-06,Yunnan,0.12799165687550318,Power
2021-06-07,Yunnan,0.12949866114240668,Power
2021-06-08,Yunnan,0.13127941137967775,Power
2021-06-09,Yunnan,0.13367585647862856,Power
2021-06-10,Yunnan,0.13833234083464055,Power
2021-06-11,Yunnan,0.13853788388406324,Power
2021-06-12,Yunnan,0.13347031342920587,Power
2021-06-13,Yunnan,0.12306142654912366,Power
2021-06-14,Yunnan,0.11922618010421411,Power
2021-06-15,Yunnan,0.13134761430062256,Power
2021-06-16,Yunnan,0.13737376279506022,Power
2021-06-17,Yunnan,0.13792218902238346,Power
2021-06-18,Yunnan,0.14018129399285637,Power
2021-06-19,Yunnan,0.1367580679333805,Power
2021-06-20,Yunnan,0.13614143878511242,Power
2021-06-21,Yunnan,0.13922271595327607,Power
2021-06-22,Yunnan,0.13764750876542772,Power
2021-06-23,Yunnan,0.1330592273303605,Power
2021-06-24,Yunnan,0.13264907551810345,Power
2021-06-25,Yunnan,0.13107386833025506,Power
2021-06-26,Yunnan,0.12949866114240668,Power
2021-06-27,Yunnan,0.12956686406335152,Power
2021-06-28,Yunnan,0.13415514549841873,Power
2021-06-29,Yunnan,0.129840610033719,Power
2021-06-30,Yunnan,0.12723862188534552,Power
2021-06-01,InnerMongolia,1.2245619897910678,Power
2021-06-02,InnerMongolia,1.178658666987343,Power
2021-06-03,InnerMongolia,1.2323154526551097,Power
2021-06-04,InnerMongolia,1.222621418880841,Power
2021-06-05,InnerMongolia,1.2051651014656661,Power
2021-06-06,InnerMongolia,1.208393505798134,Power
2021-06-07,InnerMongolia,1.222621418880841,Power
2021-06-08,InnerMongolia,1.2394338195848957,Power
2021-06-09,InnerMongolia,1.2620591122427656,Power
2021-06-10,InnerMongolia,1.3060218641362638,Power
2021-06-11,InnerMongolia,1.3079624350464905,Power
2021-06-12,InnerMongolia,1.2601185413325389,Power
2021-06-13,InnerMongolia,1.1618462662832882,Power
2021-06-14,InnerMongolia,1.1256369772538322,Power
2021-06-15,InnerMongolia,1.2400777362960163,Power
2021-06-16,InnerMongolia,1.296971747073116,Power
2021-06-17,InnerMongolia,1.302149543092675,Power
2021-06-18,InnerMongolia,1.3234781815514387,Power
2021-06-19,InnerMongolia,1.2911588551193007,Power
2021-06-20,InnerMongolia,1.2853371423886204,Power
2021-06-21,InnerMongolia,1.314428064488291,Power
2021-06-22,InnerMongolia,1.2995562346944634,Power
2021-06-23,InnerMongolia,1.2562373995120855,Power
2021-06-24,InnerMongolia,1.252365078468497,Power
2021-06-25,InnerMongolia,1.2374932486746688,Power
2021-06-26,InnerMongolia,1.222621418880841,Power
2021-06-27,InnerMongolia,1.223265335591962,Power
2021-06-28,InnerMongolia,1.2665841707743395,Power
2021-06-29,InnerMongolia,1.225849823213309,Power
2021-06-30,InnerMongolia,1.2012839596452127,Power
2021-06-01,Beijing,0.05832014385252482,Power
2021-06-02,Beijing,0.056133983893665675,Power
2021-06-03,Beijing,0.058689404921671094,Power
2021-06-04,Beijing,0.05822772356218104,Power
2021-06-05,Beijing,0.057396361041315895,Power
2021-06-06,Beijing,0.05755011479706964,Power
2021-06-07,Beijing,0.05822772356218104,Power
2021-06-08,Beijing,0.05902841935034121,Power
2021-06-09,Beijing,0.060105955917303895,Power
2021-06-10,Beijing,0.06219969558581926,Power
2021-06-11,Beijing,0.06229211587616304,Power
2021-06-12,Beijing,0.060013535626960116,Power
2021-06-13,Beijing,0.055333288105505495,Power
2021-06-14,Beijing,0.0536088095061364,Power
2021-06-15,Beijing,0.0590590860830462,Power
2021-06-16,Beijing,0.06176868095903419,Power
2021-06-17,Beijing,0.06201527509736054,Power
2021-06-18,Beijing,0.06303105810668441,Power
2021-06-19,Beijing,0.061491840180231704,Power
2021-06-20,Beijing,0.061214579309200365,Power
2021-06-21,Beijing,0.06260004347989935,Power
2021-06-22,Beijing,0.06189176798208296,Power
2021-06-23,Beijing,0.059828695046272556,Power
2021-06-24,Beijing,0.05964427455781384,Power
2021-06-25,Beijing,0.05893599905999743,Power
2021-06-26,Beijing,0.05822772356218104,Power
2021-06-27,Beijing,0.05825839029488603,Power
2021-06-28,Beijing,0.06032146323069642,Power
2021-06-29,Beijing,0.058381477317934784,Power
2021-06-30,Beijing,0.057211520460628336,Power
2021-06-01,Jilin,0.14484889776086415,Power
2021-06-02,Jilin,0.13941916389102949,Power
2021-06-03,Jilin,0.1457660261374177,Power
2021-06-04,Jilin,0.1446193548224776,Power
2021-06-05,Jilin,0.1425545117539913,Power
2021-06-06,Jilin,0.14293638773330714,Power
2021-06-07,Jilin,0.1446193548224776,Power
2021-06-08,Jilin,0.1466080313704993,Power
2021-06-09,Jilin,0.149284293356688,Power
2021-06-10,Jilin,0.1544844842881361,Power
2021-06-11,Jilin,0.15471402722652267,Power
2021-06-12,Jilin,0.14905475041830143,Power
2021-06-13,Jilin,0.1374304873430078,Power
2021-06-14,Jilin,0.13314742478811326,Power
2021-06-15,Jilin,0.14668419789096393,Power
2021-06-16,Jilin,0.15341397949366062,Power
2021-06-17,Jilin,0.15402644178835564,Power
2021-06-18,Jilin,0.15654932735662241,Power
2021-06-19,Jilin,0.15272639405549365,Power
2021-06-20,Jilin,0.15203776524033397,Power
2021-06-21,Jilin,0.15547882256214696,Power
2021-06-22,Jilin,0.1537196889525118,Power
2021-06-23,Jilin,0.1485956645415283,Power
2021-06-24,Jilin,0.1481376220417479,Power
2021-06-25,Jilin,0.14637848843211274,Power
2021-06-26,Jilin,0.1446193548224776,Power
2021-06-27,Jilin,0.14469552134294225,Power
2021-06-28,Jilin,0.14981954575392573,Power
2021-06-29,Jilin,0.14500123080179342,Power
2021-06-30,Jilin,0.14209542587721818,Power
2021-06-01,Sichuan,0.09939561916601017,Power
2021-06-02,Sichuan,0.09566972433186467,Power
2021-06-03,Sichuan,0.10002495459245404,Power
2021-06-04,Sichuan,0.09923810631752593,Power
2021-06-05,Sichuan,0.09782120664866084,Power
2021-06-06,Sichuan,0.09808325075113919,Power
2021-06-07,Sichuan,0.09923810631752593,Power
2021-06-08,Sichuan,0.10060274035939397,Power
2021-06-09,Sichuan,0.10243919697922166,Power
2021-06-10,Sichuan,0.10600757896488291,Power
2021-06-11,Sichuan,0.10616509181336715,Power
2021-06-12,Sichuan,0.10228168413073742,Power
2021-06-13,Sichuan,0.09430509028999663,Power
2021-06-14,Sichuan,0.09136604373077925,Power
2021-06-15,Sichuan,0.10065500598639102,Power
2021-06-16,Sichuan,0.10527299631695183,Power
2021-06-17,Sichuan,0.10569326923540752,Power
2021-06-18,Sichuan,0.10742447863374799,Power
2021-06-19,Sichuan,0.10480117373899221,Power
2021-06-20,Sichuan,0.10432863519353947,Power
2021-06-21,Sichuan,0.10668989598581693,Power
2021-06-22,Sichuan,0.10548277479243313,Power
2021-06-23,Sichuan,0.10196665843376891,Power
2021-06-24,Sichuan,0.10165234870429354,Power
2021-06-25,Sichuan,0.10044522751090973,Power
2021-06-26,Sichuan,0.09923810631752593,Power
2021-06-27,Sichuan,0.09929037194452299,Power
2021-06-28,Sichuan,0.10280648830318719,Power
2021-06-29,Sichuan,0.09950015042000426,Power
2021-06-30,Sichuan,0.09750618095169235,Power
2021-06-01,Tianjin,0.1580532135159118,Power
2021-06-02,Tianjin,0.15212850922109303,Power
2021-06-03,Tianjin,0.1590539466202826,Power
2021-06-04,Tianjin,0.15780274561720692,Power
2021-06-05,Tianjin,0.1555496730193118,Power
2021-06-06,Tianjin,0.15596636052352084,Power
2021-06-07,Tianjin,0.15780274561720692,Power
2021-06-08,Tianjin,0.15997270841235,Power
2021-06-09,Tianjin,0.16289293641315905,Power
2021-06-10,Tianjin,0.16856717280927294,Power
2021-06-11,Tianjin,0.16881764070797783,Power
2021-06-12,Tianjin,0.16264246851445419,Power
2021-06-13,Tianjin,0.14995854642594997,Power
2021-06-14,Tianjin,0.14528504313420687,Power
2021-06-15,Tianjin,0.1600558182151021,Power
2021-06-16,Tianjin,0.16739908160894934,Power
2021-06-17,Tianjin,0.16806737550231185,Power
2021-06-18,Tianjin,0.17082024540716806,Power
2021-06-19,Tianjin,0.1666488164032834,Power
2021-06-20,Tianjin,0.16589741270716876,Power
2021-06-21,Tianjin,0.16965215420684449,Power
2021-06-22,Tianjin,0.1677326593104063,Power
2021-06-23,Tianjin,0.16214153271704443,Power
2021-06-24,Tianjin,0.16164173541008336,Power
2021-06-25,Tianjin,0.15972224051364514,Power
2021-06-26,Tianjin,0.15780274561720692,Power
2021-06-27,Tianjin,0.15788585541995903,Power
2021-06-28,Tianjin,0.16347698201332084,Power
2021-06-29,Tianjin,0.15821943312141595,Power
2021-06-30,Tianjin,0.15504873722190204,Power
2021-06-01,Ningxia,0.30450135739306156,Power
2021-06-02,Ningxia,0.2930869706824542,Power
2021-06-03,Ningxia,0.3064293446948725,Power
2021-06-04,Ningxia,0.3040188122208222,Power
2021-06-05,Ningxia,0.29967809905781456,Power
2021-06-06,Ningxia,0.30048087875344914,Power
2021-06-07,Ningxia,0.3040188122208222,Power
2021-06-08,Ningxia,0.3081994081221323,Power
2021-06-09,Ningxia,0.313825446153014,Power
2021-06-10,Ningxia,0.324757287691382,Power
2021-06-11,Ningxia,0.32523983286362135,Power
2021-06-12,Ningxia,0.3133429009807746,Power
2021-06-13,Ningxia,0.2889063747811441,Power
2021-06-14,Ningxia,0.279902520544587,Power
2021-06-15,Ningxia,0.30835952538382994,Power
2021-06-16,Ningxia,0.3225068724790293,Power
2021-06-17,Ningxia,0.3237943907340498,Power
2021-06-18,Ningxia,0.3290980008543896,Power
2021-06-19,Ningxia,0.32106143034945783,Power
2021-06-20,Ningxia,0.31961379483273966,Power
2021-06-21,Ningxia,0.32684758564203703,Power
2021-06-22,Ningxia,0.32314953491296633,Power
2021-06-23,Ningxia,0.3123778106362958,Power
2021-06-24,Ningxia,0.31141491367896373,Power
2021-06-25,Ningxia,0.3077168629498929,Power
2021-06-26,Ningxia,0.3040188122208222,Power
2021-06-27,Ningxia,0.3041789294825199,Power
2021-06-28,Ningxia,0.3149506537591903,Power
2021-06-29,Ningxia,0.3048215919164568,Power
2021-06-30,Ningxia,0.2987130087133358,Power
2021-06-01,Anhui,0.6028824624152987,Power
2021-06-02,Anhui,0.5802831097359985,Power
2021-06-03,Anhui,0.6066996858982167,Power
2021-06-04,Anhui,0.6019270708723613,Power
2021-06-05,Anhui,0.5933328896747566,Power
2021-06-06,Anhui,0.5949223137870979,Power
2021-06-07,Anhui,0.6019270708723613,Power
2021-06-08,Anhui,0.6102042357852642,Power
2021-06-09,Anhui,0.6213432326381476,Power
2021-06-10,Anhui,0.6429871937745105,Power
2021-06-11,Anhui,0.6439425853174479,Power
2021-06-12,Anhui,0.6203878410952103,Power
2021-06-13,Anhui,0.5720059448230956,Power
2021-06-14,Anhui,0.5541792071696507,Power
2021-06-15,Anhui,0.6105212520699661,Power
2021-06-16,Anhui,0.6385315950333571,Power
2021-06-17,Anhui,0.6410807533774673,Power
2021-06-18,Anhui,0.6515813749721152,Power
2021-06-19,Anhui,0.6356697630933766,Power
2021-06-20,Anhui,0.6328035884645644,Power
2021-06-21,Anhui,0.6471257762309619,Power
2021-06-22,Anhui,0.6398040028609965,Power
2021-06-23,Anhui,0.6184770580093355,Power
2021-06-24,Anhui,0.6165706176122924,Power
2021-06-25,Anhui,0.6092488442423267,Power
2021-06-26,Anhui,0.6019270708723613,Power
2021-06-27,Anhui,0.6022440871570635,Power
2021-06-28,Anhui,0.6235710320087243,Power
2021-06-29,Anhui,0.6035164949847026,Power
2021-06-30,Anhui,0.5914221065888818,Power
2021-06-01,Shandong,1.251610336869539,Power
2021-06-02,Shandong,1.2046930931556428,Power
2021-06-03,Shandong,1.2595350596259793,Power
2021-06-04,Shandong,1.2496269022774835,Power
2021-06-05,Shandong,1.2317850065607656,Power
2021-06-06,Shandong,1.2350847204730036,Power
2021-06-07,Shandong,1.2496269022774835,Power
2021-06-08,Shandong,1.2668106583341103,Power
2021-06-09,Shandong,1.2899357025551221,Power
2021-06-10,Shandong,1.3348695116769629,Power
2021-06-11,Shandong,1.3368529462690184,Power
2021-06-12,Shandong,1.2879522679630666,Power
2021-06-13,Shandong,1.187509337099016,Power
2021-06-14,Shandong,1.1505002507336155,Power
2021-06-15,Shandong,1.2674687979942016,Power
2021-06-16,Shandong,1.3256194939885582,Power
2021-06-17,Shandong,1.3309116581046336,Power
2021-06-18,Shandong,1.3527114073936806,Power
2021-06-19,Shandong,1.3196782058241736,Power
2021-06-20,Shandong,1.3137279020480066,Power
2021-06-21,Shandong,1.3434613897052763,Power
2021-06-22,Shandong,1.328261068240705,Power
2021-06-23,Shandong,1.2839853987789551,Power
2021-06-24,Shandong,1.2800275452066263,Power
2021-06-25,Shandong,1.2648272237420548,Power
2021-06-26,Shandong,1.2496269022774835,Power
2021-06-27,Shandong,1.2502850419375748,Power
2021-06-28,Shandong,1.2945607113993243,Power
2021-06-29,Shandong,1.2529266161897215,Power
2021-06-30,Shandong,1.2278181373766544,Power
2021-06-01,Shanxi,0.6993510136658416,Power
2021-06-02,Shanxi,0.673135488767104,Power
2021-06-03,Shanxi,0.703779039489437,Power
2021-06-04,Shanxi,0.6982427478169326,Power
2021-06-05,Shanxi,0.6882733927487925,Power
2021-06-06,Shanxi,0.6901171441156139,Power
2021-06-07,Shanxi,0.6982427478169326,Power
2021-06-08,Shanxi,0.7078443601261167,Power
2021-06-09,Shanxi,0.7207657324099873,Power
2021-06-10,Shanxi,0.7458729914598159,Power
2021-06-11,Shanxi,0.7469812573087249,Power
2021-06-12,Shanxi,0.7196574665610783,Power
2021-06-13,Shanxi,0.66353387645792,Power
2021-06-14,Shanxi,0.6428546432316868,Power
2021-06-15,Shanxi,0.7082121028850729,Power
2021-06-16,Shanxi,0.7407044425462677,Power
2021-06-17,Shanxi,0.7436614973340383,Power
2021-06-18,Shanxi,0.7558423465279559,Power
2021-06-19,Shanxi,0.7373846825715813,Power
2021-06-20,Shanxi,0.7340598850248543,Power
2021-06-21,Shanxi,0.7506737976144079,Power
2021-06-22,Shanxi,0.7421804511541328,Power
2021-06-23,Shanxi,0.7174409348632603,Power
2021-06-24,Shanxi,0.715229440737483,Power
2021-06-25,Shanxi,0.7067360942772077,Power
2021-06-26,Shanxi,0.6982427478169326,Power
2021-06-27,Shanxi,0.698610490575889,Power
2021-06-28,Shanxi,0.7233500068667613,Power
2021-06-29,Shanxi,0.700086499183754,Power
2021-06-30,Shanxi,0.6860568610509745,Power
2021-06-01,Guangdong,0.784663580315136,Power
2021-06-02,Guangdong,0.7552500708972275,Power
2021-06-03,Guangdong,0.7896317730088986,Power
2021-06-04,Guangdong,0.783420119117607,Power
2021-06-05,Guangdong,0.7722346204362004,Power
2021-06-06,Guangdong,0.7743032877011802,Power
2021-06-07,Guangdong,0.783420119117607,Power
2021-06-08,Guangdong,0.7941930147652884,Power
2021-06-09,Guangdong,0.8086906419092038,Power
2021-06-10,Guangdong,0.8368606901295833,Power
2021-06-11,Guangdong,0.8381041513271121,Power
2021-06-12,Guangdong,0.807447180711675,Power
2021-06-13,Guangdong,0.7444771752495463,Power
2021-06-14,Guangdong,0.7212753197229295,Power
2021-06-15,Guangdong,0.7946056177990138,Power
2021-06-16,Guangdong,0.8310616392720171,Power
2021-06-17,Guangdong,0.834379419830878,Power
2021-06-18,Guangdong,0.8480461888109899,Power
2021-06-19,Guangdong,0.8273369077757833,Power
2021-06-20,Guangdong,0.8236065241831967,Power
2021-06-21,Guangdong,0.842247137953424,Power
2021-06-22,Guangdong,0.8327177035032715,Power
2021-06-23,Guangdong,0.8049602583166172,Power
2021-06-24,Guangdong,0.8024789880179122,Power
2021-06-25,Guangdong,0.7929495535677595,Power
2021-06-26,Guangdong,0.783420119117607,Power
2021-06-27,Guangdong,0.7838327221513327,Power
2021-06-28,Guangdong,0.8115901673379867,Power
2021-06-29,Guangdong,0.7854887863825869,Power
2021-06-30,Guangdong,0.7697476980411427,Power
2021-06-01,Guangxi,0.24475877205156435,Power
2021-06-02,Guangxi,0.235583866235287,Power
2021-06-03,Guangxi,0.24630849192329915,Power
2021-06-04,Guangxi,0.24437090132143732,Power
2021-06-05,Guangxi,0.24088182779906747,Power
2021-06-06,Guangxi,0.241527103650097,Power
2021-06-07,Guangxi,0.24437090132143732,Power
2021-06-08,Guangxi,0.24773127228335598,Power
2021-06-09,Guangxi,0.25225349238688244,Power
2021-06-10,Guangxi,0.2610405274730328,Power
2021-06-11,Guangxi,0.26142839820315983,Power
2021-06-12,Guangxi,0.2518656216567554,Power
2021-06-13,Guangxi,0.2322234952733683,Power
2021-06-14,Guangxi,0.22498618005895274,Power
2021-06-15,Guangxi,0.24785997484380723,Power
2021-06-16,Guangxi,0.25923163943162225,Power
2021-06-17,Guangxi,0.26026654906155205,Power
2021-06-18,Guangxi,0.2645296009954027,Power
2021-06-19,Guangxi,0.2580697902900145,Power
2021-06-20,Guangxi,0.2569061780996334,Power
2021-06-21,Guangxi,0.26272071295399213,Power
2021-06-22,Guangxi,0.2597482127222005,Power
2021-06-23,Guangxi,0.25108988019650136,Power
2021-06-24,Guangxi,0.25031590178502067,Power
2021-06-25,Guangxi,0.24734340155322895,Power
2021-06-26,Guangxi,0.24437090132143732,Power
2021-06-27,Guangxi,0.24449960388188863,Power
2021-06-28,Guangxi,0.2531579364075877,Power
2021-06-29,Guangxi,0.24501617717246685,Power
2021-06-30,Guangxi,0.2401060863388134,Power
2021-06-01,Xinjiang,0.7293124743422604,Power
2021-06-02,Xinjiang,0.7019738290032621,Power
2021-06-03,Xinjiang,0.7339302047905655,Power
2021-06-04,Xinjiang,0.7281567283825026,Power
2021-06-05,Xinjiang,0.7177602681354086,Power
2021-06-06,Xinjiang,0.7196830091411875,Power
2021-06-07,Xinjiang,0.7281567283825026,Power
2021-06-08,Xinjiang,0.7381696911065861,Power
2021-06-09,Xinjiang,0.7516446383192171,Power
2021-06-10,Xinjiang,0.7778275376984576,Power
2021-06-11,Xinjiang,0.7789832836582155,Power
2021-06-12,Xinjiang,0.7504888923594593,Power
2021-06-13,Xinjiang,0.6919608662791785,Power
2021-06-14,Xinjiang,0.6703956973482431,Power
2021-06-15,Xinjiang,0.7385531886295967,Power
2021-06-16,Xinjiang,0.7724375588134053,Power
2021-06-17,Xinjiang,0.775521299169668,Power
2021-06-18,Xinjiang,0.7882239979455516,Power
2021-06-19,Xinjiang,0.7689755743248581,Power
2021-06-20,Xinjiang,0.7655083364455845,Power
2021-06-21,Xinjiang,0.7828340190604994,Power
2021-06-22,Xinjiang,0.7739768022961737,Power
2021-06-23,Xinjiang,0.7481774004399436,Power
2021-06-24,Xinjiang,0.7458711619111542,Power
2021-06-25,Xinjiang,0.7370139451468283,Power
2021-06-26,Xinjiang,0.7281567283825026,Power
2021-06-27,Xinjiang,0.7285402259055133,Power
2021-06-28,Xinjiang,0.7543396277617432,Power
2021-06-29,Xinjiang,0.7300794693882815,Power
2021-06-30,Xinjiang,0.7154487762158929,Power
2021-06-01,Jiangsu,1.0487277440071414,Power
2021-06-02,Jiangsu,1.0094156564462695,Power
2021-06-03,Jiangsu,1.0553678910029152,Power
2021-06-04,Jiangsu,1.04706581870672,Power
2021-06-05,Jiangsu,1.0321160452088407,Power
2021-06-06,Jiangsu,1.0348808845722688,Power
2021-06-07,Jiangsu,1.04706581870672,Power
2021-06-08,Jiangsu,1.0614641351730965,Power
2021-06-09,Jiangsu,1.0808406733348255,Power
2021-06-10,Jiangsu,1.118490835595276,Power
2021-06-11,Jiangsu,1.1201527608956974,Power
2021-06-12,Jiangsu,1.0791787480344042,Power
2021-06-13,Jiangsu,0.9950173399798933,Power
2021-06-14,Jiangsu,0.9640073247152163,Power
2021-06-15,Jiangsu,1.0620155922045997,Power
2021-06-16,Jiangsu,1.1107402203305845,Power
2021-06-17,Jiangsu,1.1151745392003445,Power
2021-06-18,Jiangsu,1.1334406090931555,Power
2021-06-19,Jiangsu,1.105761998635232,Power
2021-06-20,Jiangsu,1.1007762227339684,Power
2021-06-21,Jiangsu,1.1256899938284641,Power
2021-06-22,Jiangsu,1.112953602662509,Power
2021-06-23,Jiangsu,1.0758548974335618,Power
2021-06-24,Jiangsu,1.0725386010386304,Power
2021-06-25,Jiangsu,1.0598022098726751,Power
2021-06-26,Jiangsu,1.04706581870672,Power
2021-06-27,Jiangsu,1.0476172757382238,Power
2021-06-28,Jiangsu,1.0847159809671711,Power
2021-06-29,Jiangsu,1.0498306580701482,Power
2021-06-30,Jiangsu,1.0287921946079983,Power
2021-06-01,Jiangxi,0.22705463834618508,Power
2021-06-02,Jiangxi,0.2185433808966,Power
2021-06-03,Jiangxi,0.228492262346605,Power
2021-06-04,Jiangxi,0.22669482346553388,Power
2021-06-05,Jiangxi,0.2234581250618581,Power
2021-06-06,Jiangxi,0.22405672618148692,Power
2021-06-07,Jiangxi,0.22669482346553388,Power
2021-06-08,Jiangxi,0.2298121287497209,Power
2021-06-09,Jiangxi,0.2340072431536767,Power
2021-06-10,Jiangxi,0.24215868572261057,Power
2021-06-11,Jiangxi,0.24251850060326174,Power
2021-06-12,Jiangxi,0.2336474282730255,Power
2021-06-13,Jiangxi,0.215426075612413,Power
2021-06-14,Jiangxi,0.20871225704389904,Power
2021-06-15,Jiangxi,0.2299315218692097,Power
2021-06-16,Jiangxi,0.24048063996102825,Power
2021-06-17,Jiangxi,0.24144069148349298,Power
2021-06-18,Jiangxi,0.24539538412628634,Power
2021-06-19,Jiangxi,0.23940283084125952,Power
2021-06-20,Jiangxi,0.23832338619930596,Power
2021-06-21,Jiangxi,0.24371733836470408,Power
2021-06-22,Jiangxi,0.24095984796116826,Power
2021-06-23,Jiangxi,0.23292779851172313,Power
2021-06-24,Jiangxi,0.23220980427260557,Power
2021-06-25,Jiangxi,0.2294523138690697,Power
2021-06-26,Jiangxi,0.22669482346553388,Power
2021-06-27,Jiangxi,0.22681421658502274,Power
2021-06-28,Jiangxi,0.23484626603446782,Power
2021-06-29,Jiangxi,0.2272934245851627,Power
2021-06-30,Jiangxi,0.22273849530055576,Power
2021-06-01,Hebei,0.7538274279169318,Power
2021-06-02,Hebei,0.7255698271989179,Power
2021-06-03,Hebei,0.7586003777691867,Power
2021-06-04,Hebei,0.7526328329595984,Power
2021-06-05,Hebei,0.7418869083206766,Power
2021-06-06,Hebei,0.7438742799315131,Power
2021-06-07,Hebei,0.7526328329595984,Power
2021-06-08,Hebei,0.7629823692717687,Power
2021-06-09,Hebei,0.7769102604788606,Power
2021-06-10,Hebei,0.803973266239541,Power
2021-06-11,Hebei,0.8051678611968744,Power
2021-06-12,Hebei,0.7757156655215272,Power
2021-06-13,Hebei,0.7152202908867475,Power
2021-06-14,Hebei,0.692930234978322,Power
2021-06-15,Hebei,0.7633787575985203,Power
2021-06-16,Hebei,0.7984021097567043,Power
2021-06-17,Hebei,0.8015895063019529,Power
2021-06-18,Hebei,0.8147191908784628,Power
2021-06-19,Hebei,0.7948237548617829,Power
2021-06-20,Hebei,0.7912399699897825,Power
2021-06-21,Hebei,0.8091480343956262,Power
2021-06-22,Hebei,0.7999930930407892,Power
2021-06-23,Hebei,0.7733264756068603,Power
2021-06-24,Hebei,0.7709427156692723,Power
2021-06-25,Hebei,0.7617877743144352,Power
2021-06-26,Hebei,0.7526328329595984,Power
2021-06-27,Hebei,0.7530292212863501,Power
2021-06-28,Hebei,0.7796958387202789,Power
2021-06-29,Hebei,0.7546202045704349,Power
2021-06-30,Hebei,0.7394977184060096,Power
2021-06-01,Henan,0.6483468274157868,Power
2021-06-02,Henan,0.6240432201212998,Power
2021-06-03,Henan,0.6524519140437373,Power
2021-06-04,Henan,0.647319388214252,Power
2021-06-05,Henan,0.6380771055786275,Power
2021-06-06,Henan,0.6397863907957264,Power
2021-06-07,Henan,0.647319388214252,Power
2021-06-08,Henan,0.6562207478420945,Power
2021-06-09,Henan,0.6681997548963527,Power
2021-06-10,Henan,0.6914759229893049,Power
2021-06-11,Henan,0.6925033621908397,Power
2021-06-12,Henan,0.6671723156948178,Power
2021-06-13,Henan,0.6151418604934572,Power
2021-06-14,Henan,0.5959707790284554,Power
2021-06-15,Henan,0.6565616708498765,Power
2021-06-16,Henan,0.6866843201676016,Power
2021-06-17,Henan,0.689425714764424,Power
2021-06-18,Henan,0.7007182056249293,Power
2021-06-19,Henan,0.683606672741186,Power
2021-06-20,Henan,0.6805243551365815,Power
2021-06-21,Henan,0.6959266028032262,Power
2021-06-22,Henan,0.6880526823769185,Power
2021-06-23,Henan,0.6651174372917482,Power
2021-06-24,Henan,0.6630672290668674,Power
2021-06-25,Henan,0.6551933086405596,Power
2021-06-26,Henan,0.647319388214252,Power
2021-06-27,Henan,0.647660311222034,Power
2021-06-28,Henan,0.6705955563072042,Power
2021-06-29,Henan,0.6490286734313508,Power
2021-06-30,Henan,0.6360222271755579,Power
2021-06-01,Zhejiang,0.5534714654228491,Power
2021-06-02,Zhejiang,0.532724308846243,Power
2021-06-03,Zhejiang,0.5569758371812729,Power
2021-06-04,Zhejiang,0.5525943757904791,Power
2021-06-05,Zhejiang,0.5447045558702056,Power
2021-06-06,Zhejiang,0.5461637140767849,Power
2021-06-07,Zhejiang,0.5525943757904791,Power
2021-06-08,Zhejiang,0.5601931614236482,Power
2021-06-09,Zhejiang,0.5704192291828709,Power
2021-06-10,Zhejiang,0.5902892961271071,Power
2021-06-11,Zhejiang,0.5911663857594771,Power
2021-06-12,Zhejiang,0.5695421395505009,Power
2021-06-13,Zhejiang,0.5251255232130739,Power
2021-06-14,Zhejiang,0.5087598280272615,Power
2021-06-15,Zhejiang,0.5604841957107527,Power
2021-06-16,Zhejiang,0.586198869023418,Power
2021-06-17,Zhejiang,0.5885391036334233,Power
2021-06-18,Zhejiang,0.5981791160473806,Power
2021-06-19,Zhejiang,0.5835715868973643,Power
2021-06-20,Zhejiang,0.5809403180002544,Power
2021-06-21,Zhejiang,0.5940886889436916,Power
2021-06-22,Zhejiang,0.5873669929428926,Power
2021-06-23,Zhejiang,0.567787960285761,Power
2021-06-24,Zhejiang,0.5660377677920773,Power
2021-06-25,Zhejiang,0.5593160717912782,Power
2021-06-26,Zhejiang,0.5525943757904791,Power
2021-06-27,Zhejiang,0.5528854100775838,Power
2021-06-28,Zhejiang,0.5724644427347154,Power
2021-06-29,Zhejiang,0.5540535339970584,Power
2021-06-30,Zhejiang,0.5429503766054656,Power
2021-06-01,Hainan,0.05736964508681306,Power
2021-06-02,Hainan,0.055219115052801124,Power
2021-06-03,Hainan,0.05773288795766173,Power
2021-06-04,Hainan,0.057278731057704174,Power
2021-06-05,Hainan,0.05646091804131109,Power
2021-06-06,Hainan,0.056612165926101334,Power
2021-06-07,Hainan,0.057278731057704174,Power
2021-06-08,Hainan,0.058066377146256586,Power
2021-06-09,Hainan,0.059126352076548795,Power
2021-06-10,Hainan,0.061185968081451846,Power
2021-06-11,Hainan,0.06127688211056073,Power
2021-06-12,Hainan,0.059035438047439916,Power
2021-06-13,Hainan,0.054431468964248705,Power
2021-06-14,Hainan,0.05273509583019433,Power
2021-06-15,Hainan,0.05809654407409726,Power
2021-06-16,Hainan,0.060761978109334966,Power
2021-06-17,Hainan,0.061004553268820934,Power
2021-06-18,Hainan,0.06200378109784493,Power
2021-06-19,Hainan,0.06048964926759518,Power
2021-06-20,Hainan,0.06021690718026852,Power
2021-06-21,Hainan,0.061579791125728055,Power
2021-06-22,Hainan,0.06088305906628453,Power
2021-06-23,Hainan,0.05885360998922214,Power
2021-06-24,Hainan,0.05867219517659124,Power
2021-06-25,Hainan,0.0579754631171477,Power
2021-06-26,Hainan,0.057278731057704174,Power
2021-06-27,Hainan,0.05730889798554486,Power
2021-06-28,Hainan,0.05933834706260723,Power
2021-06-29,Hainan,0.05742997894249441,Power
2021-06-30,Hainan,0.05627908998309332,Power
2021-06-01,Hubei,0.38184431795631407,Power
2021-06-02,Hubei,0.3675306914236896,Power
2021-06-03,Hubei,0.38426201160008366,Power
2021-06-04,Hubei,0.3812392069191931,Power
2021-06-05,Hubei,0.37579595808981886,Power
2021-06-06,Hubei,0.37680264281521103,Power
2021-06-07,Hubei,0.3812392069191931,Power
2021-06-08,Hubei,0.38648166890443186,Power
2021-06-09,Hubei,0.3935367134963193,Power
2021-06-10,Hubei,0.4072452289918228,Power
2021-06-11,Hubei,0.40785034002894377,Power
2021-06-12,Hubei,0.39293160245919834,Power
2021-06-13,Hubei,0.3622882294384509,Power
2021-06-14,Hubei,0.35099740758671694,Power
2021-06-15,Hubei,0.38668245574856747,Power
2021-06-16,Hubei,0.40442321115506785,Power
2021-06-17,Hubei,0.40603775742229503,Power
2021-06-18,Hubei,0.412688477821197,Power
2021-06-19,Hubei,0.4026106285484192,Power
2021-06-20,Hubei,0.40079529543705633,Power
2021-06-21,Hubei,0.40986645998444216,Power
2021-06-22,Hubei,0.40522910903632436,Power
2021-06-23,Hubei,0.3917213803849564,Power
2021-06-24,Hubei,0.39051390881542875,Power
2021-06-25,Hubei,0.3858765578673109,Power
2021-06-26,Hubei,0.3812392069191931,Power
2021-06-27,Hubei,0.3814399937633288,Power
2021-06-28,Hubei,0.3949477224146967,Power
2021-06-29,Hubei,0.3822458916445853,Power
2021-06-30,Hubei,0.374585736015577,Power
2021-06-01,Hunan,0.21360353235296461,Power
2021-06-02,Hunan,0.2055964963847104,Power
2021-06-03,Hunan,0.21495598904322122,Power
2021-06-04,Hunan,0.2132650335226387,Power
2021-06-05,Hunan,0.21022008268075268,Power
2021-06-06,Hunan,0.2107832216439312,Power
2021-06-07,Hunan,0.2132650335226387,Power
2021-06-08,Hunan,0.21619766429809845,Power
2021-06-09,Hunan,0.220144252933489,Power
2021-06-10,Hunan,0.2278127900714173,Power
2021-06-11,Hunan,0.2281512889017432,Power
2021-06-12,Hunan,0.21980575410316308,Power
2021-06-13,Hunan,0.20266386560925065,Power
2021-06-14,Hunan,0.19634778516157894,Power
2021-06-15,Hunan,0.21630998436452478,Power
2021-06-16,Hunan,0.2262341546172611,Power
2021-06-17,Hunan,0.22713733104181244,Power
2021-06-18,Hunan,0.23085774091330333,Power
2021-06-19,Hunan,0.22522019675733038,Power
2021-06-20,Hunan,0.22420470026635267,Power
2021-06-21,Hunan,0.22927910545914718,Power
2021-06-22,Hunan,0.22668497351401332,Power
2021-06-23,Hunan,0.21912875644251129,Power
2021-06-24,Hunan,0.21845329741290645,Power
2021-06-25,Hunan,0.21585916546777256,Power
2021-06-26,Hunan,0.2132650335226387,Power
2021-06-27,Hunan,0.21337735358906507,Power
2021-06-28,Hunan,0.22093357066056707,Power
2021-06-29,Hunan,0.21382817248581726,Power
2021-06-30,Hunan,0.20954308502010086,Power
2021-06-01,Gansu,0.21190769753276273,Power
2021-06-02,Gansu,0.2039642307866651,Power
2021-06-03,Gansu,0.21324941683903095,Power
2021-06-04,Gansu,0.2115718861022974,Power
2021-06-05,Gansu,0.20855110964370266,Power
2021-06-06,Gansu,0.20910977775074951,Power
2021-06-07,Gansu,0.2115718861022974,Power
2021-06-08,Gansu,0.21448123422260143,Power
2021-06-09,Gansu,0.21839649021870838,Power
2021-06-10,Gansu,0.2260041455343407,Power
2021-06-11,Gansu,0.22633995696480602,Power
2021-06-12,Gansu,0.21806067878824306,Power
2021-06-13,Gansu,0.20105488266636107,Power
2021-06-14,Gansu,0.19478894665699698,Power
2021-06-15,Gansu,0.21459266256089218,Power
2021-06-16,Gansu,0.22443804313589794,Power
2021-06-17,Gansu,0.2253340490890031,Power
2021-06-18,Gansu,0.22902492199293545,Power
2021-06-19,Gansu,0.22343213526009503,Power
2021-06-20,Gansu,0.22242470096869907,Power
2021-06-21,Gansu,0.2274588195944927,Power
2021-06-22,Gansu,0.224885282904654,Power
2021-06-23,Gansu,0.21738905592731242,Power
2021-06-24,Gansu,0.21671895948197484,Power
2021-06-25,Gansu,0.2141454227921361,Power
2021-06-26,Gansu,0.2115718861022974,Power
2021-06-27,Gansu,0.21168331444058822,Power
2021-06-28,Gansu,0.21917954141792975,Power
2021-06-29,Gansu,0.21213055420934426,Power
2021-06-30,Gansu,0.20787948678277202,Power
2021-06-01,Fujian,0.2953504070371126,Power
2021-06-02,Fujian,0.28427904830847095,Power
2021-06-03,Fujian,0.29722045398608954,Power
2021-06-04,Fujian,0.2948823634321354,Power
2021-06-05,Fujian,0.2906720984582727,Power
2021-06-06,Fujian,0.2914507528192802,Power
2021-06-07,Fujian,0.2948823634321354,Power
2021-06-08,Fujian,0.29893732302798304,Power
2021-06-09,Fujian,0.30439428596783047,Power
2021-06-10,Fujian,0.31499760109149494,Power
2021-06-11,Fujian,0.31546564469647215,Power
2021-06-12,Fujian,0.3039262423628533,Power
2021-06-13,Fujian,0.28022408871262333,Power
2021-06-14,Fujian,0.2714908205379358,Power
2021-06-15,Fujian,0.2990926284059982,Power
2021-06-16,Fujian,0.312814815915556,Power
2021-06-17,Fujian,0.3140636413524723,Power
2021-06-18,Fujian,0.31920786606535767,Power
2021-06-19,Fujian,0.31141281257155623,Power
2021-06-20,Fujian,0.31000868175662466,Power
2021-06-21,Fujian,0.3170250808894188,Power
2021-06-22,Fujian,0.3134381648985483,Power
2021-06-23,Fujian,0.30299015515289895,Power
2021-06-24,Fujian,0.30205619541387635,Power
2021-06-25,Fujian,0.29846927942300583,Power
2021-06-26,Fujian,0.2948823634321354,Power
2021-06-27,Fujian,0.29503766881015064,Power
2021-06-28,Fujian,0.30548567855579994,Power
2021-06-29,Fujian,0.2956610177931429,Power
2021-06-30,Fujian,0.2897360112483183,Power
2021-06-01,Tibet,0.0009623342528084746,Power
2021-06-02,Tibet,0.000926260668767796,Power
2021-06-03,Tibet,0.0009684273889291042,Power
2021-06-04,Tibet,0.000960809235804449,Power
2021-06-05,Tibet,0.0009470910146636913,Power
2021-06-06,Tibet,0.0009496280884067523,Power
2021-06-07,Tibet,0.000960809235804449,Power
2021-06-08,Tibet,0.0009740214285756891,Power
2021-06-09,Tibet,0.0009918017404635334,Power
2021-06-10,Tibet,0.0010263503075001864,Power
2021-06-11,Tibet,0.001027875324504212,Power
2021-06-12,Tibet,0.0009902767234595078,Power
2021-06-13,Tibet,0.0009130484759965557,Power
2021-06-14,Tibet,0.0008845930450805323,Power
2021-06-15,Tibet,0.0009745274569452067,Power
2021-06-16,Tibet,0.0010192381827450487,Power
2021-06-17,Tibet,0.001023307205387608,Power
2021-06-18,Tibet,0.001040068528640944,Power
2021-06-19,Tibet,0.0010146700636284448,Power
2021-06-20,Tibet,0.0010100950126163677,Power
2021-06-21,Tibet,0.0010329564038858065,Power
2021-06-22,Tibet,0.001021269228118592,Power
2021-06-23,Tibet,0.0009872266894514563,Power
2021-06-24,Tibet,0.000984183587338878,Power
2021-06-25,Tibet,0.0009724964115716635,Power
2021-06-26,Tibet,0.000960809235804449,Power
2021-06-27,Tibet,0.0009613152641739667,Power
2021-06-28,Tibet,0.000995357802841102,Power
2021-06-29,Tibet,0.0009633463095475098,Power
2021-06-30,Tibet,0.0009440409806556401,Power
2021-06-01,Guizhou,0.217779126444303,Power
2021-06-02,Guizhou,0.20961556622895475,Power
2021-06-03,Guizhou,0.21915802141534282,Power
2021-06-04,Guizhou,0.2174340105243613,Power
2021-06-05,Guizhou,0.21432953595361304,Power
2021-06-06,Guizhou,0.21490368334769788,Power
2021-06-07,Guizhou,0.2174340105243613,Power
2021-06-08,Guizhou,0.22042396935803804,Power
2021-06-09,Guizhou,0.22444770724281293,Power
2021-06-10,Guizhou,0.23226615153821947,Power
2021-06-11,Guizhou,0.23261126745816119,Power
2021-06-12,Guizhou,0.22410259132287122,Power
2021-06-13,Guizhou,0.206625607395278,Power
2021-06-14,Guizhou,0.20018605807091125,Power
2021-06-15,Guizhou,0.22053848509510962,Power
2021-06-16,Guizhou,0.23065665638430954,Power
2021-06-17,Guizhou,0.23157748840706308,Power
2021-06-18,Guizhou,0.23537062610896775,Power
2021-06-19,Guizhou,0.22962287733321146,Power
2021-06-20,Guizhou,0.22858752957338632,Power
2021-06-21,Guizhou,0.23376113095505785,Power
2021-06-22,Guizhou,0.2311162880413228,Power
2021-06-23,Guizhou,0.2234123594829878,Power
2021-06-24,Guizhou,0.22272369635183142,Power
2021-06-25,Guizhou,0.22007885343809633,Power
2021-06-26,Guizhou,0.2174340105243613,Power
2021-06-27,Guizhou,0.21754852626143292,Power
2021-06-28,Guizhou,0.22525245481976788,Power
2021-06-29,Guizhou,0.21800815791844616,Power
2021-06-30,Guizhou,0.21363930411372958,Power
2021-06-01,Liaoning,0.39759711585603685,Power
2021-06-02,Liaoning,0.38269298776197147,Power
2021-06-03,Liaoning,0.40011455025163317,Power
2021-06-04,Liaoning,0.3969670412632823,Power
2021-06-05,Liaoning,0.3912992339039135,Power
2021-06-06,Liaoning,0.3923474489082233,Power
2021-06-07,Liaoning,0.3969670412632823,Power
2021-06-08,Liaoning,0.40242577841687355,Power
2021-06-09,Liaoning,0.40977187537330667,Power
2021-06-10,Liaoning,0.42404592887461756,Power
2021-06-11,Liaoning,0.42467600346737205,Power
2021-06-12,Liaoning,0.4091418007805522,Power
2021-06-13,Liaoning,0.37723425060838023,Power
2021-06-14,Liaoning,0.3654776315026657,Power
2021-06-15,Liaoning,0.4026348486226512,Power
2021-06-16,Liaoning,0.4211074900920443,Power
2021-06-17,Liaoning,0.4227886436645301,Power
2021-06-18,Liaoning,0.42971373623398634,Power
2021-06-19,Liaoning,0.41922013028920246,Power
2021-06-20,Liaoning,0.41732990651093893,Power
2021-06-21,Liaoning,0.4267752974514132,Power
2021-06-22,Liaoning,0.42194663489057643,Power
2021-06-23,Liaoning,0.40788165159504314,Power
2021-06-24,Liaoning,0.4066243663849558,Power
2021-06-25,Liaoning,0.401795703824119,Power
2021-06-26,Liaoning,0.3969670412632823,Power
2021-06-27,Liaoning,0.39717611146906,Power
2021-06-28,Liaoning,0.41124109476459325,Power
2021-06-29,Liaoning,0.3980152562675921,Power
2021-06-30,Liaoning,0.39003908471840454,Power
2021-06-01,Chongqing,0.11276062359577711,Power
2021-06-02,Chongqing,0.10853373484076242,Power
2021-06-03,Chongqing,0.11347458116988508,Power
2021-06-04,Chongqing,0.11258193114264427,Power
2021-06-05,Chongqing,0.11097451130287218,Power
2021-06-06,Chongqing,0.11127179056581135,Power
2021-06-07,Chongqing,0.11258193114264427,Power
2021-06-08,Chongqing,0.11413005757751322,Power
2021-06-09,Chongqing,0.11621344913335734,Power
2021-06-10,Chongqing,0.12026164543523919,Power
2021-06-11,Chongqing,0.12044033788837202,Power
2021-06-12,Chongqing,0.1160347566802245,Power
2021-06-13,Chongqing,0.10698560840589347,Power
2021-06-14,Chongqing,0.1036513696781196,Power
2021-06-15,Chongqing,0.1141893509824164,Power
2021-06-16,Chongqing,0.11942828881290156,Power
2021-06-17,Chongqing,0.11990507276739686,Power
2021-06-18,Chongqing,0.12186906527501129,Power
2021-06-19,Chongqing,0.1188930236919264,Power
2021-06-20,Chongqing,0.11835694633252791,Power
2021-06-21,Chongqing,0.12103570865267367,Power
2021-06-22,Chongqing,0.11966627467093756,Power
2021-06-23,Chongqing,0.11567737177395884,Power
2021-06-24,Chongqing,0.11532079910611653,Power
2021-06-25,Chongqing,0.1139513651243804,Power
2021-06-26,Chongqing,0.11258193114264427,Power
2021-06-27,Chongqing,0.11264122454754746,Power
2021-06-28,Chongqing,0.11663012744452615,Power
2021-06-29,Chongqing,0.11287921040558344,Power
2021-06-30,Chongqing,0.11061712639660652,Power
2021-06-01,Shaanxi,0.5024374015236365,Power
2021-06-02,Shaanxi,0.48360328253000406,Power
2021-06-03,Shaanxi,0.5056186449124533,Power
2021-06-04,Shaanxi,0.5016411858859349,Power
2021-06-05,Shaanxi,0.49447886430861004,Power
2021-06-06,Shaanxi,0.4958034775967864,Power
2021-06-07,Shaanxi,0.5016411858859349,Power
2021-06-08,Shaanxi,0.5085393086380223,Power
2021-06-09,Shaanxi,0.5178224591412252,Power
2021-06-10,Shaanxi,0.535860362497156,Power
2021-06-11,Shaanxi,0.5366565781348576,Power
2021-06-12,Shaanxi,0.5170262435035236,Power
2021-06-13,Shaanxi,0.47670515977791655,Power
2021-06-14,Shaanxi,0.4618484998108026,Power
2021-06-15,Shaanxi,0.5088035074632596,Power
2021-06-16,Shaanxi,0.5321471022958748,Power
2021-06-17,Shaanxi,0.5342715503837422,Power
2021-06-18,Shaanxi,0.5430226840744807,Power
2021-06-19,Shaanxi,0.5297620745447595,Power
2021-06-20,Shaanxi,0.5273734276316547,Power
2021-06-21,Shaanxi,0.5393094238731997,Power
2021-06-22,Shaanxi,0.5332075167588138,Power
2021-06-23,Shaanxi,0.5154338122281203,Power
2021-06-24,Shaanxi,0.5138450001147067,Power
2021-06-25,Shaanxi,0.5077430930003207,Power
2021-06-26,Shaanxi,0.5016411858859349,Power
2021-06-27,Shaanxi,0.5019053847111723,Power
2021-06-28,Shaanxi,0.5196790892418657,Power
2021-06-29,Shaanxi,0.5029657991741111,Power
2021-06-30,Shaanxi,0.4928864330332068,Power
2021-06-01,Qinghai,0.04492091710111723,Power
2021-06-02,Qinghai,0.04323703390408629,Power
2021-06-03,Qinghai,0.045205339339816346,Power
2021-06-04,Qinghai,0.04484973064774544,Power
2021-06-05,Qinghai,0.04420937614218737,Power
2021-06-06,Qinghai,0.04432780451461499,Power
2021-06-07,Qinghai,0.04484973064774544,Power
2021-06-08,Qinghai,0.0454664641937756,Power
2021-06-09,Qinghai,0.046296433525133095,Power
2021-06-10,Qinghai,0.04790913026879224,Power
2021-06-11,Qinghai,0.04798031672216403,Power
2021-06-12,Qinghai,0.0462252470717613,Power
2021-06-13,Qinghai,0.042620300358056126,Power
2021-06-14,Qinghai,0.041292025853096104,Power
2021-06-15,Qinghai,0.045490085153303515,Power
2021-06-16,Qinghai,0.04757714253624924,Power
2021-06-17,Qinghai,0.0477670809368367,Power
2021-06-18,Qinghai,0.04854948477435031,Power
2021-06-19,Qinghai,0.04736390675092192,Power
2021-06-20,Qinghai,0.047150347390806535,Power
2021-06-21,Qinghai,0.04821749704180732,Power
2021-06-22,Qinghai,0.04767194994914895,Power
2021-06-23,Qinghai,0.04608287416501771,Power
2021-06-24,Qinghai,0.04594082483306219,Power
2021-06-25,Qinghai,0.045395277740403805,Power
2021-06-26,Qinghai,0.04484973064774544,Power
2021-06-27,Qinghai,0.04487335160727336,Power
2021-06-28,Qinghai,0.04646242739140459,Power
2021-06-29,Qinghai,0.04496815902017306,Power
2021-06-30,Qinghai,0.044067003235443776,Power
2021-06-01,Heilongjiang,0.19447802727498592,Power
2021-06-02,Heilongjiang,0.1871879204950438,Power
2021-06-03,Heilongjiang,0.19570938850856953,Power
2021-06-04,Heilongjiang,0.19416983675008445,Power
2021-06-05,Heilongjiang,0.1913975228919935,Power
2021-06-06,Heilongjiang,0.19191023985614777,Power
2021-06-07,Heilongjiang,0.19416983675008445,Power
2021-06-08,Heilongjiang,0.19683988738854905,Power
2021-06-09,Heilongjiang,0.2004331087356958,Power
2021-06-10,Heilongjiang,0.20741502499073644,Power
2021-06-11,Heilongjiang,0.20772321551563794,Power
2021-06-12,Heilongjiang,0.2001249182107943,Power
2021-06-13,Heilongjiang,0.1845178698565792,Power
2021-06-14,Heilongjiang,0.17876731483512218,Power
2021-06-15,Heilongjiang,0.19694215060817544,Power
2021-06-16,Heilongjiang,0.20597773645187775,Power
2021-06-17,Heilongjiang,0.20680004480695577,Power
2021-06-18,Heilongjiang,0.2101873388488274,Power
2021-06-19,Heilongjiang,0.2050545657431956,Power
2021-06-20,Heilongjiang,0.20412999416849117,Power
2021-06-21,Heilongjiang,0.20875005030996874,Power
2021-06-22,Heilongjiang,0.20638819019640564,Power
2021-06-23,Heilongjiang,0.19950853716099134,Power
2021-06-24,Heilongjiang,0.1988935569772107,Power
2021-06-25,Heilongjiang,0.19653169686364755,Power
2021-06-26,Heilongjiang,0.19416983675008445,Power
2021-06-27,Heilongjiang,0.19427209996971087,Power
2021-06-28,Heilongjiang,0.20115175300512514,Power
2021-06-29,Heilongjiang,0.19468255371423873,Power
2021-06-30,Heilongjiang,0.19078114184219053,Power
2021-07-01,Shanghai,0.12715299913589964,Power
2021-07-02,Shanghai,0.1275682765754362,Power
2021-07-03,Shanghai,0.12825881818934448,Power
2021-07-04,Shanghai,0.13026281757646588,Power
2021-07-05,Shanghai,0.1338564913823637,Power
2021-07-06,Shanghai,0.13641387653180334,Power
2021-07-07,Shanghai,0.13959227289816462,Power
2021-07-08,Shanghai,0.14546616273674715,Power
2021-07-09,Shanghai,0.14981990855353988,Power
2021-07-10,Shanghai,0.1488521978228767,Power
2021-07-11,Shanghai,0.14857598117731338,Power
2021-07-12,Shanghai,0.14995801687632151,Power
2021-07-13,Shanghai,0.15244587162877454,Power
2021-07-14,Shanghai,0.15479561805844588,Power
2021-07-15,Shanghai,0.15424223229612766,Power
2021-07-16,Shanghai,0.1533440519624511,Power
2021-07-17,Shanghai,0.1433240550268441,Power
2021-07-18,Shanghai,0.1400761282634962,Power
2021-07-19,Shanghai,0.1432545246298575,Power
2021-07-20,Shanghai,0.1433240550268441,Power
2021-07-21,Shanghai,0.14394601871495735,Power
2021-07-22,Shanghai,0.14021423658627785,Power
2021-07-23,Shanghai,0.14297830798429415,Power
2021-07-24,Shanghai,0.1418039110050543,Power
2021-07-25,Shanghai,0.13565380452090842,Power
2021-07-26,Shanghai,0.14125052524273607,Power
2021-07-27,Shanghai,0.14242587469316753,Power
2021-07-28,Shanghai,0.1451204156941972,Power
2021-07-29,Shanghai,0.1460881264248604,Power
2021-07-30,Shanghai,0.14567380145651543,Power
2021-07-31,Shanghai,0.14650245139320536,Power
2021-07-01,Yunnan,0.06999172142626761,Power
2021-07-02,Yunnan,0.07022031204591624,Power
2021-07-03,Yunnan,0.07060042259464389,Power
2021-07-04,Yunnan,0.07170352962157213,Power
2021-07-05,Yunnan,0.07368167734619203,Power
2021-07-06,Yunnan,0.07508939710251444,Power
2021-07-07,Yunnan,0.07683895420748572,Power
2021-07-08,Yunnan,0.08007225317852493,Power
2021-07-09,Yunnan,0.08246878465195126,Power
2021-07-10,Yunnan,0.0819361055933205,Power
2021-07-11,Yunnan,0.08178406137382944,Power
2021-07-12,Yunnan,0.08254480676169679,Power
2021-07-13,Yunnan,0.08391425331794042,Power
2021-07-14,Yunnan,0.08520767776443851,Power
2021-07-15,Yunnan,0.08490306503504434,Power
2021-07-16,Yunnan,0.08440865917649237,Power
2021-07-17,Yunnan,0.07889312404185114,Power
2021-07-18,Yunnan,0.07710529373680108,Power
2021-07-19,Yunnan,0.07885485084177238,Power
2021-07-20,Yunnan,0.07889312404185114,Power
2021-07-21,Yunnan,0.07923548568091206,Power
2021-07-22,Yunnan,0.07718131584654662,Power
2021-07-23,Yunnan,0.0787028066222813,Power
2021-07-24,Yunnan,0.07805635654423827,Power
2021-07-25,Yunnan,0.07467101335370802,Power
2021-07-26,Yunnan,0.07775174381484411,Power
2021-07-27,Yunnan,0.07839871818329919,Power
2021-07-28,Yunnan,0.07988193575895508,Power
2021-07-29,Yunnan,0.08041461481758584,Power
2021-07-30,Yunnan,0.08018654848834925,Power
2021-07-31,Yunnan,0.08064268114682241,Power
2021-07-01,InnerMongolia,1.2386113045565048,Power
2021-07-02,InnerMongolia,1.2426565676225179,Power
2021-07-03,InnerMongolia,1.2493832091887096,Power
2021-07-04,InnerMongolia,1.2689043869201129,Power
2021-07-05,InnerMongolia,1.3039107574432045,Power
2021-07-06,InnerMongolia,1.3288225265538596,Power
2021-07-07,InnerMongolia,1.3597836340109382,Power
2021-07-08,InnerMongolia,1.41700183889191,Power
2021-07-09,InnerMongolia,1.4594121542009615,Power
2021-07-10,InnerMongolia,1.4499855778819948,Power
2021-07-11,InnerMongolia,1.447294921255518,Power
2021-07-12,InnerMongolia,1.4607574825141996,Power
2021-07-13,InnerMongolia,1.4849919484050864,Power
2021-07-14,InnerMongolia,1.5078810859827347,Power
2021-07-15,InnerMongolia,1.5024904946034832,Power
2021-07-16,InnerMongolia,1.493741221504285,Power
2021-07-17,InnerMongolia,1.396135332847268,Power
2021-07-18,InnerMongolia,1.3644969221704213,Power
2021-07-19,InnerMongolia,1.3954580296274999,Power
2021-07-20,InnerMongolia,1.396135332847268,Power
2021-07-21,InnerMongolia,1.4021939493199898,Power
2021-07-22,InnerMongolia,1.3658422504836598,Power
2021-07-23,InnerMongolia,1.392767373001023,Power
2021-07-24,InnerMongolia,1.381327443275348,Power
2021-07-25,InnerMongolia,1.3214185817678996,Power
2021-07-26,InnerMongolia,1.3759368518960964,Power
2021-07-27,InnerMongolia,1.3873860597480696,Power
2021-07-28,InnerMongolia,1.4136338790456648,Power
2021-07-29,InnerMongolia,1.4230604553646315,Power
2021-07-30,InnerMongolia,1.4190244704249164,Power
2021-07-31,InnerMongolia,1.4270964403043462,Power
2021-07-01,Beijing,0.06751933384206807,Power
2021-07-02,Beijing,0.06773984972661422,Power
2021-07-03,Beijing,0.06810653325022879,Power
2021-07-04,Beijing,0.06917067412427717,Power
2021-07-05,Beijing,0.0710789457582052,Power
2021-07-06,Beijing,0.07243693922152265,Power
2021-07-07,Beijing,0.07412469497090453,Power
2021-07-08,Beijing,0.07724378088832676,Power
2021-07-09,Beijing,0.07955565728341951,Power
2021-07-10,Beijing,0.0790417945799817,Power
2021-07-11,Beijing,0.07889512117053586,Power
2021-07-12,Beijing,0.07962899398814242,Power
2021-07-13,Beijing,0.08095006621390972,Power
2021-07-14,Beijing,0.0821978017349541,Power
2021-07-15,Beijing,0.08190394914568504,Power
2021-07-16,Beijing,0.08142700767979738,Power
2021-07-17,Beijing,0.07610630330955545,Power
2021-07-18,Beijing,0.07438162632262342,Power
2021-07-19,Beijing,0.07606938207200531,Power
2021-07-20,Beijing,0.07610630330955545,Power
2021-07-21,Beijing,0.07643657136599728,Power
2021-07-22,Beijing,0.07445496302734635,Power
2021-07-23,Beijing,0.07592270866255946,Power
2021-07-24,Beijing,0.07529909378722598,Power
2021-07-25,Beijing,0.07203333446035791,Power
2021-07-26,Beijing,0.07500524119795692,Power
2021-07-27,Beijing,0.07562936184366781,Power
2021-07-28,Beijing,0.07706018624133076,Power
2021-07-29,Beijing,0.07757404894476859,Power
2021-07-30,Beijing,0.07735403883059984,Power
2021-07-31,Beijing,0.07779405905893733,Power
2021-07-01,Jilin,0.14600572497234465,Power
2021-07-02,Jilin,0.14648257478348745,Power
2021-07-03,Jilin,0.1472755016483465,Power
2021-07-04,Jilin,0.14957663009477873,Power
2021-07-05,Jilin,0.1537031308687278,Power
2021-07-06,Jilin,0.1566396944992747,Power
2021-07-07,Jilin,0.16028934546208098,Power
2021-07-08,Jilin,0.16703414542840594,Power
2021-07-09,Jilin,0.17203341259981367,Power
2021-07-10,Jilin,0.1709222212967836,Power
2021-07-11,Jilin,0.17060505055084002,Power
2021-07-12,Jilin,0.17219199797278545,Power
2021-07-13,Jilin,0.17504872207073272,Power
2021-07-14,Jilin,0.1777468607957082,Power
2021-07-15,Jilin,0.17711142561159357,Power
2021-07-16,Jilin,0.17608007384116314,Power
2021-07-17,Jilin,0.16457443160900187,Power
2021-07-18,Jilin,0.16084494111359599,Power
2021-07-19,Jilin,0.1644945920764023,Power
2021-07-20,Jilin,0.16457443160900187,Power
2021-07-21,Jilin,0.1652886126334887,Power
2021-07-22,Jilin,0.16100352648656782,Power
2021-07-23,Jilin,0.16417742133045865,Power
2021-07-24,Jilin,0.16282889881408463,Power
2021-07-25,Jilin,0.15576692810181608,Power
2021-07-26,Jilin,0.16219346362997003,Power
2021-07-27,Jilin,0.16354307983857147,Power
2021-07-28,Jilin,0.16663713514986273,Power
2021-07-29,Jilin,0.16774832645289278,Power
2021-07-30,Jilin,0.16727257033397736,Power
2021-07-31,Jilin,0.16822408257180815,Power
2021-07-01,Sichuan,0.12443181298658218,Power
2021-07-02,Sichuan,0.12483820312322955,Power
2021-07-03,Sichuan,0.1255139665385262,Power
2021-07-04,Sichuan,0.12747507857409054,Power
2021-07-05,Sichuan,0.13099184459604124,Power
2021-07-06,Sichuan,0.13349449945131228,Power
2021-07-07,Sichuan,0.1366048753366156,Power
2021-07-08,Sichuan,0.1423530587602493,Power
2021-07-09,Sichuan,0.14661363058276103,Power
2021-07-10,Sichuan,0.1456666297138763,Power
2021-07-11,Sichuan,0.14539632434775768,Power
2021-07-12,Sichuan,0.14674878326582033,Power
2021-07-13,Sichuan,0.14918339573582703,Power
2021-07-14,Sichuan,0.15148285552277438,Power
2021-07-15,Sichuan,0.15094131270306768,Power
2021-07-16,Sichuan,0.15006235421944736,Power
2021-07-17,Sichuan,0.14025679404162564,Power
2021-07-18,Sichuan,0.13707837577105794,Power
2021-07-19,Sichuan,0.1401887516563613,Power
2021-07-20,Sichuan,0.14025679404162564,Power
2021-07-21,Sichuan,0.14086544715912733,Power
2021-07-22,Sichuan,0.1372135284541173,Power
2021-07-23,Sichuan,0.1399184462902426,Power
2021-07-24,Sichuan,0.13876918244050362,Power
2021-07-25,Sichuan,0.1327506936507513,Power
2021-07-26,Sichuan,0.13822763962079693,Power
2021-07-27,Sichuan,0.13937783555800531,Power
2021-07-28,Sichuan,0.1420147110088663,Power
2021-07-29,Sichuan,0.142961711877751,Power
2021-07-30,Sichuan,0.142556253828573,Power
2021-07-31,Sichuan,0.14336716992692897,Power
2021-07-01,Tianjin,0.17758459419787265,Power
2021-07-02,Tianjin,0.1781645795390034,Power
2021-07-03,Tianjin,0.17912900470487447,Power
2021-07-04,Tianjin,0.18192783304831273,Power
2021-07-05,Tianjin,0.18694683463566664,Power
2021-07-06,Tianjin,0.1905185333534099,Power
2021-07-07,Tianjin,0.19495754959963307,Power
2021-07-08,Tianjin,0.20316114959677373,Power
2021-07-09,Tianjin,0.20924168398738988,Power
2021-07-10,Tianjin,0.20789015851356224,Power
2021-07-11,Tianjin,0.2075043884472138,Power
2021-07-12,Tianjin,0.20943456902056407,Power
2021-07-13,Tianjin,0.21290916010091618,Power
2021-07-14,Tianjin,0.21619086614809405,Power
2021-07-15,Tianjin,0.2154179957737891,Power
2021-07-16,Tianjin,0.21416357793735263,Power
2021-07-17,Tianjin,0.2001694362201612,Power
2021-07-18,Tianjin,0.19563331233654688,Power
2021-07-19,Tianjin,0.20007232858277008,Power
2021-07-20,Tianjin,0.2001694362201612,Power
2021-07-21,Tianjin,0.20103808399024925,Power
2021-07-22,Tianjin,0.19582619736972112,Power
2021-07-23,Tianjin,0.19968655851642161,Power
2021-07-24,Tianjin,0.19804637061363672,Power
2021-07-25,Tianjin,0.18945700055014766,Power
2021-07-26,Tianjin,0.19727350023933177,Power
2021-07-27,Tianjin,0.19891501838372475,Power
2021-07-28,Tianjin,0.2026782718930341,Power
2021-07-29,Tianjin,0.20402979736686175,Power
2021-07-30,Tianjin,0.2034511422673391,Power
2021-07-31,Tianjin,0.20460845246638437,Power
2021-07-01,Ningxia,0.27046969252837605,Power
2021-07-02,Ningxia,0.27135303749191386,Power
2021-07-03,Ningxia,0.27282190239687926,Power
2021-07-04,Ningxia,0.27708464965211677,Power
2021-07-05,Ningxia,0.2847288252196126,Power
2021-07-06,Ningxia,0.29016869041938115,Power
2021-07-07,Ningxia,0.2969295210233392,Power
2021-07-08,Ningxia,0.30942398980805874,Power
2021-07-09,Ningxia,0.31868492978129587,Power
2021-07-10,Ningxia,0.3166264928937857,Power
2021-07-11,Ningxia,0.3160389469317995,Power
2021-07-12,Ningxia,0.3189787027622889,Power
2021-07-13,Ningxia,0.32427066846128155,Power
2021-07-14,Ningxia,0.3292688611792811,Power
2021-07-15,Ningxia,0.3280917432347502,Power
2021-07-16,Ningxia,0.32618120584801585,Power
2021-07-17,Ningxia,0.3048674695718281,Power
2021-07-18,Ningxia,0.2979587394670942,Power
2021-07-19,Ningxia,0.3047195700710523,Power
2021-07-20,Ningxia,0.3048674695718281,Power
2021-07-21,Ningxia,0.30619046099657626,Power
2021-07-22,Ningxia,0.29825251244808737,Power
2021-07-23,Ningxia,0.3041320241090661,Power
2021-07-24,Ningxia,0.3016339407603456,Power
2021-07-25,Ningxia,0.2885519260136399,Power
2021-07-26,Ningxia,0.3004568228158147,Power
2021-07-27,Ningxia,0.3029569321850938,Power
2021-07-28,Ningxia,0.30868854434529674,Power
2021-07-29,Ningxia,0.3107469812328069,Power
2021-07-30,Ningxia,0.30986566228982765,Power
2021-07-31,Ningxia,0.31162830017578613,Power
2021-07-01,Anhui,0.5829957201951163,Power
2021-07-02,Anhui,0.5848997647051843,Power
2021-07-03,Anhui,0.5880658937643571,Power
2021-07-04,Anhui,0.597254218647805,Power
2021-07-05,Anhui,0.613731190979197,Power
2021-07-06,Anhui,0.6254567861845477,Power
2021-07-07,Anhui,0.6400297140058716,Power
2021-07-08,Anhui,0.6669614628443806,Power
2021-07-09,Anhui,0.686923360678145,Power
2021-07-10,Anhui,0.6824864129207385,Power
2021-07-11,Anhui,0.6812199612970694,Power
2021-07-12,Anhui,0.6875565864899795,Power
2021-07-13,Anhui,0.6989633852521306,Power
2021-07-14,Anhui,0.7097369582024471,Power
2021-07-15,Anhui,0.7071996878805444,Power
2021-07-16,Anhui,0.7030815365663375,Power
2021-07-17,Anhui,0.6571399121490982,Power
2021-07-18,Anhui,0.6422481878845747,Power
2021-07-19,Anhui,0.6568211157058987,Power
2021-07-20,Anhui,0.6571399121490982,Power
2021-07-21,Anhui,0.659991611839636,Power
2021-07-22,Anhui,0.6428814136964094,Power
2021-07-23,Anhui,0.6555546640822295,Power
2021-07-24,Anhui,0.6501700611443535,Power
2021-07-25,Anhui,0.6219718606821752,Power
2021-07-26,Anhui,0.6476327908224507,Power
2021-07-27,Anhui,0.6530217608348913,Power
2021-07-28,Anhui,0.665376214777512,Power
2021-07-29,Anhui,0.6698131625349184,Power
2021-07-30,Anhui,0.6679134850994146,Power
2021-07-31,Anhui,0.6717128399704221,Power
2021-07-01,Shandong,1.188011175199497,Power
2021-07-02,Shandong,1.191891179936549,Power
2021-07-03,Shandong,1.1983430226759133,Power
2021-07-04,Shandong,1.2170667152602197,Power
2021-07-05,Shandong,1.250642994785214,Power
2021-07-06,Shandong,1.2745370606544455,Power
2021-07-07,Shandong,1.3042333354423878,Power
2021-07-08,Shandong,1.3591140446474343,Power
2021-07-09,Shandong,1.399791800732446,Power
2021-07-10,Shandong,1.3907503218039026,Power
2021-07-11,Shandong,1.3881695847081568,Power
2021-07-12,Shandong,1.4010821692803186,Power
2021-07-13,Shandong,1.4243266013288969,Power
2021-07-14,Shandong,1.4462806648296023,Power
2021-07-15,Shandong,1.4411102915446774,Power
2021-07-16,Shandong,1.4327184464367873,Power
2021-07-17,Shandong,1.339099983515255,Power
2021-07-18,Shandong,1.3087540749066595,Power
2021-07-19,Shandong,1.3384503496946019,Power
2021-07-20,Shandong,1.339099983515255,Power
2021-07-21,Shandong,1.3449110915273996,Power
2021-07-22,Shandong,1.3100444434545324,Power
2021-07-23,Shandong,1.335869612598856,Power
2021-07-24,Shandong,1.32489703039522,Power
2021-07-25,Shandong,1.267435584094428,Power
2021-07-26,Shandong,1.3197266571102952,Power
2021-07-27,Shandong,1.3307081384073647,Power
2021-07-28,Shandong,1.3558836737310354,Power
2021-07-29,Shandong,1.364925152659579,Power
2021-07-30,Shandong,1.3610540470159602,Power
2021-07-31,Shandong,1.3687962583031972,Power
2021-07-01,Shanxi,0.6756045260182999,Power
2021-07-02,Shanxi,0.6778110277886932,Power
2021-07-03,Shanxi,0.6814800960995538,Power
2021-07-04,Shanxi,0.692127985376865,Power
2021-07-05,Shanxi,0.7112223229449712,Power
2021-07-06,Shanxi,0.7248105276548482,Power
2021-07-07,Shanxi,0.741698363452561,Power
2021-07-08,Shanxi,0.7729082176223228,Power
2021-07-09,Shanxi,0.7960410607243141,Power
2021-07-10,Shanxi,0.7908993043052321,Power
2021-07-11,Shanxi,0.789431676980888,Power
2021-07-12,Shanxi,0.7967748743864862,Power
2021-07-13,Shanxi,0.8099936418733384,Power
2021-07-14,Shanxi,0.8224785956980186,Power
2021-07-15,Shanxi,0.8195382802654531,Power
2021-07-16,Shanxi,0.8147659610693957,Power
2021-07-17,Shanxi,0.7615265146828393,Power
2021-07-18,Shanxi,0.7442692416621018,Power
2021-07-19,Shanxi,0.7611570774598148,Power
2021-07-20,Shanxi,0.7615265146828393,Power
2021-07-21,Shanxi,0.7648312065545524,Power
2021-07-22,Shanxi,0.7450030553242741,Power
2021-07-23,Shanxi,0.7596894501354704,Power
2021-07-24,Shanxi,0.7534495036150689,Power
2021-07-25,Shanxi,0.720772022120963,Power
2021-07-26,Shanxi,0.7505091881825033,Power
2021-07-27,Shanxi,0.756754195486782,Power
2021-07-28,Shanxi,0.7710711530749539,Power
2021-07-29,Shanxi,0.7762129094940359,Power
2021-07-30,Shanxi,0.7740114685075195,Power
2021-07-31,Shanxi,0.7784143504805521,Power
2021-07-01,Guangdong,0.7465359088279513,Power
2021-07-02,Guangdong,0.7489740701206222,Power
2021-07-03,Guangdong,0.7530283520866461,Power
2021-07-04,Guangdong,0.7647941579577004,Power
2021-07-05,Guangdong,0.7858932005201946,Power
2021-07-06,Guangdong,0.8009080240771248,Power
2021-07-07,Guangdong,0.8195689053469482,Power
2021-07-08,Guangdong,0.8540554665669062,Power
2021-07-09,Guangdong,0.8796170153485552,Power
2021-07-10,Guangdong,0.8739354284830649,Power
2021-07-11,Guangdong,0.8723137156966554,Power
2021-07-12,Guangdong,0.8804278717417598,Power
2021-07-13,Guangdong,0.8950344710455593,Power
2021-07-14,Guangdong,0.9088302139561539,Power
2021-07-15,Guangdong,0.9055811962702781,Power
2021-07-16,Guangdong,0.9003078336579187,Power
2021-07-17,Guangdong,0.8414788043026471,Power
2021-07-18,Guangdong,0.8224096987796932,Power
2021-07-19,Guangdong,0.8410705800495165,Power
2021-07-20,Guangdong,0.8414788043026471,Power
2021-07-21,Guangdong,0.845130454128597,Power
2021-07-22,Guangdong,0.8232205551728979,Power
2021-07-23,Guangdong,0.8394488672631069,Power
2021-07-24,Guangdong,0.8325537918643379,Power
2021-07-25,Guangdong,0.7964455178579701,Power
2021-07-26,Guangdong,0.829304774178462,Power
2021-07-27,Guangdong,0.8362054416902878,Power
2021-07-28,Guangdong,0.852025529527366,Power
2021-07-29,Guangdong,0.8577071163928561,Power
2021-07-30,Guangdong,0.8552745472132417,Power
2021-07-31,Guangdong,0.8601396855724703,Power
2021-07-01,Guangxi,0.2101789539638382,Power
2021-07-02,Guangxi,0.21086539139307484,Power
2021-07-03,Guangxi,0.21200682977884677,Power
2021-07-04,Guangxi,0.21531936269424562,Power
2021-07-05,Guangxi,0.22125956549358014,Power
2021-07-06,Guangxi,0.22548682351537006,Power
2021-07-07,Guangxi,0.23074058888546795,Power
2021-07-08,Guangxi,0.24044989995451008,Power
2021-07-09,Guangxi,0.2476464721770805,Power
2021-07-10,Guangxi,0.24604688403922628,Power
2021-07-11,Guangxi,0.2455903086849175,Power
2021-07-12,Guangxi,0.24787475985423485,Power
2021-07-13,Guangxi,0.2519870868385608,Power
2021-07-14,Guangxi,0.2558711261457324,Power
2021-07-15,Guangxi,0.25495640103934136,Power
2021-07-16,Guangxi,0.25347174393895106,Power
2021-07-17,Guangxi,0.23690907936195685,Power
2021-07-18,Guangxi,0.23154038295439502,Power
2021-07-19,Guangxi,0.23679414832449294,Power
2021-07-20,Guangxi,0.23690907936195685,Power
2021-07-21,Guangxi,0.23793716110803834,Power
2021-07-22,Guangxi,0.23176867063154943,Power
2021-07-23,Guangxi,0.23633757297018412,Power
2021-07-24,Guangxi,0.23439634051548508,Power
2021-07-25,Guangxi,0.22423045409213416,Power
2021-07-26,Guangxi,0.23348161540909404,Power
2021-07-27,Guangxi,0.23542442226156657,Power
2021-07-28,Guangxi,0.23987839356273735,Power
2021-07-29,Guangxi,0.2414779817005916,Power
2021-07-30,Guangxi,0.2407931186691284,Power
2021-07-31,Guangxi,0.2421628447320547,Power
2021-07-01,Xinjiang,0.6581920091732094,Power
2021-07-02,Xinjiang,0.6603416422463604,Power
2021-07-03,Xinjiang,0.6639161467831368,Power
2021-07-04,Xinjiang,0.6742896054664161,Power
2021-07-05,Xinjiang,0.6928918201109091,Power
2021-07-06,Xinjiang,0.7061298127746949,Power
2021-07-07,Xinjiang,0.7225823943460368,Power
2021-07-08,Xinjiang,0.7529878694885197,Power
2021-07-09,Xinjiang,0.7755245042990092,Power
2021-07-10,Xinjiang,0.770515267596437,Power
2021-07-11,Xinjiang,0.7690854657817264,Power
2021-07-12,Xinjiang,0.7762394052063645,Power
2021-07-13,Xinjiang,0.78911748224093,Power
2021-07-14,Xinjiang,0.8012806583681402,Power
2021-07-15,Xinjiang,0.7984161243876339,Power
2021-07-16,Xinjiang,0.793766803314282,Power
2021-07-17,Xinjiang,0.741899509897885,Power
2021-07-18,Xinjiang,0.7250870126973228,Power
2021-07-19,Xinjiang,0.7415395942686648,Power
2021-07-20,Xinjiang,0.741899509897885,Power
2021-07-21,Xinjiang,0.7451190291565264,Power
2021-07-22,Xinjiang,0.7258019136046782,Power
2021-07-23,Xinjiang,0.7401097924539541,Power
2021-07-24,Xinjiang,0.7340306695658917,Power
2021-07-25,Xinjiang,0.7021953926086982,Power
2021-07-26,Xinjiang,0.7311661355853852,Power
2021-07-27,Xinjiang,0.7372501888245331,Power
2021-07-28,Xinjiang,0.7511981520445888,Power
2021-07-29,Xinjiang,0.7562073887471611,Power
2021-07-30,Xinjiang,0.7540626860250952,Power
2021-07-31,Xinjiang,0.7583520914692268,Power
2021-07-01,Jiangsu,1.0158256357768398,Power
2021-07-02,Jiangsu,1.0191432883049578,Power
2021-07-03,Jiangsu,1.0246600270271724,Power
2021-07-04,Jiangsu,1.0406699832637787,Power
2021-07-05,Jiangsu,1.0693798525036624,Power
2021-07-06,Jiangsu,1.0898108090128298,Power
2021-07-07,Jiangsu,1.1152030257245957,Power
2021-07-08,Jiangsu,1.1621295466899717,Power
2021-07-09,Jiangsu,1.1969116331716863,Power
2021-07-10,Jiangsu,1.1891805896657965,Power
2021-07-11,Jiangsu,1.1869738941769106,Power
2021-07-12,Jiangsu,1.1980149809161291,Power
2021-07-13,Jiangsu,1.2178904589056805,Power
2021-07-14,Jiangsu,1.2366625891507887,Power
2021-07-15,Jiangsu,1.2322415888782277,Power
2021-07-16,Jiangsu,1.225066023891954,Power
2021-07-17,Jiangsu,1.1450162427089223,Power
2021-07-18,Jiangsu,1.1190685474775406,Power
2021-07-19,Jiangsu,1.1444607641893065,Power
2021-07-20,Jiangsu,1.1450162427089223,Power
2021-07-21,Jiangsu,1.1499851122063103,Power
2021-07-22,Jiangsu,1.1201718952219835,Power
2021-07-23,Jiangsu,1.1422540687004203,Power
2021-07-24,Jiangsu,1.132871808225261,Power
2021-07-25,Jiangsu,1.0837385917709992,Power
2021-07-26,Jiangsu,1.1284508079527,Power
2021-07-27,Jiangsu,1.1378406777226489,Power
2021-07-28,Jiangsu,1.1593673726814697,Power
2021-07-29,Jiangsu,1.1670984161873597,Power
2021-07-30,Jiangsu,1.1637883729540308,Power
2021-07-31,Jiangsu,1.170408459420688,Power
2021-07-01,Jiangxi,0.21353400421187682,Power
2021-07-02,Jiangxi,0.2142313991229345,Power
2021-07-03,Jiangxi,0.21539105809200979,Power
2021-07-04,Jiangxi,0.21875646839674684,Power
2021-07-05,Jiangxi,0.2247914936247758,Power
2021-07-06,Jiangxi,0.22908623063438563,Power
2021-07-07,Jiangxi,0.2344238609513569,Power
2021-07-08,Jiangxi,0.24428816007175305,Power
2021-07-09,Jiangxi,0.25159960993057107,Power
2021-07-10,Jiangxi,0.24997448784425313,Power
2021-07-11,Jiangxi,0.24951062425662304,Power
2021-07-12,Jiangxi,0.2518315417243861,Power
2021-07-13,Jiangxi,0.25600951307228215,Power
2021-07-14,Jiangxi,0.2599555526263631,Power
2021-07-15,Jiangxi,0.2590262259214903,Power
2021-07-16,Jiangxi,0.25751786949688626,Power
2021-07-17,Jiangxi,0.2406908179732009,Power
2021-07-18,Jiangxi,0.23523642199451583,Power
2021-07-19,Jiangxi,0.24057405231148715,Power
2021-07-20,Jiangxi,0.2406908179732009,Power
2021-07-21,Jiangxi,0.24173531081017494,Power
2021-07-22,Jiangxi,0.23546835378833092,Power
2021-07-23,Jiangxi,0.240110188723857,Power
2021-07-24,Jiangxi,0.2381379687116228,Power
2021-07-25,Jiangxi,0.22780980600359654,Power
2021-07-26,Jiangxi,0.23720864200675004,Power
2021-07-27,Jiangxi,0.2391824615485968,Power
2021-07-28,Jiangxi,0.24370753082240915,Power
2021-07-29,Jiangxi,0.24533265290872705,Power
2021-07-30,Jiangxi,0.24463685752728187,Power
2021-07-31,Jiangxi,0.24602844829017217,Power
2021-07-01,Hebei,0.718142897805607,Power
2021-07-02,Hebei,0.7204883284745551,Power
2021-07-03,Hebei,0.7243884138759025,Power
2021-07-04,Hebei,0.7357067306820193,Power
2021-07-05,Hebei,0.7560033130534448,Power
2021-07-06,Hebei,0.7704470776087794,Power
2021-07-07,Hebei,0.7883982293112567,Power
2021-07-08,Hebei,0.821573162649338,Power
2021-07-09,Hebei,0.8461625286763154,Power
2021-07-10,Hebei,0.8406970296862892,Power
2021-07-11,Hebei,0.8391369955257504,Power
2021-07-12,Hebei,0.8469425457565848,Power
2021-07-13,Hebei,0.8609936120577147,Power
2021-07-14,Hebei,0.8742646612785753,Power
2021-07-15,Hebei,0.8711392135293575,Power
2021-07-16,Hebei,0.8660664127935361,Power
2021-07-17,Hebei,0.8094748287629515,Power
2021-07-18,Hebei,0.7911309788062697,Power
2021-07-19,Hebei,0.809082130508747,Power
2021-07-20,Hebei,0.8094748287629515,Power
2021-07-21,Hebei,0.8129875953382341,Power
2021-07-22,Hebei,0.7919109958865392,Power
2021-07-23,Hebei,0.8075220963482079,Power
2021-07-24,Hebei,0.8008892614518477,Power
2021-07-25,Hebei,0.7661542939532274,Power
2021-07-26,Hebei,0.7977638137026299,Power
2021-07-27,Hebei,0.8044020280271301,Power
2021-07-28,Hebei,0.8196204302345944,Power
2021-07-29,Hebei,0.8250859292246205,Power
2021-07-30,Hebei,0.822745877983812,Power
2021-07-31,Hebei,0.8274259804654288,Power
2021-07-01,Henan,0.564784657490893,Power
2021-07-02,Henan,0.5666292252796691,Power
2021-07-03,Henan,0.5696964538275192,Power
2021-07-04,Henan,0.5785977626063836,Power
2021-07-05,Henan,0.5945600430354023,Power
2021-07-06,Henan,0.6059193653126128,Power
2021-07-07,Henan,0.6200370779528555,Power
2021-07-08,Henan,0.6461275585798786,Power
2021-07-09,Henan,0.6654659057415655,Power
2021-07-10,Henan,0.6611675551145092,Power
2021-07-11,Henan,0.6599406636953692,Power
2021-07-12,Henan,0.6660793514511354,Power
2021-07-13,Henan,0.677129835543528,Power
2021-07-14,Henan,0.6875668739263504,Power
2021-07-15,Henan,0.6851088604280043,Power
2021-07-16,Henan,0.6811193479857661,Power
2021-07-17,Henan,0.6366128040914442,Power
2021-07-18,Henan,0.6221862532663835,Power
2021-07-19,Henan,0.6363039659066262,Power
2021-07-20,Henan,0.6366128040914442,Power
2021-07-21,Henan,0.6393754251145424,Power
2021-07-22,Henan,0.6227996989759537,Power
2021-07-23,Henan,0.6350770744874861,Power
2021-07-24,Henan,0.6298606706261078,Power
2021-07-25,Henan,0.6025432985799447,Power
2021-07-26,Henan,0.6274026571277618,Power
2021-07-27,Henan,0.632623291649206,Power
2021-07-28,Henan,0.6445918289759205,Power
2021-07-29,Henan,0.6488901796029768,Power
2021-07-30,Henan,0.6470498424742667,Power
2021-07-31,Henan,0.6507305167316867,Power
2021-07-01,Zhejiang,0.5555509025108752,Power
2021-07-02,Zhejiang,0.557365313164928,Power
2021-07-03,Zhejiang,0.5603823951011396,Power
2021-07-04,Zhejiang,0.5691381749546421,Power
2021-07-05,Zhejiang,0.5848394854999202,Power
2021-07-06,Zhejiang,0.5960130923947179,Power
2021-07-07,Zhejiang,0.6098999922859432,Power
2021-07-08,Zhejiang,0.6355639154592084,Power
2021-07-09,Zhejiang,0.6545860968804823,Power
2021-07-10,Zhejiang,0.6503580206774601,Power
2021-07-11,Zhejiang,0.6491511879029754,Power
2021-07-12,Zhejiang,0.6551895132677245,Power
2021-07-13,Zhejiang,0.6660593312227382,Power
2021-07-14,Zhejiang,0.6763257327905094,Power
2021-07-15,Zhejiang,0.6739079057492143,Power
2021-07-16,Zhejiang,0.6699836184859762,Power
2021-07-17,Zhejiang,0.6262047192184635,Power
2021-07-18,Zhejiang,0.6120140303874543,Power
2021-07-19,Zhejiang,0.6259009302786795,Power
2021-07-20,Zhejiang,0.6262047192184635,Power
2021-07-21,Zhejiang,0.628922173707217,Power
2021-07-22,Zhejiang,0.6126174467746967,Power
2021-07-23,Zhejiang,0.6246940975041948,Power
2021-07-24,Zhejiang,0.619562977466472,Power
2021-07-25,Zhejiang,0.5926922215187221,Power
2021-07-26,Zhejiang,0.6171451504251769,Power
2021-07-27,Zhejiang,0.6222804319552255,Power
2021-07-28,Zhejiang,0.6340532937449397,Power
2021-07-29,Zhejiang,0.6382813699479619,Power
2021-07-30,Zhejiang,0.6364711207862348,Power
2021-07-31,Zhejiang,0.6400916191096888,Power
2021-07-01,Hainan,0.05141137918396703,Power
2021-07-02,Hainan,0.05157928702771158,Power
2021-07-03,Hainan,0.05185849158439689,Power
2021-07-04,Hainan,0.05266876246338434,Power
2021-07-05,Hainan,0.05412178148734805,Power
2021-07-06,Hainan,0.05515580112141712,Power
2021-07-07,Hainan,0.05644091230163628,Power
2021-07-08,Hainan,0.05881588402726157,Power
2021-07-09,Hainan,0.0605762206184458,Power
2021-07-10,Hainan,0.060184949129353,Power
2021-07-11,Hainan,0.060073267306678876,Power
2021-07-12,Hainan,0.06063206152978286,Power
2021-07-13,Hainan,0.061637968153316715,Power
2021-07-14,Hainan,0.06258803386551351,Power
2021-07-15,Hainan,0.06236428511043189,Power
2021-07-16,Hainan,0.0620011266318743,Power
2021-07-17,Hainan,0.05794977223693705,Power
2021-07-18,Hainan,0.05663654804618268,Power
2021-07-19,Hainan,0.05792165922640185,Power
2021-07-20,Hainan,0.05794977223693705,Power
2021-07-21,Hainan,0.058201248892820516,Power
2021-07-22,Hainan,0.05669238895751975,Power
2021-07-23,Hainan,0.05780997740372771,Power
2021-07-24,Hainan,0.057335137102496,Power
2021-07-25,Hainan,0.05484848355419659,Power
2021-07-26,Hainan,0.05711138834741439,Power
2021-07-27,Hainan,0.057586613758379465,Power
2021-07-28,Hainan,0.058676089194052226,Power
2021-07-29,Hainan,0.05906736068314503,Power
2021-07-30,Hainan,0.05889983794913384,Power
2021-07-31,Hainan,0.05923488341715621,Power
2021-07-01,Hubei,0.2816140415805633,Power
2021-07-02,Hubei,0.28253378361511905,Power
2021-07-03,Hubei,0.2840631711725799,Power
2021-07-04,Hubei,0.28850155933933525,Power
2021-07-05,Hubei,0.2964607031383694,Power
2021-07-06,Hubei,0.3021247108511727,Power
2021-07-07,Hubei,0.30916411261565113,Power
2021-07-08,Hubei,0.322173399604425,Power
2021-07-09,Hubei,0.3318159244667057,Power
2021-07-10,Hubei,0.32967267238618125,Power
2021-07-11,Hubei,0.3290609173631969,Power
2021-07-12,Hubei,0.33212180197819785,Power
2021-07-13,Hubei,0.3376318161852155,Power
2021-07-14,Hubei,0.34283595288074087,Power
2021-07-15,Hubei,0.34161033333469293,Power
2021-07-16,Hubei,0.3396210747599542,Power
2021-07-17,Hubei,0.31742913392617744,Power
2021-07-18,Hubei,0.31023573865591336,Power
2021-07-19,Hubei,0.3172751404203918,Power
2021-07-20,Hubei,0.31742913392617744,Power
2021-07-21,Hubei,0.31880663747793186,Power
2021-07-22,Hubei,0.31054161616740555,Power
2021-07-23,Hubei,0.3166633853974074,Power
2021-07-24,Hubei,0.3140623717996843,Power
2021-07-25,Hubei,0.30044132978792615,Power
2021-07-26,Hubei,0.3128367522536364,Power
2021-07-27,Hubei,0.31543987535143875,Power
2021-07-28,Hubei,0.32140765107565494,Power
2021-07-29,Hubei,0.3235509031561794,Power
2021-07-30,Hubei,0.3226332706217029,Power
2021-07-31,Hubei,0.32446853569065587,Power
2021-07-01,Hunan,0.24315890546325067,Power
2021-07-02,Hunan,0.2439530543102894,Power
2021-07-03,Hunan,0.24527359998483775,Power
2021-07-04,Hunan,0.24910591460449258,Power
2021-07-05,Hunan,0.2559782164390732,Power
2021-07-06,Hunan,0.26086878904067645,Power
2021-07-07,Hunan,0.26694694202821834,Power
2021-07-08,Hunan,0.2781797767522731,Power
2021-07-09,Hunan,0.2865055895500118,Power
2021-07-10,Hunan,0.28465500416333434,Power
2021-07-11,Hunan,0.28412678589351503,Power
2021-07-12,Hunan,0.2867696986849214,Power
2021-07-13,Hunan,0.291527305997915,Power
2021-07-14,Hunan,0.29602080417599885,Power
2021-07-15,Hunan,0.29496254619405043,Power
2021-07-16,Hunan,0.29324492609598274,Power
2021-07-17,Hunan,0.27408335299770864,Power
2021-07-18,Hunan,0.267872234721557,Power
2021-07-19,Hunan,0.27395038770909896,Power
2021-07-20,Hunan,0.27408335299770864,Power
2021-07-21,Hunan,0.27527275482595703,Power
2021-07-22,Hunan,0.26813634385646673,Power
2021-07-23,Hunan,0.27342216943927955,Power
2021-07-24,Hunan,0.2711763310713925,Power
2021-07-25,Hunan,0.2594152780775184,Power
2021-07-26,Hunan,0.2701180730894441,Power
2021-07-27,Hunan,0.2723657328996409,Power
2021-07-28,Hunan,0.2775185931938441,Power
2021-07-29,Hunan,0.2793691785805215,Power
2021-07-30,Hunan,0.2785768511757925,Power
2021-07-31,Hunan,0.28016150598525047,Power
2021-07-01,Gansu,0.19582459789388354,Power
2021-07-02,Gansu,0.19646415447661686,Power
2021-07-03,Gansu,0.19752763732634543,Power
2021-07-04,Gansu,0.20061393789990256,Power
2021-07-05,Gansu,0.20614844933717968,Power
2021-07-06,Gansu,0.21008700306341588,Power
2021-07-07,Gansu,0.21498195791795968,Power
2021-07-08,Gansu,0.2240281630686854,Power
2021-07-09,Gansu,0.23073323907711205,Power
2021-07-10,Gansu,0.22924289621459584,Power
2021-07-11,Gansu,0.22881750307470441,Power
2021-07-12,Gansu,0.23094593564705773,Power
2021-07-13,Gansu,0.23477740765187297,Power
2021-07-14,Gansu,0.23839618308674249,Power
2021-07-15,Gansu,0.23754392993406345,Power
2021-07-16,Gansu,0.2361606687929682,Power
2021-07-17,Gansu,0.22072916592518252,Power
2021-07-18,Gansu,0.21572712934921776,Power
2021-07-19,Gansu,0.22062208420376161,Power
2021-07-20,Gansu,0.22072916592518252,Power
2021-07-21,Gansu,0.22168703392638633,Power
2021-07-22,Gansu,0.2159398259191635,Power
2021-07-23,Gansu,0.22019669106387013,Power
2021-07-24,Gansu,0.21838803678288346,Power
2021-07-25,Gansu,0.20891643849226635,Power
2021-07-26,Gansu,0.21753578363020443,Power
2021-07-27,Gansu,0.21934590478408728,Power
2021-07-28,Gansu,0.223495688207373,Power
2021-07-29,Gansu,0.2249860310698892,Power
2021-07-30,Gansu,0.22434794136005204,Power
2021-07-31,Gansu,0.22562412077972632,Power
2021-07-01,Fujian,0.3625037189789312,Power
2021-07-02,Fujian,0.3636876439926004,Power
2021-07-03,Fujian,0.365656326641477,Power
2021-07-04,Fujian,0.371369579459734,Power
2021-07-05,Fujian,0.38161487550692197,Power
2021-07-06,Fujian,0.38890578986862356,Power
2021-07-07,Fujian,0.39796716090214235,Power
2021-07-08,Fujian,0.414713182827138,Power
2021-07-09,Fujian,0.4271253875002619,Power
2021-07-10,Fujian,0.42436651636749134,Power
2021-07-11,Fujian,0.4235790433079408,Power
2021-07-12,Fujian,0.42751912403003717,Power
2021-07-13,Fujian,0.43461181241467944,Power
2021-07-14,Fujian,0.44131076426954635,Power
2021-07-15,Fujian,0.4397331027261018,Power
2021-07-16,Fujian,0.4371724575703906,Power
2021-07-17,Fujian,0.40860619347910565,Power
2021-07-18,Fujian,0.39934659646852755,Power
2021-07-19,Fujian,0.40840796750204644,Power
2021-07-20,Fujian,0.40860619347910565,Power
2021-07-21,Fujian,0.4103793655752662,Power
2021-07-22,Fujian,0.3997403329983029,Power
2021-07-23,Fujian,0.4076204944424957,Power
2021-07-24,Fujian,0.40427237622723394,Power
2021-07-25,Fujian,0.3867388812426877,Power
2021-07-26,Fujian,0.40269471468378937,Power
2021-07-27,Fujian,0.4060455483233945,Power
2021-07-28,Fujian,0.41372748379052804,Power
2021-07-29,Fujian,0.41648635492329855,Power
2021-07-30,Fujian,0.4153051453339726,Power
2021-07-31,Fujian,0.41766756451262443,Power
2021-07-01,Tibet,0.0008450017888106723,Power
2021-07-02,Tibet,0.0008477615363718451,Power
2021-07-03,Tibet,0.0008523505661467311,Power
2021-07-04,Tibet,0.0008656682470382626,Power
2021-07-05,Tibet,0.0008895501909563936,Power
2021-07-06,Tibet,0.000906545425364075,Power
2021-07-07,Tibet,0.0009276676217210333,Power
2021-07-08,Tibet,0.0009667028584406502,Power
2021-07-09,Tibet,0.0009956358999592765,Power
2021-07-10,Tibet,0.0009892049285781948,Power
2021-07-11,Tibet,0.0009873693166682403,Power
2021-07-12,Tibet,0.0009965537059142538,Power
2021-07-13,Tibet,0.001013086872496326,Power
2021-07-14,Tibet,0.001028702233123421,Power
2021-07-15,Tibet,0.0010250246796072709,Power
2021-07-16,Tibet,0.0010190557760517984,Power
2021-07-17,Tibet,0.0009524673715941417,Power
2021-07-18,Tibet,0.0009308831074115742,Power
2021-07-19,Tibet,0.0009520053037685325,Power
2021-07-20,Tibet,0.0009524673715941417,Power
2021-07-21,Tibet,0.0009566006632396597,Power
2021-07-22,Tibet,0.0009318009133665514,Power
2021-07-23,Tibet,0.000950169691858578,Power
2021-07-24,Tibet,0.0009423651763931511,Power
2021-07-25,Tibet,0.0009014943277635798,Power
2021-07-26,Tibet,0.000938687622877001,Power
2021-07-27,Tibet,0.0009464984680386692,Power
2021-07-28,Tibet,0.0009644051787050865,Power
2021-07-29,Tibet,0.0009708361500861683,Power
2021-07-30,Tibet,0.0009680827322212367,Power
2021-07-31,Tibet,0.0009735895679510997,Power
2021-07-01,Guizhou,0.1822684118260298,Power
2021-07-02,Guizhou,0.18286369435877298,Power
2021-07-03,Guizhou,0.18385355636849499,Power
2021-07-04,Guizhou,0.18672620418705382,Power
2021-07-05,Guizhou,0.19187758261833826,Power
2021-07-06,Guizhou,0.1955434853715847,Power
2021-07-07,Guizhou,0.20009958127012595,Power
2021-07-08,Guizhou,0.20851955232385802,Power
2021-07-09,Guizhou,0.2147604616292917,Power
2021-07-10,Guizhou,0.21337328948877085,Power
2021-07-11,Guizhou,0.21297734468488205,Power
2021-07-12,Guizhou,0.21495843403123607,Power
2021-07-13,Guizhou,0.21852466792005532,Power
2021-07-14,Guizhou,0.22189292940693014,Power
2021-07-15,Guizhou,0.22109967447224255,Power
2021-07-16,Guizhou,0.21981217119614893,Power
2021-07-17,Guizhou,0.2054489321033548,Power
2021-07-18,Guizhou,0.20079316734038635,Power
2021-07-19,Guizhou,0.20534926323892763,Power
2021-07-20,Guizhou,0.2054489321033548,Power
2021-07-21,Guizhou,0.20634049057555962,Power
2021-07-22,Guizhou,0.20099113974233077,Power
2021-07-23,Guizhou,0.20495331843503878,Power
2021-07-24,Guizhou,0.20326987035505636,Power
2021-07-25,Guizhou,0.19445395449743547,Power
2021-07-26,Guizhou,0.20247661542036877,Power
2021-07-27,Guizhou,0.20416142882726118,Power
2021-07-28,Guizhou,0.20802393865554203,Power
2021-07-29,Guizhou,0.20941111079606284,Power
2021-07-30,Guizhou,0.20881719359022963,Power
2021-07-31,Guizhou,0.21000502800189602,Power
2021-07-01,Liaoning,0.4008315147323763,Power
2021-07-02,Liaoning,0.40214061704419607,Power
2021-07-03,Liaoning,0.40431745001683217,Power
2021-07-04,Liaoning,0.41063476942983396,Power
2021-07-05,Liaoning,0.421963308472256,Power
2021-07-06,Liaoning,0.43002509679160483,Power
2021-07-07,Liaoning,0.4400445335222071,Power
2021-07-08,Liaoning,0.4585611251666854,Power
2021-07-09,Liaoning,0.4722856817431262,Power
2021-07-10,Liaoning,0.4692351130531975,Power
2021-07-11,Liaoning,0.4683643798641431,Power
2021-07-12,Liaoning,0.4727210483376533,Power
2021-07-13,Liaoning,0.4805636520956196,Power
2021-07-14,Liaoning,0.4879708892590585,Power
2021-07-15,Liaoning,0.4862264203527115,Power
2021-07-16,Liaoning,0.4833950362241655,Power
2021-07-17,Liaoning,0.4518084391591563,Power
2021-07-18,Liaoning,0.4415698178671714,Power
2021-07-19,Liaoning,0.4515892545977737,Power
2021-07-20,Liaoning,0.4518084391591563,Power
2021-07-21,Liaoning,0.4537690900986479,Power
2021-07-22,Liaoning,0.4420051844616987,Power
2021-07-23,Liaoning,0.4507185214087192,Power
2021-07-24,Liaoning,0.4470164040911188,Power
2021-07-25,Liaoning,0.4276290792575861,Power
2021-07-26,Liaoning,0.4452719351847718,Power
2021-07-27,Liaoning,0.44897705503061036,Power
2021-07-28,Liaoning,0.45747120741624825,Power
2021-07-29,Liaoning,0.46052177610617695,Power
2021-07-30,Liaoning,0.4592156763225953,Power
2021-07-31,Liaoning,0.46182787588975854,Power
2021-07-01,Chongqing,0.09990430365315896,Power
2021-07-02,Chongqing,0.10023058776522638,Power
2021-07-03,Chongqing,0.10077314735524676,Power
2021-07-04,Chongqing,0.10234769270338864,Power
2021-07-05,Chongqing,0.1051712476456602,Power
2021-07-06,Chongqing,0.1071805890238736,Power
2021-07-07,Chongqing,0.10967785985407774,Power
2021-07-08,Chongqing,0.11429298398049934,Power
2021-07-09,Chongqing,0.11771372865082091,Power
2021-07-10,Chongqing,0.11695339686673717,Power
2021-07-11,Chongqing,0.11673637303072902,Power
2021-07-12,Chongqing,0.11782224056882497,Power
2021-07-13,Chongqing,0.11977695180900874,Power
2021-07-14,Chongqing,0.12162315113118842,Power
2021-07-15,Chongqing,0.12118835510111692,Power
2021-07-16,Chongqing,0.12048265345506283,Power
2021-07-17,Chongqing,0.11260992671435337,Power
2021-07-18,Chongqing,0.11005802574611959,Power
2021-07-19,Chongqing,0.11255529657632374,Power
2021-07-20,Chongqing,0.11260992671435337,Power
2021-07-21,Chongqing,0.11309860452439931,Power
2021-07-22,Chongqing,0.11016653766412368,Power
2021-07-23,Chongqing,0.11233827274031556,Power
2021-07-24,Chongqing,0.11141554725825334,Power
2021-07-25,Chongqing,0.10658339929582358,Power
2021-07-26,Chongqing,0.11098075122818182,Power
2021-07-27,Chongqing,0.11190422506829928,Power
2021-07-28,Chongqing,0.11402133000646154,Power
2021-07-29,Chongqing,0.11478166179054528,Power
2021-07-30,Chongqing,0.11445612603653305,Power
2021-07-31,Chongqing,0.11510719754455749,Power
2021-07-01,Shaanxi,0.47608260366635125,Power
2021-07-02,Shaanxi,0.47763747351607583,Power
2021-07-03,Shaanxi,0.48022297957353066,Power
2021-07-04,Shaanxi,0.4877262964630271,Power
2021-07-05,Shaanxi,0.5011816266075472,Power
2021-07-06,Shaanxi,0.5107569145582592,Power
2021-07-07,Shaanxi,0.5226573748530547,Power
2021-07-08,Shaanxi,0.5446502243100533,Power
2021-07-09,Shaanxi,0.5609513942253995,Power
2021-07-10,Shaanxi,0.5573281195297111,Power
2021-07-11,Shaanxi,0.5562939171067292,Power
2021-07-12,Shaanxi,0.5614684954368904,Power
2021-07-13,Shaanxi,0.5707834496742312,Power
2021-07-14,Shaanxi,0.5795813027000809,Power
2021-07-15,Shaanxi,0.5775093316388654,Power
2021-07-16,Shaanxi,0.5741463906565483,Power
2021-07-17,Shaanxi,0.5366298062090659,Power
2021-07-18,Shaanxi,0.5244690122008989,Power
2021-07-19,Shaanxi,0.5363694724956946,Power
2021-07-20,Shaanxi,0.5366298062090659,Power
2021-07-21,Shaanxi,0.538958544768401,Power
2021-07-22,Shaanxi,0.52498611341239,Power
2021-07-23,Shaanxi,0.5353352700727125,Power
2021-07-24,Shaanxi,0.5309381266674136,Power
2021-07-25,Shaanxi,0.5079110747874331,Power
2021-07-26,Shaanxi,0.528866155606198,Power
2021-07-27,Shaanxi,0.5332668652267487,Power
2021-07-28,Shaanxi,0.5433556881737001,Power
2021-07-29,Shaanxi,0.5469789628693885,Power
2021-07-30,Shaanxi,0.5454276592349155,Power
2021-07-31,Shaanxi,0.5485302665038613,Power
2021-07-01,Qinghai,0.036485645247564945,Power
2021-07-02,Qinghai,0.03660480614381761,Power
2021-07-03,Qinghai,0.03680295212955886,Power
2021-07-04,Qinghai,0.037377985445420335,Power
2021-07-05,Qinghai,0.03840916448569856,Power
2021-07-06,Qinghai,0.039142987894960964,Power
2021-07-07,Qinghai,0.040055006038986526,Power
2021-07-08,Qinghai,0.041740476789422734,Power
2021-07-09,Qinghai,0.042989753066420285,Power
2021-07-10,Qinghai,0.04271207538157462,Power
2021-07-11,Qinghai,0.042632816987278124,Power
2021-07-12,Qinghai,0.04302938226356853,Power
2021-07-13,Qinghai,0.043743254421852854,Power
2021-07-14,Qinghai,0.04441749738298892,Power
2021-07-15,Qinghai,0.044258707289588,Power
2021-07-16,Qinghai,0.04400098085572043,Power
2021-07-17,Qinghai,0.041125814276413,Power
2021-07-18,Qinghai,0.040193844881409355,Power
2021-07-19,Qinghai,0.04110586302543492,Power
2021-07-20,Qinghai,0.041125814276413,Power
2021-07-21,Qinghai,0.04130428231598408,Power
2021-07-22,Qinghai,0.04023347407855761,Power
2021-07-23,Qinghai,0.041026604631138414,Power
2021-07-24,Qinghai,0.04068961980297434,Power
2021-07-25,Qinghai,0.03892489065824164,Power
2021-07-26,Qinghai,0.040530829709573425,Power
2021-07-27,Qinghai,0.04086808784254542,Power
2021-07-28,Qinghai,0.041641267144148154,Power
2021-07-29,Qinghai,0.04191894482899382,Power
2021-07-30,Qinghai,0.041800057237549065,Power
2021-07-31,Qinghai,0.042037832420438556,Power
2021-07-01,Heilongjiang,0.18385101425555306,Power
2021-07-02,Heilongjiang,0.18445146551486347,Power
2021-07-03,Heilongjiang,0.18544992231073512,Power
2021-07-04,Heilongjiang,0.18834751279144407,Power
2021-07-05,Heilongjiang,0.19354361967533895,Power
2021-07-06,Heilongjiang,0.19724135277453267,Power
2021-07-07,Heilongjiang,0.20183700839911717,Power
2021-07-08,Heilongjiang,0.2103300884820697,Power
2021-07-09,Heilongjiang,0.21662518643231712,Power
2021-07-10,Heilongjiang,0.21522596973630936,Power
2021-07-11,Heilongjiang,0.2148265870179607,Power
2021-07-12,Heilongjiang,0.21682487779149143,Power
2021-07-13,Heilongjiang,0.22042207662020427,Power
2021-07-14,Heilongjiang,0.22381958408974276,Power
2021-07-15,Heilongjiang,0.22301944147125802,Power
2021-07-16,Heilongjiang,0.22172075904573116,Power
2021-07-17,Heilongjiang,0.2072328066421864,Power
2021-07-18,Heilongjiang,0.20253661674712103,Power
2021-07-19,Heilongjiang,0.20713227237170553,Power
2021-07-20,Heilongjiang,0.2072328066421864,Power
2021-07-21,Heilongjiang,0.2081321063493646,Power
2021-07-22,Heilongjiang,0.2027363081062954,Power
2021-07-23,Heilongjiang,0.20673288965335684,Power
2021-07-24,Heilongjiang,0.20503482450948132,Power
2021-07-25,Heilongjiang,0.19614236170818014,Power
2021-07-26,Heilongjiang,0.20423468189099656,Power
2021-07-27,Heilongjiang,0.20593412421665952,Power
2021-07-28,Heilongjiang,0.20983017149324013,Power
2021-07-29,Heilongjiang,0.21122938818924789,Power
2021-07-30,Heilongjiang,0.2106303141117249,Power
2021-07-31,Heilongjiang,0.21182846226677088,Power
2021-08-01,Shanghai,0.15293309421940518,Power
2021-08-02,Shanghai,0.1565655642929704,Power
2021-08-03,Shanghai,0.15863165450570457,Power
2021-08-04,Shanghai,0.15984213299789232,Power
2021-08-05,Shanghai,0.15628105011745616,Power
2021-08-06,Shanghai,0.16027045615666644,Power
2021-08-07,Shanghai,0.15941484443612006,Power
2021-08-08,Shanghai,0.1547850228527523,Power
2021-08-09,Shanghai,0.16447298917826195,Power
2021-08-10,Shanghai,0.16611075623222196,Power
2021-08-11,Shanghai,0.16283418752730003,Power
2021-08-12,Shanghai,0.15970039320863613,Power
2021-08-13,Shanghai,0.157705690189031,Power
2021-08-14,Shanghai,0.14901507537332392,Power
2021-08-15,Shanghai,0.14402935242131293,Power
2021-08-16,Shanghai,0.14752008270562192,Power
2021-08-17,Shanghai,0.14908646256645292,Power
2021-08-18,Shanghai,0.14773320968800713,Power
2021-08-19,Shanghai,0.14780459688113615,Power
2021-08-20,Shanghai,0.14773320968800713,Power
2021-08-21,Shanghai,0.14673585817820456,Power
2021-08-22,Shanghai,0.14645134400269033,Power
2021-08-23,Shanghai,0.1505111026380278,Power
2021-08-24,Shanghai,0.15336038278117745,Power
2021-08-25,Shanghai,0.15620966292432711,Power
2021-08-26,Shanghai,0.1548564100458813,Power
2021-08-27,Shanghai,0.15279031983314714,Power
2021-08-28,Shanghai,0.1502979756556426,Power
2021-08-29,Shanghai,0.14673585817820456,Power
2021-08-30,Shanghai,0.1484460470222955,Power
2021-08-31,Shanghai,0.15079665141054388,Power
2021-08-01,Yunnan,0.0699815067847003,Power
2021-08-02,Yunnan,0.07164370900715536,Power
2021-08-03,Yunnan,0.07258914274063379,Power
2021-08-04,Yunnan,0.07314305233911637,Power
2021-08-05,Yunnan,0.07151351658016157,Power
2021-08-06,Yunnan,0.0733390511201179,Power
2021-08-07,Yunnan,0.0729475269851221,Power
2021-08-08,Yunnan,0.07082894112767797,Power
2021-08-09,Yunnan,0.07526211162356776,Power
2021-08-10,Yunnan,0.07601154657604463,Power
2021-08-11,Yunnan,0.07451220324408361,Power
2021-08-12,Yunnan,0.07307819283912312,Power
2021-08-13,Yunnan,0.07216542556914494,Power
2021-08-14,Yunnan,0.06818863870824424,Power
2021-08-15,Yunnan,0.06590719396030607,Power
2021-08-16,Yunnan,0.06750453668276786,Power
2021-08-17,Yunnan,0.06822130517174449,Power
2021-08-18,Yunnan,0.06760206264626138,Power
2021-08-19,Yunnan,0.06763472910976162,Power
2021-08-20,Yunnan,0.06760206264626138,Power
2021-08-21,Yunnan,0.0671456790112723,Power
2021-08-22,Yunnan,0.06701548658427853,Power
2021-08-23,Yunnan,0.06887321416072786,Power
2021-08-24,Yunnan,0.07017703213869458,Power
2021-08-25,Yunnan,0.07148085011666132,Power
2021-08-26,Yunnan,0.07086160759117821,Power
2021-08-27,Yunnan,0.0699161738576998,Power
2021-08-28,Yunnan,0.06877568819723434,Power
2021-08-29,Yunnan,0.0671456790112723,Power
2021-08-30,Yunnan,0.06792825385425669,Power
2021-08-31,Yunnan,0.06900388001472889,Power
2021-08-01,InnerMongolia,1.3483934428616289,Power
2021-08-02,InnerMongolia,1.3804205123039008,Power
2021-08-03,InnerMongolia,1.3986369912774748,Power
2021-08-04,InnerMongolia,1.409309640450775,Power
2021-08-05,InnerMongolia,1.3779119836520566,Power
2021-08-06,InnerMongolia,1.4130861163120965,Power
2021-08-07,InnerMongolia,1.4055422865118237,Power
2021-08-08,InnerMongolia,1.364721683904542,Power
2021-08-09,InnerMongolia,1.450139364980427,Power
2021-08-10,InnerMongolia,1.4645793680926789,Power
2021-08-11,InnerMongolia,1.4356902399458047,Power
2021-08-12,InnerMongolia,1.408059937086038,Power
2021-08-13,InnerMongolia,1.390472870756018,Power
2021-08-14,InnerMongolia,1.3138487228451428,Power
2021-08-15,InnerMongolia,1.2698901789424633,Power
2021-08-16,InnerMongolia,1.300667545019998,Power
2021-08-17,InnerMongolia,1.3144781354886963,Power
2021-08-18,InnerMongolia,1.3025466610282885,Power
2021-08-19,InnerMongolia,1.303176073671842,Power
2021-08-20,InnerMongolia,1.3025466610282885,Power
2021-08-21,InnerMongolia,1.2937531278632788,Power
2021-08-22,InnerMongolia,1.2912445992114345,Power
2021-08-23,InnerMongolia,1.3270390225926578,Power
2021-08-24,InnerMongolia,1.3521607968005802,Power
2021-08-25,InnerMongolia,1.377282571008503,Power
2021-08-26,InnerMongolia,1.3653510965480953,Power
2021-08-27,InnerMongolia,1.3471346175745218,Power
2021-08-28,InnerMongolia,1.3251599065843673,Power
2021-08-29,InnerMongolia,1.2937531278632788,Power
2021-08-30,InnerMongolia,1.3088316655414545,Power
2021-08-31,InnerMongolia,1.3295566731668724,Power
2021-08-01,Beijing,0.08427081005100696,Power
2021-08-02,Beijing,0.0862724121054728,Power
2021-08-03,Beijing,0.0874108909726811,Power
2021-08-04,Beijing,0.08807790162597787,Power
2021-08-05,Beijing,0.08611563609721928,Power
2021-08-06,Beijing,0.08831392078022134,Power
2021-08-07,Beijing,0.08784245256630986,Power
2021-08-08,Beijing,0.08529127934109351,Power
2021-08-09,Beijing,0.0906296449457697,Power
2021-08-10,Beijing,0.09153210465873449,Power
2021-08-11,Beijing,0.08972661513822941,Power
2021-08-12,Beijing,0.08799979866913885,Power
2021-08-13,Beijing,0.08690065632763781,Power
2021-08-14,Beijing,0.08211186189371215,Power
2021-08-15,Beijing,0.07936457613453503,Power
2021-08-16,Beijing,0.08128807523216183,Power
2021-08-17,Beijing,0.08215119841941938,Power
2021-08-18,Beijing,0.0814055147147081,Power
2021-08-19,Beijing,0.08144485124041534,Power
2021-08-20,Beijing,0.0814055147147081,Power
2021-08-21,Beijing,0.08085594354395759,Power
2021-08-22,Beijing,0.08069916753570408,Power
2021-08-23,Beijing,0.08293621864983793,Power
2021-08-24,Beijing,0.08450625911067497,Power
2021-08-25,Beijing,0.08607629957151203,Power
2021-08-26,Beijing,0.08533061586680075,Power
2021-08-27,Beijing,0.08419213699959248,Power
2021-08-28,Beijing,0.08281877916729165,Power
2021-08-29,Beijing,0.08085594354395759,Power
2021-08-30,Beijing,0.0817983098772051,Power
2021-08-31,Beijing,0.08309356475266691,Power
2021-08-01,Jilin,0.1378237972207937,Power
2021-08-02,Jilin,0.14109739095395524,Power
2021-08-03,Jilin,0.14295935811007135,Power
2021-08-04,Jilin,0.14405024522707474,Power
2021-08-05,Jilin,0.14084098586235186,Power
2021-08-06,Jilin,0.14443625143770672,Power
2021-08-07,Jilin,0.14366517139859405,Power
2021-08-08,Jilin,0.1394927612715938,Power
2021-08-09,Jilin,0.1482235877362263,Power
2021-08-10,Jilin,0.1496995486817104,Power
2021-08-11,Jilin,0.14674669440859087,Power
2021-08-12,Jilin,0.1439225088723487,Power
2021-08-13,Jilin,0.14212487608467125,Power
2021-08-14,Jilin,0.1342928660138775,Power
2021-08-15,Jilin,0.1297997164268352,Power
2021-08-16,Jilin,0.1329455738052707,Power
2021-08-17,Jilin,0.13435720038231613,Power
2021-08-18,Jilin,0.1331376445284354,Power
2021-08-19,Jilin,0.13320197889687405,Power
2021-08-20,Jilin,0.1331376445284354,Power
2021-08-21,Jilin,0.1322388281345967,Power
2021-08-22,Jilin,0.13198242304299332,Power
2021-08-23,Jilin,0.13564109060463558,Power
2021-08-24,Jilin,0.13820887104927437,Power
2021-08-25,Jilin,0.1407766514939132,Power
2021-08-26,Jilin,0.13955709564003244,Power
2021-08-27,Jilin,0.13769512848391635,Power
2021-08-28,Jilin,0.13544901988147087,Power
2021-08-29,Jilin,0.1322388281345967,Power
2021-08-30,Jilin,0.13378005583067076,Power
2021-08-31,Jilin,0.13589842807839023,Power
2021-08-01,Sichuan,0.12038043928390055,Power
2021-08-02,Sichuan,0.12323971801211395,Power
2021-08-03,Sichuan,0.12486602949609064,Power
2021-08-04,Sichuan,0.12581885094639245,Power
2021-08-05,Sichuan,0.1230157642524276,Power
2021-08-06,Sichuan,0.12615600315188383,Power
2021-08-07,Sichuan,0.125482513118209,Power
2021-08-08,Sichuan,0.12183817466513154,Power
2021-08-09,Sichuan,0.12946400377677783,Power
2021-08-10,Sichuan,0.13075316305526308,Power
2021-08-11,Sichuan,0.1281740301209846,Power
2021-08-12,Sichuan,0.12570728125520325,Power
2021-08-13,Sichuan,0.12413716180547513,Power
2021-08-14,Sichuan,0.1172963924186929,Power
2021-08-15,Sichuan,0.11337190817168055,Power
2021-08-16,Sichuan,0.11611961720870474,Power
2021-08-17,Sichuan,0.11735258445294144,Power
2021-08-18,Sichuan,0.1162873789341425,Power
2021-08-19,Sichuan,0.11634357096839107,Power
2021-08-20,Sichuan,0.1162873789341425,Power
2021-08-21,Sichuan,0.11550231920927845,Power
2021-08-22,Sichuan,0.11527836544959214,Power
2021-08-23,Sichuan,0.11847398200598899,Power
2021-08-24,Sichuan,0.120716777112084,Power
2021-08-25,Sichuan,0.12295957221817903,Power
2021-08-26,Sichuan,0.12189436669938009,Power
2021-08-27,Sichuan,0.12026805521540342,Power
2021-08-28,Sichuan,0.11830622028055122,Power
2021-08-29,Sichuan,0.11550231920927845,Power
2021-08-30,Sichuan,0.11684848489932025,Power
2021-08-31,Sichuan,0.11869875014298326,Power
2021-08-01,Tianjin,0.1859451816929898,Power
2021-08-02,Tianjin,0.1903617555632236,Power
2021-08-03,Tianjin,0.1928738313304856,Power
2021-08-04,Tianjin,0.19434560331230658,Power
2021-08-05,Tianjin,0.1900158262512571,Power
2021-08-06,Tianjin,0.19486638416741245,Power
2021-08-07,Tianjin,0.1938260803819715,Power
2021-08-08,Tianjin,0.1881968670326989,Power
2021-08-09,Tianjin,0.19997607458635,Power
2021-08-10,Tianjin,0.20196736949850608,Power
2021-08-11,Tianjin,0.19798352174942307,Power
2021-08-12,Tianjin,0.19417326761870873,Power
2021-08-13,Tianjin,0.19174798866063106,Power
2021-08-14,Tianjin,0.18118142058601877,Power
2021-08-15,Tianjin,0.17511948111559536,Power
2021-08-16,Tianjin,0.17936371929223127,Power
2021-08-17,Tianjin,0.18126821739520307,Power
2021-08-18,Tianjin,0.17962285179501344,Power
2021-08-19,Tianjin,0.17970964860419775,Power
2021-08-20,Tianjin,0.17962285179501344,Power
2021-08-21,Tianjin,0.17841021231597462,Power
2021-08-22,Tianjin,0.17806428300400814,Power
2021-08-23,Tianjin,0.18300037980457706,Power
2021-08-24,Tianjin,0.1864647046233249,Power
2021-08-25,Tianjin,0.1899290294420728,Power
2021-08-26,Tianjin,0.18828366384188316,Power
2021-08-27,Tianjin,0.18577158807462119,Power
2021-08-28,Tianjin,0.1827412473017949,Power
2021-08-29,Tianjin,0.17841021231597462,Power
2021-08-30,Tianjin,0.18048956196208582,Power
2021-08-31,Tianjin,0.1833475670413143,Power
2021-08-01,Ningxia,0.2884127921624254,Power
2021-08-02,Ningxia,0.29526317887375664,Power
2021-08-03,Ningxia,0.29915956801147486,Power
2021-08-04,Ningxia,0.301442379874835,Power
2021-08-05,Ningxia,0.2947266205298045,Power
2021-08-06,Ningxia,0.30225014407263934,Power
2021-08-07,Ningxia,0.3006365667982814,Power
2021-08-08,Ningxia,0.2919052992012414,Power
2021-08-09,Ningxia,0.3101755985931257,Power
2021-08-10,Ningxia,0.3132642235330395,Power
2021-08-11,Ningxia,0.3070850225319611,Power
2021-08-12,Ningxia,0.3011750762634843,Power
2021-08-13,Ningxia,0.2974133144920668,Power
2021-08-14,Ningxia,0.2810238959858912,Power
2021-08-15,Ningxia,0.27162144267859833,Power
2021-08-16,Ningxia,0.27820452577857885,Power
2021-08-17,Ningxia,0.28115852335219194,Power
2021-08-18,Ningxia,0.2786064567562303,Power
2021-08-19,Ningxia,0.278741084122531,Power
2021-08-20,Ningxia,0.2786064567562303,Power
2021-08-21,Ningxia,0.2767255758705216,Power
2021-08-22,Ningxia,0.27618901752656944,Power
2021-08-23,Ningxia,0.28384521731445433,Power
2021-08-24,Ningxia,0.28921860523897897,Power
2021-08-25,Ningxia,0.2945919931635037,Power
2021-08-26,Ningxia,0.2920399265675421,Power
2021-08-27,Ningxia,0.28814353742982396,Power
2021-08-28,Ningxia,0.2834432863368029,Power
2021-08-29,Ningxia,0.2767255758705216,Power
2021-08-30,Ningxia,0.27995077929798684,Power
2021-08-31,Ningxia,0.28438372677965723,Power
2021-08-01,Anhui,0.6630516865041185,Power
2021-08-02,Anhui,0.6788005041210416,Power
2021-08-03,Anhui,0.6877581768014733,Power
2021-08-04,Anhui,0.6930062874855519,Power
2021-08-05,Anhui,0.6775669738320488,Power
2021-08-06,Anhui,0.6948633112660719,Power
2021-08-07,Anhui,0.6911537492697191,Power
2021-08-08,Anhui,0.6710808472942902,Power
2021-08-09,Anhui,0.7130836750256682,Power
2021-08-10,Anhui,0.7201843239255795,Power
2021-08-11,Anhui,0.7059785405610692,Power
2021-08-12,Anhui,0.6923917651233992,Power
2021-08-13,Anhui,0.6837435964063875,Power
2021-08-14,Anhui,0.6460648530335154,Power
2021-08-15,Anhui,0.6244489168056735,Power
2021-08-16,Anhui,0.6395832120604438,Power
2021-08-17,Anhui,0.6463743569969352,Power
2021-08-18,Anhui,0.6405072383860166,Power
2021-08-19,Anhui,0.6408167423494366,Power
2021-08-20,Anhui,0.6405072383860166,Power
2021-08-21,Anhui,0.6361831540275108,Power
2021-08-22,Anhui,0.634949623738518,Power
2021-08-23,Anhui,0.6525509795712741,Power
2021-08-24,Anhui,0.6649042247199514,Power
2021-08-25,Anhui,0.6772574698686287,Power
2021-08-26,Anhui,0.6713903512577101,Power
2021-08-27,Anhui,0.6624326785772785,Power
2021-08-28,Anhui,0.6516269532457013,Power
2021-08-29,Anhui,0.6361831540275108,Power
2021-08-30,Anhui,0.6435977924555296,Power
2021-08-31,Anhui,0.6537889954249542,Power
2021-08-01,Shandong,1.3473590318777002,Power
2021-08-02,Shandong,1.3793615319685046,Power
2021-08-03,Shandong,1.39756403629244,Power
2021-08-04,Shandong,1.408228498014525,Power
2021-08-05,Shandong,1.376854927717587,Power
2021-08-06,Shandong,1.4120020767777242,Power
2021-08-07,Shandong,1.4044640341758743,Power
2021-08-08,Shandong,1.3636747468200359,Power
2021-08-09,Shandong,1.4490269002949123,Power
2021-08-10,Shandong,1.4634558258556478,Power
2021-08-11,Shandong,1.4345888598096277,Power
2021-08-12,Shandong,1.4069797533513406,Power
2021-08-13,Shandong,1.389406178821272,Power
2021-08-14,Shandong,1.3128408126114297,Power
2021-08-15,Shandong,1.268915991210807,Power
2021-08-16,Shandong,1.2996697466384268,Power
2021-08-17,Shandong,1.3134697424052961,Power
2021-08-18,Shandong,1.3015474210954778,Power
2021-08-19,Shandong,1.3021763508893442,Power
2021-08-20,Shandong,1.3015474210954778,Power
2021-08-21,Shandong,1.2927606338304436,Power
2021-08-22,Shandong,1.2902540295795262,Power
2021-08-23,Shandong,1.3260209935089813,Power
2021-08-24,Shandong,1.3511234957163507,Power
2021-08-25,Shandong,1.3762259979237204,Power
2021-08-26,Shandong,1.3643036766139023,Power
2021-08-27,Shandong,1.3461011722899672,Power
2021-08-28,Shandong,1.3241433190519303,Power
2021-08-29,Shandong,1.2927606338304436,Power
2021-08-30,Shandong,1.3078276041095949,Power
2021-08-31,Shandong,1.3285367126844474,Power
2021-08-01,Shanxi,0.7783165627789373,Power
2021-08-02,Shanxi,0.7968031541637854,Power
2021-08-03,Shanxi,0.8073180282724558,Power
2021-08-04,Shanxi,0.8134784702890527,Power
2021-08-05,Shanxi,0.7953551870231322,Power
2021-08-06,Shanxi,0.8156583190026178,Power
2021-08-07,Shanxi,0.8113038869105446,Power
2021-08-08,Shanxi,0.7877415125308252,Power
2021-08-09,Shanxi,0.8370461100038291,Power
2021-08-10,Shanxi,0.8453811353989342,Power
2021-08-11,Shanxi,0.8287058192736668,Power
2021-08-12,Shanxi,0.8127571193862546,Power
2021-08-13,Shanxi,0.8026055533965119,Power
2021-08-14,Shanxi,0.7583767389183793,Power
2021-08-15,Shanxi,0.7330030892790792,Power
2021-08-16,Shanxi,0.7507683297611291,Power
2021-08-17,Shanxi,0.7587400470373067,Power
2021-08-18,Shanxi,0.7518529887828547,Power
2021-08-19,Shanxi,0.7522162969017822,Power
2021-08-20,Shanxi,0.7518529887828547,Power
2021-08-21,Shanxi,0.7467772057879833,Power
2021-08-22,Shanxi,0.7453292386473302,Power
2021-08-23,Shanxi,0.7659904134106865,Power
2021-08-24,Shanxi,0.7804911461574455,Power
2021-08-25,Shanxi,0.7949918789042046,Power
2021-08-26,Shanxi,0.7881048206497526,Power
2021-08-27,Shanxi,0.7775899465410824,Power
2021-08-28,Shanxi,0.7649057543889608,Power
2021-08-29,Shanxi,0.7467772057879833,Power
2021-08-30,Shanxi,0.755480804637073,Power
2021-08-31,Shanxi,0.7674436458863966,Power
2021-08-01,Guangdong,0.8049108752024408,Power
2021-08-02,Guangdong,0.824029135255856,Power
2021-08-03,Guangdong,0.834903292284244,Power
2021-08-04,Guangdong,0.8412742305532543,Power
2021-08-05,Guangdong,0.8225316925003193,Power
2021-08-06,Guangdong,0.8435285625561348,Power
2021-08-07,Guangdong,0.8390253437967575,Power
2021-08-08,Guangdong,0.8146578662293885,Power
2021-08-09,Guangdong,0.8656471533670071,Power
2021-08-10,Guangdong,0.8742669783925143,Power
2021-08-11,Guangdong,0.857021883095116,Power
2021-08-12,Guangdong,0.8405282317986779,Power
2021-08-13,Guangdong,0.83002979677077,Power
2021-08-14,Guangdong,0.7842897271471053,Power
2021-08-15,Guangdong,0.7580490848237196,Power
2021-08-16,Guangdong,0.7764213461225581,Power
2021-08-17,Guangdong,0.7846654491475853,Power
2021-08-18,Guangdong,0.7775430668776147,Power
2021-08-19,Guangdong,0.7779187888780947,Power
2021-08-20,Guangdong,0.7775430668776147,Power
2021-08-21,Guangdong,0.7722938493636609,Power
2021-08-22,Guangdong,0.7707964066081242,Power
2021-08-23,Guangdong,0.7921635534180362,Power
2021-08-24,Guangdong,0.8071597619589376,Power
2021-08-25,Guangdong,0.8221559704998391,Power
2021-08-26,Guangdong,0.8150335882298685,Power
2021-08-27,Guangdong,0.8041594312014807,Power
2021-08-28,Guangdong,0.7910418326629797,Power
2021-08-29,Guangdong,0.7722938493636609,Power
2021-08-30,Guangdong,0.781294841636032,Power
2021-08-31,Guangdong,0.7936664414199567,Power
2021-08-01,Guangxi,0.23775937305645153,Power
2021-08-02,Guangxi,0.24340663869078275,Power
2021-08-03,Guangxi,0.2466187120236678,Power
2021-08-04,Guangxi,0.248500597751998,Power
2021-08-05,Guangxi,0.2429643151221581,Power
2021-08-06,Guangxi,0.24916649577894562,Power
2021-08-07,Guangxi,0.24783630817439084,Power
2021-08-08,Guangxi,0.2406384973758628,Power
2021-08-09,Guangxi,0.25570001699986655,Power
2021-08-10,Guangxi,0.2582461923058039,Power
2021-08-11,Guangxi,0.25315223324458863,Power
2021-08-12,Guangxi,0.24828024019235592,Power
2021-08-13,Guangxi,0.24517914986396214,Power
2021-08-14,Guangxi,0.2316681754041553,Power
2021-08-15,Guangxi,0.2239170580325113,Power
2021-08-16,Guangxi,0.2293439661072004,Power
2021-08-17,Guangxi,0.23177915840864652,Power
2021-08-18,Guangxi,0.22967530667133376,Power
2021-08-19,Guangxi,0.229786289675825,Power
2021-08-20,Guangxi,0.22967530667133376,Power
2021-08-21,Guangxi,0.2281247615071369,Power
2021-08-22,Guangxi,0.22768243793851226,Power
2021-08-23,Guangxi,0.23399399315045064,Power
2021-08-24,Guangxi,0.2384236626340587,Power
2021-08-25,Guangxi,0.2428533321176668,Power
2021-08-26,Guangxi,0.24074948038035404,Power
2021-08-27,Guangxi,0.237537407047469,Power
2021-08-28,Guangxi,0.23366265258631727,Power
2021-08-29,Guangxi,0.2281247615071369,Power
2021-08-30,Guangxi,0.230783528266906,Power
2021-08-31,Guangxi,0.23443792516841572,Power
2021-08-01,Xinjiang,0.7669535404798736,Power
2021-08-02,Xinjiang,0.7851702371198512,Power
2021-08-03,Xinjiang,0.7955315994639228,Power
2021-08-04,Xinjiang,0.8016021021892926,Power
2021-08-05,Xinjiang,0.7837434095561958,Power
2021-08-06,Xinjiang,0.8037501262305772,Power
2021-08-07,Xinjiang,0.7994592666118757,Power
2021-08-08,Xinjiang,0.7762408908033029,Power
2021-08-09,Xinjiang,0.8248256664617334,Power
2021-08-10,Xinjiang,0.83303900476452,Power
2021-08-11,Xinjiang,0.8166071396950786,Power
2021-08-12,Xinjiang,0.8008912826393989,Power
2021-08-13,Xinjiang,0.7908879243022081,Power
2021-08-14,Xinjiang,0.7473048278123731,Power
2021-08-15,Xinjiang,0.7223016204332641,Power
2021-08-16,Xinjiang,0.7398074975233477,Power
2021-08-17,Xinjiang,0.7476628318192537,Power
2021-08-18,Xinjiang,0.7408763210801222,Power
2021-08-19,Xinjiang,0.741234325087003,Power
2021-08-20,Xinjiang,0.7408763210801222,Power
2021-08-21,Xinjiang,0.735874641911527,Power
2021-08-22,Xinjiang,0.7344478143478717,Power
2021-08-23,Xinjiang,0.7548073465652662,Power
2021-08-24,Xinjiang,0.7690963760572905,Power
2021-08-25,Xinjiang,0.783385405549315,Power
2021-08-26,Xinjiang,0.7765988948101836,Power
2021-08-27,Xinjiang,0.7662375324661121,Power
2021-08-28,Xinjiang,0.7537385230084915,Power
2021-08-29,Xinjiang,0.735874641911527,Power
2021-08-30,Xinjiang,0.7444511726850623,Power
2021-08-31,Xinjiang,0.7562393625927892,Power
2021-08-01,Jiangsu,1.1576792728807646,Power
2021-08-02,Jiangsu,1.1851764953425887,Power
2021-08-03,Jiangsu,1.2008164706363122,Power
2021-08-04,Jiangsu,1.2099796008785035,Power
2021-08-05,Jiangsu,1.1830227681489112,Power
2021-08-06,Jiangsu,1.2132219392718941,Power
2021-08-07,Jiangsu,1.2067450942203624,Power
2021-08-08,Jiangsu,1.1716980789777927,Power
2021-08-09,Jiangsu,1.245034447856323,Power
2021-08-10,Jiangsu,1.2574320847566554,Power
2021-08-11,Jiangsu,1.2326289792207406,Power
2021-08-12,Jiangsu,1.2089066531492896,Power
2021-08-13,Jiangsu,1.193807067587798,Power
2021-08-14,Jiangsu,1.1280204914900136,Power
2021-08-15,Jiangsu,1.0902793593215345,Power
2021-08-16,Jiangsu,1.1167036340541445,Power
2021-08-17,Jiangsu,1.1285608812222452,Power
2021-08-18,Jiangsu,1.11831697151559,Power
2021-08-19,Jiangsu,1.1188573612478219,Power
2021-08-20,Jiangsu,1.11831697151559,Power
2021-08-21,Jiangsu,1.1107671787348445,Power
2021-08-22,Jiangsu,1.108613451541167,Power
2021-08-23,Jiangsu,1.1393451806611323,Power
2021-08-24,Jiangsu,1.1609137795389057,Power
2021-08-25,Jiangsu,1.1824823784166794,Power
2021-08-26,Jiangsu,1.1722384687100242,Power
2021-08-27,Jiangsu,1.1565984934163012,Power
2021-08-28,Jiangsu,1.1377318431996866,Power
2021-08-29,Jiangsu,1.1107671787348445,Power
2021-08-30,Jiangsu,1.1237130371026585,Power
2021-08-31,Jiangsu,1.1415067395900593,Power
2021-08-01,Jiangxi,0.2351713715298653,Power
2021-08-02,Jiangxi,0.24075716689745244,Power
2021-08-03,Jiangxi,0.24393427693706266,Power
2021-08-04,Jiangxi,0.24579567841244768,Power
2021-08-05,Jiangxi,0.24031965800366534,Power
2021-08-06,Jiangxi,0.2464543281652762,Power
2021-08-07,Jiangxi,0.24513861960105107,Power
2021-08-08,Jiangxi,0.23801915669306128,Power
2021-08-09,Jiangxi,0.25291673226186945,Power
2021-08-10,Jiangxi,0.25543519254865105,Power
2021-08-11,Jiangxi,0.2503966810336558,Power
2021-08-12,Jiangxi,0.2455777194362701,Power
2021-08-13,Jiangxi,0.24251038435546465,Power
2021-08-14,Jiangxi,0.2291464763270592,Power
2021-08-15,Jiangxi,0.22147972956647755,Power
2021-08-16,Jiangxi,0.22684756595788705,Power
2021-08-17,Jiangxi,0.22925625128586394,Power
2021-08-18,Jiangxi,0.2271752998928694,Power
2021-08-19,Jiangxi,0.22728507485167412,Power
2021-08-20,Jiangxi,0.2271752998928694,Power
2021-08-21,Jiangxi,0.22564163235246668,Power
2021-08-22,Jiangxi,0.2252041234586796,Power
2021-08-23,Jiangxi,0.2314469776376633,Power
2021-08-24,Jiangxi,0.2358284303412619,Power
2021-08-25,Jiangxi,0.24020988304486054,Power
2021-08-26,Jiangxi,0.238128931651866,Power
2021-08-27,Jiangxi,0.2349518216122558,Power
2021-08-28,Jiangxi,0.23111924370268097,Power
2021-08-29,Jiangxi,0.22564163235246668,Power
2021-08-30,Jiangxi,0.22827145853948502,Power
2021-08-31,Jiangxi,0.23188607747288234,Power
2021-08-01,Hebei,0.7735907729520398,Power
2021-08-02,Hebei,0.7919651172774285,Power
2021-08-03,Hebei,0.8024161470745806,Power
2021-08-04,Hebei,0.8085391840613947,Power
2021-08-05,Hebei,0.7905259419172798,Power
2021-08-06,Hebei,0.8107057971490366,Power
2021-08-07,Hebei,0.8063778043386988,Power
2021-08-08,Hebei,0.7829584962053711,Power
2021-08-09,Hebei,0.8319637255596685,Power
2021-08-10,Hebei,0.8402481422691784,Power
2021-08-11,Hebei,0.8236740754852122,Power
2021-08-12,Hebei,0.8078222130637934,Power
2021-08-13,Hebei,0.7977322854479149,Power
2021-08-14,Hebei,0.7537720199015567,Power
2021-08-15,Hebei,0.7285524342268066,Power
2021-08-16,Hebei,0.7462098075545938,Power
2021-08-17,Hebei,0.7541331220828302,Power
2021-08-18,Hebei,0.7472878807334687,Power
2021-08-19,Hebei,0.7476489829147424,Power
2021-08-20,Hebei,0.7472878807334687,Power
2021-08-21,Hebei,0.7422429169255296,Power
2021-08-22,Hebei,0.740803741565381,Power
2021-08-23,Hebei,0.7613394656134655,Power
2021-08-24,Hebei,0.7757521526747357,Power
2021-08-25,Hebei,0.790164839736006,Power
2021-08-26,Hebei,0.7833195983866446,Power
2021-08-27,Hebei,0.7728685685894926,Power
2021-08-28,Hebei,0.7602613924345906,Power
2021-08-29,Hebei,0.7422429169255296,Power
2021-08-30,Hebei,0.7508936691812594,Power
2021-08-31,Hebei,0.7627838743385602,Power
2021-08-01,Henan,0.569563370715731,Power
2021-08-02,Henan,0.58309165188786,Power
2021-08-03,Henan,0.5907863193617255,Power
2021-08-04,Henan,0.5952944620479661,Power
2021-08-05,Henan,0.582032045700923,Power
2021-08-06,Henan,0.5968896509984819,Power
2021-08-07,Henan,0.5937031262108572,Power
2021-08-08,Henan,0.5764604437143386,Power
2021-08-09,Henan,0.6125409976578918,Power
2021-08-10,Henan,0.6186404761812413,Power
2021-08-11,Henan,0.6064376660211352,Power
2021-08-12,Henan,0.5947665855112012,Power
2021-08-13,Henan,0.5873377828624217,Power
2021-08-14,Henan,0.5549716302432581,Power
2021-08-15,Henan,0.5364034767347166,Power
2021-08-16,Henan,0.5494038813700806,Power
2021-08-17,Henan,0.5552374950683441,Power
2021-08-18,Henan,0.5501976227319315,Power
2021-08-19,Henan,0.5504634875570175,Power
2021-08-20,Henan,0.5501976227319315,Power
2021-08-21,Henan,0.5464832214075418,Power
2021-08-22,Henan,0.5454236152206049,Power
2021-08-23,Henan,0.5605432322298428,Power
2021-08-24,Henan,0.5711547065528398,Power
2021-08-25,Henan,0.5817661808758371,Power
2021-08-26,Henan,0.5767263085394245,Power
2021-08-27,Henan,0.5690316410655591,Power
2021-08-28,Henan,0.5597494908679919,Power
2021-08-29,Henan,0.5464832214075418,Power
2021-08-30,Henan,0.5528524178693843,Power
2021-08-31,Henan,0.5616066915301867,Power
2021-08-01,Zhejiang,0.6485512420969837,Power
2021-08-02,Zhejiang,0.663955644853074,Power
2021-08-03,Zhejiang,0.6727174199325135,Power
2021-08-04,Zhejiang,0.6778507583616293,Power
2021-08-05,Zhejiang,0.6627490909487945,Power
2021-08-06,Zhejiang,0.6796671704211625,Power
2021-08-07,Zhejiang,0.6760387337708389,Power
2021-08-08,Zhejiang,0.6564048111466566,Power
2021-08-09,Zhejiang,0.6974890684545545,Power
2021-08-10,Zhejiang,0.7044344314744606,Power
2021-08-11,Zhejiang,0.6905393179659053,Power
2021-08-12,Zhejiang,0.677249675143861,Power
2021-08-13,Zhejiang,0.668790635407677,Power
2021-08-14,Zhejiang,0.6319358979678712,Power
2021-08-15,Zhejiang,0.610792686096154,Power
2021-08-16,Zhejiang,0.6255960056344759,Power
2021-08-17,Zhejiang,0.6322386333111266,Power
2021-08-18,Zhejiang,0.6264998241954998,Power
2021-08-19,Zhejiang,0.6268025595387553,Power
2021-08-20,Zhejiang,0.6264998241954998,Power
2021-08-21,Zhejiang,0.6222703043274078,Power
2021-08-22,Zhejiang,0.6210637504231284,Power
2021-08-23,Zhejiang,0.6382801777700092,Power
2021-08-24,Zhejiang,0.650363266687774,Power
2021-08-25,Zhejiang,0.662446355605539,Power
2021-08-26,Zhejiang,0.6567075464899121,Power
2021-08-27,Zhejiang,0.6479457714104726,Power
2021-08-28,Zhejiang,0.6373763592089854,Power
2021-08-29,Zhejiang,0.6222703043274078,Power
2021-08-30,Zhejiang,0.6295227901593125,Power
2021-08-31,Zhejiang,0.6394911191430315,Power
2021-08-01,Hainan,0.054439826162809554,Power
2021-08-02,Hainan,0.05573288205993797,Power
2021-08-03,Hainan,0.05646835133551913,Power
2021-08-04,Hainan,0.05689924720553913,Power
2021-08-05,Hainan,0.055631603116129844,Power
2021-08-06,Hainan,0.05705171805185389,Power
2021-08-07,Hainan,0.056747144646292755,Power
2021-08-08,Hainan,0.055099060015233334,Power
2021-08-09,Hainan,0.058547700123666946,Power
2021-08-10,Hainan,0.05913069855293332,Power
2021-08-11,Hainan,0.05796433340733216,Power
2021-08-12,Hainan,0.056848791877169264,Power
2021-08-13,Hainan,0.05613873440930724,Power
2021-08-14,Hainan,0.05304512303480464,Power
2021-08-15,Hainan,0.05127034765221797,Power
2021-08-16,Hainan,0.052512948220976505,Power
2021-08-17,Hainan,0.05307053484252376,Power
2021-08-18,Hainan,0.0525888153570655,Power
2021-08-19,Hainan,0.05261422716478462,Power
2021-08-20,Hainan,0.0525888153570655,Power
2021-08-21,Hainan,0.05223378662313449,Power
2021-08-22,Hainan,0.05213250767932637,Power
2021-08-23,Hainan,0.05357766613570116,Power
2021-08-24,Hainan,0.054591928722055934,Power
2021-08-25,Hainan,0.05560619130841071,Power
2021-08-26,Hainan,0.05512447182295245,Power
2021-08-27,Hainan,0.05438900254737131,Power
2021-08-28,Hainan,0.05350179899961217,Power
2021-08-29,Hainan,0.05223378662313449,Power
2021-08-30,Hainan,0.052842565147188394,Power
2021-08-31,Hainan,0.05367931336657768,Power
2021-08-01,Hubei,0.2895128513665854,Power
2021-08-02,Hubei,0.29638936670729316,Power
2021-08-03,Hubei,0.3003006173866989,Power
2021-08-04,Hubei,0.30259213631253995,Power
2021-08-05,Hubei,0.2958507618315613,Power
2021-08-06,Hubei,0.3034029814709145,Power
2021-08-07,Hubei,0.30178324971734993,Power
2021-08-08,Hubei,0.2930186794668039,Power
2021-08-09,Hubei,0.31135866512627053,Power
2021-08-10,Hubei,0.3144590706473016,Power
2021-08-11,Hubei,0.3082563010420548,Power
2021-08-12,Hubei,0.3023238131562663,Power
2021-08-13,Hubei,0.29854770333658964,Power
2021-08-14,Hubei,0.2820957725869613,Power
2021-08-15,Hubei,0.27265745660095425,Power
2021-08-16,Hubei,0.2792656487853883,Power
2021-08-17,Hubei,0.2822309134466903,Power
2021-08-18,Hubei,0.27966911280139106,Power
2021-08-19,Hubei,0.27980425366112016,Power
2021-08-20,Hubei,0.27966911280139106,Power
2021-08-21,Hubei,0.2777810578915528,Power
2021-08-22,Hubei,0.2772424530158209,Power
2021-08-23,Hubei,0.28492785495171874,Power
2021-08-24,Hubei,0.2903217379617754,Power
2021-08-25,Hubei,0.2957156209718322,Power
2021-08-26,Hubei,0.2931538203265329,Power
2021-08-27,Hubei,0.28924256964712725,Power
2021-08-28,Hubei,0.28452439093571597,Power
2021-08-29,Hubei,0.2777810578915528,Power
2021-08-30,Hubei,0.28101856283549753,Power
2021-08-31,Hubei,0.28546841839063514,Power
2021-08-01,Hunan,0.2578047189929547,Power
2021-08-02,Hunan,0.2639281021059799,Power
2021-08-03,Hunan,0.2674109833582474,Power
2021-08-04,Hunan,0.269451529710352,Power
2021-08-05,Hunan,0.2634484865103997,Power
2021-08-06,Hunan,0.27017356918878904,Power
2021-08-07,Hunan,0.2687312342886262,Power
2021-08-08,Hunan,0.26092658050600376,Power
2021-08-09,Hunan,0.2772579275496857,Power
2021-08-10,Hunan,0.28001876932351616,Power
2021-08-11,Hunan,0.27449534171914397,Power
2021-08-12,Hunan,0.26921259394091757,Power
2021-08-13,Hunan,0.26585005260172284,Power
2021-08-14,Hunan,0.25119997622763823,Power
2021-08-15,Hunan,0.24279536693636275,Power
2021-08-16,Hunan,0.2486798142799534,Power
2021-08-17,Hunan,0.25132031614071104,Power
2021-08-18,Hunan,0.2490390899624607,Power
2021-08-19,Hunan,0.24915942987553355,Power
2021-08-20,Hunan,0.2490390899624607,Power
2021-08-21,Hunan,0.2473578192928634,Power
2021-08-22,Hunan,0.24687820369728325,Power
2021-08-23,Hunan,0.25372188223203423,Power
2021-08-24,Hunan,0.2585250144146805,Power
2021-08-25,Hunan,0.26332814659732684,Power
2021-08-26,Hunan,0.2610469204190765,Power
2021-08-27,Hunan,0.25756403916680903,Power
2021-08-28,Hunan,0.2533626065495269,Power
2021-08-29,Hunan,0.2473578192928634,Power
2021-08-30,Hunan,0.2502407450364779,Power
2021-08-31,Hunan,0.2542032418843256,Power
2021-08-01,Gansu,0.2146386831113654,Power
2021-08-02,Gansu,0.21973678563136628,Power
2021-08-03,Gansu,0.22263650386903125,Power
2021-08-04,Gansu,0.22433538736330663,Power
2021-08-05,Gansu,0.2193374754083528,Power
2021-08-06,Gansu,0.2249365307535887,Power
2021-08-07,Gansu,0.2237356960101992,Power
2021-08-08,Gansu,0.21723782965388938,Power
2021-08-09,Gansu,0.23083470575679105,Power
2021-08-10,Gansu,0.2331332806041739,Power
2021-08-11,Gansu,0.22853467887223355,Power
2021-08-12,Gansu,0.22413645827038722,Power
2021-08-13,Gansu,0.22133693059776927,Power
2021-08-14,Gansu,0.20913981833117656,Power
2021-08-15,Gansu,0.20214245118680627,Power
2021-08-16,Gansu,0.20704162461388767,Power
2021-08-17,Gansu,0.20924000889622354,Power
2021-08-18,Gansu,0.20734074427185412,Power
2021-08-19,Gansu,0.2074409348369011,Power
2021-08-20,Gansu,0.20734074427185412,Power
2021-08-21,Gansu,0.20594098043554515,Power
2021-08-22,Gansu,0.2055416702125317,Power
2021-08-23,Gansu,0.21123946408564004,Power
2021-08-24,Gansu,0.2152383744644729,Power
2021-08-25,Gansu,0.2192372848433058,Power
2021-08-26,Gansu,0.21733802021893636,Power
2021-08-27,Gansu,0.21443830198127142,Power
2021-08-28,Gansu,0.2109403444276736,Power
2021-08-29,Gansu,0.20594098043554515,Power
2021-08-30,Gansu,0.20834119788514965,Power
2021-08-31,Gansu,0.21164022634582808,Power
2021-08-01,Fujian,0.37163629679341004,Power
2021-08-02,Fujian,0.3804634099388221,Power
2021-08-03,Fujian,0.3854841290933046,Power
2021-08-04,Fujian,0.3884256620981841,Power
2021-08-05,Fujian,0.37977202397613674,Power
2021-08-06,Fujian,0.3894665122383722,Power
2021-08-07,Fujian,0.38738732608876936,Power
2021-08-08,Fujian,0.3761365908777985,Power
2021-08-09,Fujian,0.3996789114399284,Power
2021-08-10,Fujian,0.40365878045422265,Power
2021-08-11,Fujian,0.3956965282948607,Power
2021-08-12,Fujian,0.3880812261822281,Power
2021-08-13,Fujian,0.38323398205111037,Power
2021-08-14,Fujian,0.36211528355453926,Power
2021-08-15,Fujian,0.3499996873575183,Power
2021-08-16,Fujian,0.3584823645869743,Power
2021-08-17,Fujian,0.3622887585779039,Power
2021-08-18,Fujian,0.359000275526295,Power
2021-08-19,Fujian,0.35917375054965966,Power
2021-08-20,Fujian,0.359000275526295,Power
2021-08-21,Fujian,0.35657665346073614,Power
2021-08-22,Fujian,0.3558852674980508,Power
2021-08-23,Fujian,0.3657507166528776,Power
2021-08-24,Fujian,0.37267463280282476,Power
2021-08-25,Fujian,0.379598548952772,Power
2021-08-26,Fujian,0.3763100659011631,Power
2021-08-27,Fujian,0.3712893467466807,Power
2021-08-28,Fujian,0.36523280571355693,Power
2021-08-29,Fujian,0.35657665346073614,Power
2021-08-30,Fujian,0.36073251162916853,Power
2021-08-31,Fujian,0.3664446167463364,Power
2021-08-01,Tibet,0.0009442759355489714,Power
2021-08-02,Tibet,0.0009667043974497585,Power
2021-08-03,Tibet,0.0009794613437373895,Power
2021-08-04,Tibet,0.000986935368352576,Power
2021-08-05,Tibet,0.0009649476822624283,Power
2021-08-06,Tibet,0.0009895800232164113,Power
2021-08-07,Tibet,0.0009842971015439675,Power
2021-08-08,Tibet,0.0009557105544046847,Power
2021-08-09,Tibet,0.0010155283035470856,Power
2021-08-10,Tibet,0.001025640594970881,Power
2021-08-11,Tibet,0.0010054096240680634,Power
2021-08-12,Tibet,0.0009860602047865243,Power
2021-08-13,Tibet,0.0009737440343095327,Power
2021-08-14,Tibet,0.0009200843704056277,Power
2021-08-15,Tibet,0.0008893003322683753,Power
2021-08-16,Tibet,0.0009108536306031104,Power
2021-08-17,Tibet,0.0009205251462162667,Power
2021-08-18,Tibet,0.0009121695699798015,Power
2021-08-19,Tibet,0.0009126103457904407,Power
2021-08-20,Tibet,0.0009121695699798015,Power
2021-08-21,Tibet,0.0009060114847413058,Power
2021-08-22,Tibet,0.0009042547695539756,Power
2021-08-23,Tibet,0.0009293214982633713,Power
2021-08-24,Tibet,0.00094691420235758,Power
2021-08-25,Tibet,0.0009645069064517889,Power
2021-08-26,Tibet,0.0009561513302153238,Power
2021-08-27,Tibet,0.0009433943839276931,Power
2021-08-28,Tibet,0.0009280055588866803,Power
2021-08-29,Tibet,0.0009060114847413058,Power
2021-08-30,Tibet,0.0009165709400309671,Power
2021-08-31,Tibet,0.0009310846015059282,Power
2021-08-01,Guizhou,0.1932629841821308,Power
2021-08-02,Guizhou,0.19785337065114672,Power
2021-08-03,Guizhou,0.2004643082127032,Power
2021-08-04,Guizhou,0.20199400122573324,Power
2021-08-05,Guizhou,0.19749382742158836,Power
2021-08-06,Guizhou,0.20253527721495926,Power
2021-08-07,Guizhou,0.2014540326664329,Power
2021-08-08,Guizhou,0.1956032837490743,Power
2021-08-09,Guizhou,0.20784605757301755,Power
2021-08-10,Guizhou,0.20991571914534796,Power
2021-08-11,Guizhou,0.20577508857076143,Power
2021-08-12,Guizhou,0.2018148833259169,Power
2021-08-13,Guizhou,0.19929415842923143,Power
2021-08-14,Guizhou,0.1883117470536309,Power
2021-08-15,Guizhou,0.18201124224184292,Power
2021-08-16,Guizhou,0.18642251081104244,Power
2021-08-17,Guizhou,0.18840195971850188,Power
2021-08-18,Guizhou,0.1866918413757298,Power
2021-08-19,Guizhou,0.1867820540406008,Power
2021-08-20,Guizhou,0.1866918413757298,Power
2021-08-21,Guizhou,0.1854314789273871,Power
2021-08-22,Guizhou,0.18507193569782873,Power
2021-08-23,Guizhou,0.190202290726145,Power
2021-08-24,Guizhou,0.19380295274143114,Power
2021-08-25,Guizhou,0.19740361475671733,Power
2021-08-26,Guizhou,0.19569349641394526,Power
2021-08-27,Guizhou,0.1930825588523888,Power
2021-08-28,Guizhou,0.18993296016145766,Power
2021-08-29,Guizhou,0.1854314789273871,Power
2021-08-30,Guizhou,0.18759266059451418,Power
2021-08-31,Guizhou,0.19056314138562902,Power
2021-08-01,Liaoning,0.4418077970037155,Power
2021-08-02,Liaoning,0.4523016250994275,Power
2021-08-03,Liaoning,0.4582703447539809,Power
2021-08-04,Liaoning,0.4617672911715208,Power
2021-08-05,Liaoning,0.45147969324915094,Power
2021-08-06,Liaoning,0.4630046722115734,Power
2021-08-07,Liaoning,0.4605328989745601,Power
2021-08-08,Liaoning,0.4471578261382426,Power
2021-08-09,Liaoning,0.47514535285093035,Power
2021-08-10,Liaoning,0.47987669146543094,Power
2021-08-11,Liaoning,0.4704110253933376,Power
2021-08-12,Liaoning,0.46135781966792855,Power
2021-08-13,Liaoning,0.4555953301867173,Power
2021-08-14,Liaoning,0.4304890482146352,Power
2021-08-15,Liaoning,0.416085813354699,Power
2021-08-16,Liaoning,0.4261701699468186,Power
2021-08-17,Liaoning,0.4306952783879772,Power
2021-08-18,Liaoning,0.42678587162375303,Power
2021-08-19,Liaoning,0.42699210179709507,Power
2021-08-20,Liaoning,0.42678587162375303,Power
2021-08-21,Liaoning,0.42390462688314745,Power
2021-08-22,Liaoning,0.42308269503287094,Power
2021-08-23,Liaoning,0.4348109153255436,Power
2021-08-24,Liaoning,0.4430421892006762,Power
2021-08-25,Liaoning,0.45127346307580884,Power
2021-08-26,Liaoning,0.44736405631158466,Power
2021-08-27,Liaoning,0.44139533665703135,Power
2021-08-28,Liaoning,0.43419521364860925,Power
2021-08-29,Liaoning,0.42390462688314745,Power
2021-08-30,Liaoning,0.42884518451408216,Power
2021-08-31,Liaoning,0.43563583601891204,Power
2021-08-01,Chongqing,0.11303697392683795,Power
2021-08-02,Chongqing,0.11572183051129008,Power
2021-08-03,Chongqing,0.11724893350164922,Power
2021-08-04,Chongqing,0.11814363079695224,Power
2021-08-05,Chongqing,0.11551153841196671,Power
2021-08-06,Chongqing,0.11846021599375177,Power
2021-08-07,Chongqing,0.1178278102986957,Power
2021-08-08,Chongqing,0.11440578431879732,Power
2021-08-09,Chongqing,0.12156642147539364,Power
2021-08-10,Chongqing,0.1227769392689532,Power
2021-08-11,Chongqing,0.12035513898329103,Power
2021-08-12,Chongqing,0.11803886709656206,Power
2021-08-13,Chongqing,0.11656452830566952,Power
2021-08-14,Chongqing,0.11014106054451948,Power
2021-08-15,Chongqing,0.10645597826583114,Power
2021-08-16,Chongqing,0.10903607114989305,Power
2021-08-17,Chongqing,0.11019382474398605,Power
2021-08-18,Chongqing,0.10919359904974985,Power
2021-08-19,Chongqing,0.10924636324921642,Power
2021-08-20,Chongqing,0.10919359904974985,Power
2021-08-21,Chongqing,0.10845642965430358,Power
2021-08-22,Chongqing,0.10824613755498022,Power
2021-08-23,Chongqing,0.11124681463768889,Power
2021-08-24,Chongqing,0.1133527944250945,Power
2021-08-25,Chongqing,0.11545877421250011,Power
2021-08-26,Chongqing,0.1144585485182639,Power
2021-08-27,Chongqing,0.11293144552790478,Power
2021-08-28,Chongqing,0.11108928673783211,Power
2021-08-29,Chongqing,0.10845642965430358,Power
2021-08-30,Chongqing,0.10972047634587274,Power
2021-08-31,Chongqing,0.11145787143555524,Power
2021-08-01,Shaanxi,0.5192781570625187,Power
2021-08-02,Shaanxi,0.5316120627813133,Power
2021-08-03,Shaanxi,0.5386273888196025,Power
2021-08-04,Shaanxi,0.5427375197483947,Power
2021-08-05,Shaanxi,0.5306460063664262,Power
2021-08-06,Shaanxi,0.5441918737693519,Power
2021-08-07,Shaanxi,0.5412866786598551,Power
2021-08-08,Shaanxi,0.5255663060903292,Power
2021-08-09,Shaanxi,0.5584614052503385,Power
2021-08-10,Shaanxi,0.5640223772676702,Power
2021-08-11,Shaanxi,0.5528969203005889,Power
2021-08-12,Shaanxi,0.54225624800716,Power
2021-08-13,Shaanxi,0.5354833143056972,Power
2021-08-14,Shaanxi,0.5059746819964193,Power
2021-08-15,Shaanxi,0.4890458606751799,Power
2021-08-16,Shaanxi,0.5008984946527398,Power
2021-08-17,Shaanxi,0.5062170743332454,Power
2021-08-18,Shaanxi,0.5016221587308007,Power
2021-08-19,Shaanxi,0.5018645510676268,Power
2021-08-20,Shaanxi,0.5016221587308007,Power
2021-08-21,Shaanxi,0.49823569188006933,Power
2021-08-22,Shaanxi,0.49726963546518227,Power
2021-08-23,Shaanxi,0.5110543822725164,Power
2021-08-24,Shaanxi,0.5207289981510581,Power
2021-08-25,Shaanxi,0.5304036140296,Power
2021-08-26,Shaanxi,0.5258086984271553,Power
2021-08-27,Shaanxi,0.5187933723888662,Power
2021-08-28,Shaanxi,0.5103307181944555,Power
2021-08-29,Shaanxi,0.49823569188006933,Power
2021-08-30,Shaanxi,0.504042569166645,Power
2021-08-31,Shaanxi,0.5120239516198213,Power
2021-08-01,Qinghai,0.05068966633186017,Power
2021-08-02,Qinghai,0.05189364835373261,Power
2021-08-03,Qinghai,0.052578453850081024,Power
2021-08-04,Qinghai,0.05297966688499721,Power
2021-08-05,Qinghai,0.05179934614467111,Power
2021-08-06,Qinghai,0.05312163457427524,Power
2021-08-07,Qinghai,0.05283804211284303,Power
2021-08-08,Qinghai,0.05130348798356957,Power
2021-08-09,Qinghai,0.05451456393139453,Power
2021-08-10,Qinghai,0.05505740173846489,Power
2021-08-11,Qinghai,0.053971383207200296,Power
2021-08-12,Qinghai,0.052932687239028386,Power
2021-08-13,Qinghai,0.05227154302422632,Power
2021-08-14,Qinghai,0.049391039183802395,Power
2021-08-15,Qinghai,0.04773852156392109,Power
2021-08-16,Qinghai,0.048895523939824694,Power
2021-08-17,Qinghai,0.049414700465348724,Power
2021-08-18,Qinghai,0.04896616486733986,Power
2021-08-19,Qinghai,0.048989826148886195,Power
2021-08-20,Qinghai,0.04896616486733986,Power
2021-08-21,Qinghai,0.048635592759938825,Power
2021-08-22,Qinghai,0.04854129055087733,Power
2021-08-23,Qinghai,0.049886897344903945,Power
2021-08-24,Qinghai,0.05083129110401435,Power
2021-08-25,Qinghai,0.05177568486312477,Power
2021-08-26,Qinghai,0.051327149265115904,Power
2021-08-27,Qinghai,0.0506423437687675,Power
2021-08-28,Qinghai,0.049816256417388786,Power
2021-08-29,Qinghai,0.048635592759938825,Power
2021-08-30,Qinghai,0.04920243476567939,Power
2021-08-31,Qinghai,0.0499815424710893,Power
2021-08-01,Heilongjiang,0.18909381818033172,Power
2021-08-02,Heilongjiang,0.1935851785307004,Power
2021-08-03,Heilongjiang,0.19613979163798786,Power
2021-08-04,Heilongjiang,0.19763648534631348,Power
2021-08-05,Heilongjiang,0.19323339154797428,Power
2021-08-06,Heilongjiang,0.19816608465849023,Power
2021-08-07,Heilongjiang,0.19710816525952846,Power
2021-08-08,Heilongjiang,0.19138363163153083,Power
2021-08-09,Heilongjiang,0.20336229819970286,Power
2021-08-10,Heilongjiang,0.20538731199481353,Power
2021-08-11,Heilongjiang,0.20133600517920044,Power
2021-08-12,Heilongjiang,0.1974612314676463,Power
2021-08-13,Heilongjiang,0.1949948849123883,Power
2021-08-14,Heilongjiang,0.18424939162184525,Power
2021-08-15,Heilongjiang,0.17808480445909203,Power
2021-08-16,Heilongjiang,0.18240091093079347,Power
2021-08-17,Heilongjiang,0.18433765817387468,Power
2021-08-18,Heilongjiang,0.18266443136149013,Power
2021-08-19,Heilongjiang,0.18275269791351959,Power
2021-08-20,Heilongjiang,0.18266443136149013,Power
2021-08-21,Heilongjiang,0.18143125808386115,Power
2021-08-22,Heilongjiang,0.18107947110113504,Power
2021-08-23,Heilongjiang,0.18609915153828874,Power
2021-08-24,Heilongjiang,0.18962213826711677,Power
2021-08-25,Heilongjiang,0.1931451249959448,Power
2021-08-26,Heilongjiang,0.19147189818356025,Power
2021-08-27,Heilongjiang,0.18891728507627284,Power
2021-08-28,Heilongjiang,0.1858356311075921,Power
2021-08-29,Heilongjiang,0.18143125808386115,Power
2021-08-30,Heilongjiang,0.18354581765639302,Power
2021-08-31,Heilongjiang,0.18645221774640658,Power
2021-09-01,Shanghai,0.13065068653659848,Power
2021-09-02,Shanghai,0.13275915041643627,Power
2021-09-03,Shanghai,0.13071065121406772,Power
2021-09-04,Shanghai,0.12745844929485325,Power
2021-09-05,Shanghai,0.12709689756305342,Power
2021-09-06,Shanghai,0.12896373906602981,Power
2021-09-07,Shanghai,0.12583234833524606,Power
2021-09-08,Shanghai,0.12529002073754625,Power
2021-09-09,Shanghai,0.12426621205310806,Power
2021-09-10,Shanghai,0.1253499854150155,Power
2021-09-11,Shanghai,0.12197697230737034,Power
2021-09-12,Shanghai,0.1154108401244878,Power
2021-09-13,Shanghai,0.1134231874330807,Power
2021-09-14,Shanghai,0.11824240746792533,Power
2021-09-15,Shanghai,0.11444699611751889,Power
2021-09-16,Shanghai,0.1152909107695493,Power
2021-09-17,Shanghai,0.11480854784931874,Power
2021-09-18,Shanghai,0.11679620054072586,Power
2021-09-19,Shanghai,0.11727856346095641,Power
2021-09-20,Shanghai,0.11288085983538089,Power
2021-09-21,Shanghai,0.10402636974025281,Power
2021-09-22,Shanghai,0.11083324246650454,Power
2021-09-23,Shanghai,0.11456780730594958,Power
2021-09-24,Shanghai,0.11523006425858785,Power
2021-09-25,Shanghai,0.11438703144004964,Power
2021-09-26,Shanghai,0.11324241156718076,Power
2021-09-27,Shanghai,0.11318244688971152,Power
2021-09-28,Shanghai,0.11402547970824976,Power
2021-09-29,Shanghai,0.11517009958111861,Power
2021-09-30,Shanghai,0.11486939436028018,Power
2021-09-01,Yunnan,0.06918801439658485,Power
2021-09-02,Yunnan,0.0703045828061357,Power
2021-09-03,Yunnan,0.06921976958347296,Power
2021-09-04,Yunnan,0.06749751768283577,Power
2021-09-05,Yunnan,0.06730605258542222,Power
2021-09-06,Yunnan,0.0682946662713357,Power
2021-09-07,Yunnan,0.06663639173251718,Power
2021-09-08,Yunnan,0.06634919408639682,Power
2021-09-09,Yunnan,0.06580702096908668,Power
2021-09-10,Yunnan,0.06638094927328493,Power
2021-09-11,Yunnan,0.06459472001082905,Power
2021-09-12,Yunnan,0.061117527046581625,Power
2021-09-13,Yunnan,0.06006493599884946,Power
2021-09-14,Yunnan,0.06261702565095961,Power
2021-09-15,Yunnan,0.0606071091161596,Power
2021-09-16,Yunnan,0.06105401667280541,Power
2021-09-17,Yunnan,0.06079857421357316,Power
2021-09-18,Yunnan,0.06185116526130533,Power
2021-09-19,Yunnan,0.06210660772053759,Power
2021-09-20,Yunnan,0.0597777383527291,Power
2021-09-21,Yunnan,0.05508871141826651,Power
2021-09-22,Yunnan,0.05869339211810883,Power
2021-09-23,Yunnan,0.06067108647797828,Power
2021-09-24,Yunnan,0.061021794497874836,Power
2021-09-25,Yunnan,0.0605753539292715,Power
2021-09-26,Yunnan,0.05996920345014268,Power
2021-09-27,Yunnan,0.05993744826325457,Power
2021-09-28,Yunnan,0.060383888831857926,Power
2021-09-29,Yunnan,0.06099003931098673,Power
2021-09-30,Yunnan,0.060830796388503736,Power
2021-09-01,InnerMongolia,1.376977156303531,Power
2021-09-02,InnerMongolia,1.3991990571169988,Power
2021-09-03,InnerMongolia,1.3776091467909066,Power
2021-09-04,InnerMongolia,1.343332956828519,Power
2021-09-05,InnerMongolia,1.3395224259487528,Power
2021-09-06,InnerMongolia,1.3591977768572057,Power
2021-09-07,InnerMongolia,1.3261948618473256,Power
2021-09-08,InnerMongolia,1.3204790655276757,Power
2021-09-09,InnerMongolia,1.3096887573535074,Power
2021-09-10,InnerMongolia,1.3211110560150516,Power
2021-09-11,InnerMongolia,1.2855615911001566,Power
2021-09-12,InnerMongolia,1.2163586327324944,Power
2021-09-13,InnerMongolia,1.1954100068715343,Power
2021-09-14,InnerMongolia,1.2462015953054952,Power
2021-09-15,InnerMongolia,1.2062003150457024,Power
2021-09-16,InnerMongolia,1.2150946517577426,Power
2021-09-17,InnerMongolia,1.2100108459254688,Power
2021-09-18,InnerMongolia,1.2309594717864292,Power
2021-09-19,InnerMongolia,1.2360432776187031,Power
2021-09-20,InnerMongolia,1.1896942105518844,Power
2021-09-21,InnerMongolia,1.0963733799086268,Power
2021-09-22,InnerMongolia,1.168113594203548,Power
2021-09-23,InnerMongolia,1.2074735899982099,Power
2021-09-24,InnerMongolia,1.2144533672926112,Power
2021-09-25,InnerMongolia,1.2055683245583264,Power
2021-09-26,InnerMongolia,1.1935047414316509,Power
2021-09-27,InnerMongolia,1.1928727509442751,Power
2021-09-28,InnerMongolia,1.20175779367856,Power
2021-09-29,InnerMongolia,1.2138213768052353,Power
2021-09-30,InnerMongolia,1.2106521303906002,Power
2021-09-01,Beijing,0.07146002608231136,Power
2021-09-02,Beijing,0.07261326061816369,Power
2021-09-03,Beijing,0.07149282405321808,Power
2021-09-04,Beijing,0.06971401645463034,Power
2021-09-05,Beijing,0.06951626398298691,Power
2021-09-06,Beijing,0.07053734198900921,Power
2021-09-07,Beijing,0.06882461265533646,Power
2021-09-08,Beijing,0.06852798394787131,Power
2021-09-09,Beijing,0.0679680068269493,Power
2021-09-10,Beijing,0.06856078191877803,Power
2021-09-11,Beijing,0.06671589605527527,Power
2021-09-12,Beijing,0.06312451824098991,Power
2021-09-13,Beijing,0.06203736197005261,Power
2021-09-14,Beijing,0.06467325772012908,Power
2021-09-15,Beijing,0.06259733909097462,Power
2021-09-16,Beijing,0.06305892229917648,Power
2021-09-17,Beijing,0.06279509156261805,Power
2021-09-18,Beijing,0.06388224783355537,Power
2021-09-19,Beijing,0.0641460785701138,Power
2021-09-20,Beijing,0.06174073326258746,Power
2021-09-21,Beijing,0.056897726999729635,Power
2021-09-22,Beijing,0.06062077902074343,Power
2021-09-23,Beijing,0.06266341735588962,Power
2021-09-24,Beijing,0.06302564200516819,Power
2021-09-25,Beijing,0.0625645411200679,Power
2021-09-26,Beijing,0.061938485734230886,Power
2021-09-27,Beijing,0.061905687763324176,Power
2021-09-28,Beijing,0.06236678864842447,Power
2021-09-29,Beijing,0.06299284403426147,Power
2021-09-30,Beijing,0.06282837185662633,Power
2021-09-01,Jilin,0.1388592664990159,Power
2021-09-02,Jilin,0.1411002018936564,Power
2021-09-03,Jilin,0.13892299866414995,Power
2021-09-04,Jilin,0.13546646594334938,Power
2021-09-05,Jilin,0.1350821984770999,Power
2021-09-06,Jilin,0.137066330735759,Power
2021-09-07,Jilin,0.13373819958294914,Power
2021-09-08,Jilin,0.13316179838357484,Power
2021-09-09,Jilin,0.1320736653876829,Power
2021-09-10,Jilin,0.1332255305487089,Power
2021-09-11,Jilin,0.12964059625991764,Power
2021-09-12,Jilin,0.12266192417773732,Power
2021-09-13,Jilin,0.12054939035108751,Power
2021-09-14,Jilin,0.12567139450487685,Power
2021-09-15,Jilin,0.12163752334697946,Power
2021-09-16,Jilin,0.12253445984746918,Power
2021-09-17,Jilin,0.12202179081322896,Power
2021-09-18,Jilin,0.12413432463987878,Power
2021-09-19,Jilin,0.12464699367411901,Power
2021-09-20,Jilin,0.11997298915171323,Power
2021-09-21,Jilin,0.11056218517949021,Power
2021-09-22,Jilin,0.11779672315992935,Power
2021-09-23,Jilin,0.12176592491497015,Power
2021-09-24,Jilin,0.12246979044461255,Power
2021-09-25,Jilin,0.1215737911818454,Power
2021-09-26,Jilin,0.12035725661796276,Power
2021-09-27,Jilin,0.12029352445282869,Power
2021-09-28,Jilin,0.12118952371559587,Power
2021-09-29,Jilin,0.12240605827947848,Power
2021-09-30,Jilin,0.12208646021608559,Power
2021-09-01,Sichuan,0.08731911992127335,Power
2021-09-02,Sichuan,0.08872829131756492,Power
2021-09-03,Sichuan,0.08735919673220928,Power
2021-09-04,Sichuan,0.0851856191038014,Power
2021-09-05,Sichuan,0.08494397950845238,Power
2021-09-06,Sichuan,0.08619166493126677,Power
2021-09-07,Sichuan,0.08409883028959746,Power
2021-09-08,Sichuan,0.0837363708965739,Power
2021-09-09,Sichuan,0.08305211828632944,Power
2021-09-10,Sichuan,0.08377644770750985,Power
2021-09-11,Sichuan,0.08152212709236338,Power
2021-09-12,Sichuan,0.07713371629487825,Power
2021-09-13,Sichuan,0.07580528788532527,Power
2021-09-14,Sichuan,0.07902616688186787,Power
2021-09-15,Sichuan,0.07648954049556973,Power
2021-09-16,Sichuan,0.07705356267300638,Power
2021-09-17,Sichuan,0.07673118009091875,Power
2021-09-18,Sichuan,0.07805960850047175,Power
2021-09-19,Sichuan,0.07838199108255936,Power
2021-09-20,Sichuan,0.07544282849230172,Power
2021-09-21,Sichuan,0.06952501586571723,Power
2021-09-22,Sichuan,0.0740743232718128,Power
2021-09-23,Sichuan,0.07657028348230832,Power
2021-09-24,Sichuan,0.07701289649720373,Power
2021-09-25,Sichuan,0.0764494636846338,Power
2021-09-26,Sichuan,0.07568446808765075,Power
2021-09-27,Sichuan,0.07564439127671482,Power
2021-09-28,Sichuan,0.07620782408928477,Power
2021-09-29,Sichuan,0.07697281968626779,Power
2021-09-30,Sichuan,0.0767718462667214,Power
2021-09-01,Tianjin,0.1912676807265022,Power
2021-09-02,Tianjin,0.1943543923763427,Power
2021-09-03,Tianjin,0.1913554667541848,Power
2021-09-04,Tianjin,0.1865943657233978,Power
2021-09-05,Tianjin,0.18606506761531144,Power
2021-09-06,Tianjin,0.18879805321243073,Power
2021-09-07,Tianjin,0.18421381520800434,Power
2021-09-08,Tianjin,0.1834198680458747,Power
2021-09-09,Tianjin,0.18192105072029344,Power
2021-09-10,Tianjin,0.18350765407355732,Power
2021-09-11,Tianjin,0.17856969001640977,Power
2021-09-12,Tianjin,0.16895711998516247,Power
2021-09-13,Tianjin,0.16604727136168257,Power
2021-09-14,Tianjin,0.17310242785117577,Power
2021-09-15,Tianjin,0.16754608868726384,Power
2021-09-16,Tianjin,0.16878154792979722,Power
2021-09-17,Tianjin,0.16807538679535022,Power
2021-09-18,Tianjin,0.17098523541883015,Power
2021-09-19,Tianjin,0.17169139655327714,Power
2021-09-20,Tianjin,0.16525332419955296,Power
2021-09-21,Tianjin,0.1522906844354173,Power
2021-09-22,Tianjin,0.16225568954839042,Power
2021-09-23,Tianjin,0.16772295171362442,Power
2021-09-24,Tianjin,0.16869247093111925,Power
2021-09-25,Tianjin,0.16745830265958123,Power
2021-09-26,Tianjin,0.16578262230763938,Power
2021-09-27,Tianjin,0.16569483627995674,Power
2021-09-28,Tianjin,0.16692900455149481,Power
2021-09-29,Tianjin,0.16860468490343664,Power
2021-09-30,Tianjin,0.1681644637940282,Power
2021-09-01,Ningxia,0.2661160899639456,Power
2021-09-02,Ningxia,0.27041071847610015,Power
2021-09-03,Ningxia,0.2662382291269847,Power
2021-09-04,Ningxia,0.25961397569627537,Power
2021-09-05,Ningxia,0.25887754838971605,Power
2021-09-06,Ningxia,0.2626800279213895,Power
2021-09-07,Ningxia,0.25630184898092073,Power
2021-09-08,Ningxia,0.2551972080210817,Power
2021-09-09,Ningxia,0.25311186142860514,Power
2021-09-10,Ningxia,0.2553193471841208,Power
2021-09-11,Ningxia,0.24844901926317095,Power
2021-09-12,Ningxia,0.23507478091038853,Power
2021-09-13,Ningxia,0.23102622688847455,Power
2021-09-14,Ningxia,0.24084226403566172,Power
2021-09-15,Ningxia,0.2331115734809511,Power
2021-09-16,Ningxia,0.2348305025843103,Power
2021-09-17,Ningxia,0.2338480007875104,Power
2021-09-18,Ningxia,0.23789655480942443,Power
2021-09-19,Ningxia,0.23887905660622433,Power
2021-09-20,Ningxia,0.22992158592863554,Power
2021-09-21,Ningxia,0.21188630157458122,Power
2021-09-22,Ningxia,0.22575089274368243,Power
2021-09-23,Ningxia,0.23335764797119168,Power
2021-09-24,Ningxia,0.23470656725710884,Power
2021-09-25,Ningxia,0.232989434317912,Power
2021-09-26,Ningxia,0.2306580132351949,Power
2021-09-27,Ningxia,0.23053587407215576,Power
2021-09-28,Ningxia,0.23225300701135265,Power
2021-09-29,Ningxia,0.23458442809406974,Power
2021-09-30,Ningxia,0.23397193611471184,Power
2021-09-01,Anhui,0.6561105032312744,Power
2021-09-02,Anhui,0.6666989305401337,Power
2021-09-03,Anhui,0.6564116379268002,Power
2021-09-04,Anhui,0.6400795091459249,Power
2021-09-05,Anhui,0.63826384406996,Power
2021-09-06,Anhui,0.647638875693906,Power
2021-09-07,Anhui,0.6319134447554873,Power
2021-09-08,Anhui,0.6291899471415398,Power
2021-09-09,Anhui,0.6240485150605753,Power
2021-09-10,Anhui,0.6294910818370656,Power
2021-09-11,Anhui,0.6125522552137336,Power
2021-09-12,Anhui,0.5795780060536473,Power
2021-09-13,Anhui,0.5695962765872447,Power
2021-09-14,Anhui,0.5937977635144366,Power
2021-09-15,Anhui,0.574737708668209,Power
2021-09-16,Anhui,0.5789757366625955,Power
2021-09-17,Anhui,0.5765533737441738,Power
2021-09-18,Anhui,0.5865351032105767,Power
2021-09-19,Anhui,0.5889574661289982,Power
2021-09-20,Anhui,0.5668727789732971,Power
2021-09-21,Anhui,0.5224066984177738,Power
2021-09-22,Anhui,0.5565899148113684,Power
2021-09-23,Anhui,0.5753444065106655,Power
2021-09-24,Anhui,0.5786701735156647,Power
2021-09-25,Anhui,0.5744365739726831,Power
2021-09-26,Anhui,0.5686884440492621,Power
2021-09-27,Anhui,0.5683873093537362,Power
2021-09-28,Anhui,0.572620908896718,Power
2021-09-29,Anhui,0.5783690388201389,Power
2021-09-30,Anhui,0.5768589368911046,Power
2021-09-01,Shandong,1.370585228499035,Power
2021-09-02,Shandong,1.3927039752514292,Power
2021-09-03,Shandong,1.3712142852866396,Power
2021-09-04,Shandong,1.3370972053941976,Power
2021-09-05,Shandong,1.333304362998346,Power
2021-09-06,Shandong,1.3528883809300976,Power
2021-09-07,Shandong,1.3200386654479768,Power
2021-09-08,Shandong,1.314349401854199,Power
2021-09-09,Shandong,1.30360918228936,Power
2021-09-10,Shandong,1.3149784586418036,Power
2021-09-11,Shandong,1.2795940143390403,Power
2021-09-12,Shandong,1.2107122960963277,Power
2021-09-13,Shandong,1.189860913754255,Power
2021-09-14,Shandong,1.2404167276404252,Power
2021-09-15,Shandong,1.2006011333190938,Power
2021-09-16,Shandong,1.2094541825211182,Power
2021-09-17,Shandong,1.2043939757149453,Power
2021-09-18,Shandong,1.2252453580570184,Power
2021-09-19,Shandong,1.2303055648631913,Power
2021-09-20,Shandong,1.1841716501604773,Power
2021-09-21,Shandong,1.0912840148025567,Power
2021-09-22,Shandong,1.1626912110307999,Power
2021-09-23,Shandong,1.201868497729415,Power
2021-09-24,Shandong,1.2088158748984017,Power
2021-09-25,Shandong,1.1999720765314892,Power
2021-09-26,Shandong,1.187964492556329,Power
2021-09-27,Shandong,1.1873354357687245,Power
2021-09-28,Shandong,1.1961792341356374,Power
2021-09-29,Shandong,1.208186818110797,Power
2021-09-30,Shandong,1.2050322833376619,Power
2021-09-01,Shanxi,0.7466718911530837,Power
2021-09-02,Shanxi,0.7587218141524967,Power
2021-09-03,Shanxi,0.747014590761599,Power
2021-09-04,Shanxi,0.7284281766997692,Power
2021-09-05,Shanxi,0.7263618996484271,Power
2021-09-06,Shanxi,0.7370309448135284,Power
2021-09-07,Shanxi,0.7191349696688545,Power
2021-09-08,Shanxi,0.716035554091841,Power
2021-09-09,Shanxi,0.7101844622464548,Power
2021-09-10,Shanxi,0.7163782537003563,Power
2021-09-11,Shanxi,0.6971014007213708,Power
2021-09-12,Shanxi,0.6595757935889455,Power
2021-09-13,Shanxi,0.6482163095066884,Power
2021-09-14,Shanxi,0.675758270691043,Power
2021-09-15,Shanxi,0.6540674013520748,Power
2021-09-16,Shanxi,0.6588903943719149,Power
2021-09-17,Shanxi,0.6561336784034169,Power
2021-09-18,Shanxi,0.667493162485674,Power
2021-09-19,Shanxi,0.6702498784541722,Power
2021-09-20,Shanxi,0.6451168939296751,Power
2021-09-21,Shanxi,0.594513264972291,Power
2021-09-22,Shanxi,0.6334147102389026,Power
2021-09-23,Shanxi,0.6547578402692306,Power
2021-09-24,Shanxi,0.6585426550632744,Power
2021-09-25,Shanxi,0.6537247017435595,Power
2021-09-26,Shanxi,0.6471831709810173,Power
2021-09-27,Shanxi,0.646840471372502,Power
2021-09-28,Shanxi,0.6516584246922171,Power
2021-09-29,Shanxi,0.6581999554547591,Power
2021-09-30,Shanxi,0.6564814177120574,Power
2021-09-01,Guangdong,0.8494742879295494,Power
2021-09-02,Guangdong,0.8631832541847605,Power
2021-09-03,Guangdong,0.8498641707005048,Power
2021-09-04,Guangdong,0.8287187639463357,Power
2021-09-05,Guangdong,0.8263680001802812,Power
2021-09-06,Guangdong,0.8385059682113484,Power
2021-09-07,Guangdong,0.8181460605692513,Power
2021-09-08,Guangdong,0.8146199149201694,Power
2021-09-09,Guangdong,0.807963239963122,Power
2021-09-10,Guangdong,0.8150097976911248,Power
2021-09-11,Guangdong,0.7930788918248838,Power
2021-09-12,Guangdong,0.7503867284052681,Power
2021-09-13,Guangdong,0.737463261262129,Power
2021-09-14,Guangdong,0.7687972221925883,Power
2021-09-15,Guangdong,0.7441199362191764,Power
2021-09-16,Guangdong,0.7496069628633573,Power
2021-09-17,Guangdong,0.7464706999852307,Power
2021-09-18,Guangdong,0.7593941671283699,Power
2021-09-19,Guangdong,0.7625304300064966,Power
2021-09-20,Guangdong,0.7339371156130471,Power
2021-09-21,Guangdong,0.6763663376253541,Power
2021-09-22,Guangdong,0.7206237656989526,Power
2021-09-23,Guangdong,0.7449054353312482,Power
2021-09-24,Guangdong,0.7492113465222408,Power
2021-09-25,Guangdong,0.743730053448221,Power
2021-09-26,Guangdong,0.7362878793791018,Power
2021-09-27,Guangdong,0.7358979966081464,Power
2021-09-28,Guangdong,0.7413792896821664,Power
2021-09-29,Guangdong,0.7488214637512854,Power
2021-09-30,Guangdong,0.7468663163263473,Power
2021-09-01,Guangxi,0.26351695836938915,Power
2021-09-02,Guangxi,0.26776964163631506,Power
2021-09-03,Guangxi,0.26363790461035563,Power
2021-09-04,Guangxi,0.25707834965911236,Power
2021-09-05,Guangxi,0.2563491149709319,Power
2021-09-06,Guangxi,0.26011445603161026,Power
2021-09-07,Guangxi,0.2537985721834907,Power
2021-09-08,Guangxi,0.2527047201512199,Power
2021-09-09,Guangxi,0.25063974094883557,Power
2021-09-10,Guangxi,0.25282566639218645,Power
2021-09-11,Guangxi,0.2460224403378194,Power
2021-09-12,Guangxi,0.23277882695198487,Power
2021-09-13,Guangxi,0.2287698147881827,Power
2021-09-14,Guangxi,0.23848997959527182,Power
2021-09-15,Guangxi,0.23083479399056708,Power
2021-09-16,Guangxi,0.23253693447005183,Power
2021-09-17,Guangxi,0.23156402867874756,Power
2021-09-18,Guangxi,0.23557304084254976,Power
2021-09-19,Guangxi,0.23654594663385403,Power
2021-09-20,Guangxi,0.22767596275591193,Power
2021-09-21,Guangxi,0.2098168273802519,Power
2021-09-22,Guangxi,0.22354600435114322,Power
2021-09-23,Guangxi,0.23107846509369082,Power
2021-09-24,Guangxi,0.2324142096078946,Power
2021-09-25,Guangxi,0.23071384774960055,Power
2021-09-26,Guangxi,0.22840519744409246,Power
2021-09-27,Guangxi,0.22828425120312593,Power
2021-09-28,Guangxi,0.22998461306142004,Power
2021-09-29,Guangxi,0.23229326336692807,Power
2021-09-30,Guangxi,0.23168675354090476,Power
2021-09-01,Xinjiang,0.7992078749660806,Power
2021-09-02,Xinjiang,0.8121056329612204,Power
2021-09-03,Xinjiang,0.7995746869876906,Power
2021-09-04,Xinjiang,0.7796805291097839,Power
2021-09-05,Xinjiang,0.7774688683912532,Power
2021-09-06,Xinjiang,0.7888885897110819,Power
2021-09-07,Xinjiang,0.7697334501708306,Power
2021-09-08,Xinjiang,0.7664159590930343,Power
2021-09-09,Xinjiang,0.7601531832534871,Power
2021-09-10,Xinjiang,0.7667827711146443,Power
2021-09-11,Xinjiang,0.7461495948990822,Power
2021-09-12,Xinjiang,0.7059836785327878,Power
2021-09-13,Xinjiang,0.6938249388753036,Power
2021-09-14,Xinjiang,0.7233047579649892,Power
2021-09-15,Xinjiang,0.7000877147148508,Power
2021-09-16,Xinjiang,0.7052500544895678,Power
2021-09-17,Xinjiang,0.7022993754333815,Power
2021-09-18,Xinjiang,0.7144581150908658,Power
2021-09-19,Xinjiang,0.7174087941470522,Power
2021-09-20,Xinjiang,0.6905074477975074,Power
2021-09-21,Xinjiang,0.6363433373712434,Power
2021-09-22,Xinjiang,0.6779818961184131,Power
2021-09-23,Xinjiang,0.7008267330525062,Power
2021-09-24,Xinjiang,0.7048778481735224,Power
2021-09-25,Xinjiang,0.6997209026932408,Power
2021-09-26,Xinjiang,0.6927191085160382,Power
2021-09-27,Xinjiang,0.6923522964944282,Power
2021-09-28,Xinjiang,0.69750924197471,Power
2021-09-29,Xinjiang,0.7045110361519124,Power
2021-09-30,Xinjiang,0.702671581749427,Power
2021-09-01,Jiangsu,1.0415049214031746,Power
2021-09-02,Jiangsu,1.058312911974558,Power
2021-09-03,Jiangsu,1.0419829403738372,Power
2021-09-04,Jiangsu,1.0160574409061411,Power
2021-09-05,Jiangsu,1.0131752677006762,Power
2021-09-06,Jiangsu,1.0280571230079192,Power
2021-09-07,Jiangsu,1.003094691172293,Power
2021-09-08,Jiangsu,0.9987714313640955,Power
2021-09-09,Jiangsu,0.9906099604091075,Power
2021-09-10,Jiangsu,0.999249450334758,Power
2021-09-11,Jiangsu,0.9723608832349919,Power
2021-09-12,Jiangsu,0.9200178059474472,Power
2021-09-13,Jiangsu,0.9041728830081341,Power
2021-09-14,Jiangsu,0.9425901429297606,Power
2021-09-15,Jiangsu,0.912334353963122,Power
2021-09-16,Jiangsu,0.9190617680061223,Power
2021-09-17,Jiangsu,0.915216527168587,Power
2021-09-18,Jiangsu,0.9310614501079003,Power
2021-09-19,Jiangsu,0.9349066909454354,Power
2021-09-20,Jiangsu,0.8998496231999364,Power
2021-09-21,Jiangsu,0.8292644984290211,Power
2021-09-22,Jiangsu,0.8835266812899608,Power
2021-09-23,Jiangsu,0.9132974215951921,Power
2021-09-24,Jiangsu,0.9185767193447146,Power
2021-09-25,Jiangsu,0.9118563349924595,Power
2021-09-26,Jiangsu,0.9027317964054016,Power
2021-09-27,Jiangsu,0.9022537774347391,Power
2021-09-28,Jiangsu,0.9089741617869944,Power
2021-09-29,Jiangsu,0.9180987003740522,Power
2021-09-30,Jiangsu,0.9157015758299946,Power
2021-09-01,Jiangxi,0.2455443875481391,Power
2021-09-02,Jiangxi,0.24950702628939914,Power
2021-09-03,Jiangxi,0.24565708492764793,Power
2021-09-04,Jiangxi,0.2395449094036969,Power
2021-09-05,Jiangxi,0.23886541049783472,Power
2021-09-06,Jiangxi,0.2423739450922502,Power
2021-09-07,Jiangxi,0.23648882164172141,Power
2021-09-08,Jiangxi,0.23546957328292806,Power
2021-09-09,Jiangxi,0.23354543125925475,Power
2021-09-10,Jiangxi,0.23558227066243692,Power
2021-09-11,Jiangxi,0.22924304306506363,Power
2021-09-12,Jiangxi,0.2169026800088436,Power
2021-09-13,Jiangxi,0.2131670933410059,Power
2021-09-14,Jiangxi,0.2222243165618281,Power
2021-09-15,Jiangxi,0.2150912353646792,Power
2021-09-16,Jiangxi,0.2166772852498259,Power
2021-09-17,Jiangxi,0.2157707342705414,Power
2021-09-18,Jiangxi,0.21950632093837918,Power
2021-09-19,Jiangxi,0.22041287191766368,Power
2021-09-20,Jiangxi,0.21214784498221254,Power
2021-09-21,Jiangxi,0.19550675104620593,Power
2021-09-22,Jiangxi,0.2082995609348659,Power
2021-09-23,Jiangxi,0.21531828743810147,Power
2021-09-24,Jiangxi,0.2165629305559125,Power
2021-09-25,Jiangxi,0.21497853798517036,Power
2021-09-26,Jiangxi,0.21282734388807475,Power
2021-09-27,Jiangxi,0.21271464650856592,Power
2021-09-28,Jiangxi,0.2142990390793081,Power
2021-09-29,Jiangxi,0.21645023317640363,Power
2021-09-30,Jiangxi,0.2158850889644548,Power
2021-09-01,Hebei,0.7648137650727219,Power
2021-09-02,Hebei,0.7771564648411374,Power
2021-09-03,Hebei,0.7651647912476497,Power
2021-09-04,Hebei,0.7461267834074508,Power
2021-09-05,Hebei,0.7440103020586218,Power
2021-09-06,Hebei,0.7549385728280635,Power
2021-09-07,Hebei,0.7366077794873513,Power
2021-09-08,Hebei,0.7334330574641077,Power
2021-09-09,Hebei,0.7274398017421796,Power
2021-09-10,Hebei,0.7337840836390355,Power
2021-09-11,Hebei,0.7140388612993497,Power
2021-09-12,Hebei,0.6756014951447614,Power
2021-09-13,Hebei,0.663966009875833,Power
2021-09-14,Hebei,0.6921771576108349,Power
2021-09-15,Hebei,0.6699592655977611,Power
2021-09-16,Hebei,0.674899442794906,Power
2021-09-17,Hebei,0.6720757469465901,Power
2021-09-18,Hebei,0.6837112322155187,Power
2021-09-19,Hebei,0.6865349280638345,Power
2021-09-20,Hebei,0.6607912878525893,Power
2021-09-21,Hebei,0.6089581434048025,Power
2021-09-22,Hebei,0.648804776408733,Power
2021-09-23,Hebei,0.6706664800972479,Power
2021-09-24,Hebei,0.6745432544703469,Power
2021-09-25,Hebei,0.6696082394228334,Power
2021-09-26,Hebei,0.6629077692014184,Power
2021-09-27,Hebei,0.6625567430264907,Power
2021-09-28,Hebei,0.6674917580740043,Power
2021-09-29,Hebei,0.6741922282954191,Power
2021-09-30,Hebei,0.6724319352711491,Power
2021-09-01,Henan,0.5446663259284207,Power
2021-09-02,Henan,0.5534562473993833,Power
2021-09-03,Henan,0.5449163111480048,Power
2021-09-04,Henan,0.5313582892387996,Power
2021-09-05,Henan,0.5298510254148371,Power
2021-09-06,Henan,0.5376336535010049,Power
2021-09-07,Henan,0.524579278284197,Power
2021-09-08,Henan,0.5223183825482531,Power
2021-09-09,Henan,0.5180502525491785,Power
2021-09-10,Henan,0.5225683677678372,Power
2021-09-11,Henan,0.5085066991662348,Power
2021-09-12,Henan,0.4811333176217821,Power
2021-09-13,Henan,0.47284704284321694,Power
2021-09-14,Henan,0.49293776674066975,Power
2021-09-15,Henan,0.4771151728422916,Power
2021-09-16,Henan,0.480633347182614,Power
2021-09-17,Henan,0.4786224366662541,Power
2021-09-18,Henan,0.48690871144481934,Power
2021-09-19,Henan,0.4889196219611793,Power
2021-09-20,Henan,0.47058614710727303,Power
2021-09-21,Henan,0.43367288843310575,Power
2021-09-22,Henan,0.4620498871091238,Power
2021-09-23,Henan,0.4776188195346889,Power
2021-09-24,Henan,0.4803796857098008,Power
2021-09-25,Henan,0.4768651876227076,Power
2021-09-26,Henan,0.47209341093123564,Power
2021-09-27,Henan,0.4718434257116516,Power
2021-09-28,Henan,0.4753579237987449,Power
2021-09-29,Henan,0.48012970049021675,Power
2021-09-30,Henan,0.47887609813906734,Power
2021-09-01,Zhejiang,0.6798772123586638,Power
2021-09-02,Zhejiang,0.6908491910216423,Power
2021-09-03,Zhejiang,0.6801892552482842,Power
2021-09-04,Zhejiang,0.6632655173523978,Power
2021-09-05,Zhejiang,0.6613840822826275,Power
2021-09-06,Zhejiang,0.6710987116550763,Power
2021-09-07,Zhejiang,0.6548036484044546,Power
2021-09-08,Zhejiang,0.6519814957997989,Power
2021-09-09,Zhejiang,0.6466538223461318,Power
2021-09-10,Zhejiang,0.6522935386894193,Power
2021-09-11,Zhejiang,0.634741126148268,Power
2021-09-12,Zhejiang,0.6005724297348269,Power
2021-09-13,Zhejiang,0.5902291257171133,Power
2021-09-14,Zhejiang,0.6153072785373463,Power
2021-09-15,Zhejiang,0.5955567991707804,Power
2021-09-16,Zhejiang,0.5999483439555859,Power
2021-09-17,Zhejiang,0.5974382342405508,Power
2021-09-18,Zhejiang,0.6077815382582645,Power
2021-09-19,Zhejiang,0.6102916479732998,Power
2021-09-20,Zhejiang,0.5874069731124575,Power
2021-09-21,Zhejiang,0.5413301693671765,Power
2021-09-22,Zhejiang,0.5767516262051233,Power
2021-09-23,Zhejiang,0.5961854738160451,Power
2021-09-24,Zhejiang,0.5996317121999417,Power
2021-09-25,Zhejiang,0.5952447562811599,Power
2021-09-26,Zhejiang,0.589288408182228,Power
2021-09-27,Zhejiang,0.5889763652926076,Power
2021-09-28,Zhejiang,0.5933633212113895,Power
2021-09-29,Zhejiang,0.5993196693103212,Power
2021-09-30,Zhejiang,0.5977548659961951,Power
2021-09-01,Hainan,0.06176880564357569,Power
2021-09-02,Hainan,0.06276564155047097,Power
2021-09-03,Hainan,0.06179715564009132,Power
2021-09-04,Hainan,0.0602595852408317,Power
2021-09-05,Hainan,0.06008865143831098,Power
2021-09-06,Hainan,0.06097125353571678,Power
2021-09-07,Hainan,0.05949080004120189,Power
2021-09-08,Hainan,0.0592343993374208,Power
2021-09-09,Hainan,0.05875036483808771,Power
2021-09-10,Hainan,0.05926274933393643,Power
2021-09-11,Hainan,0.05766806202993208,Power
2021-09-12,Hainan,0.05456373741147027,Power
2021-09-13,Hainan,0.05362401840931973,Power
2021-09-14,Hainan,0.055902440923406994,Power
2021-09-15,Hainan,0.05410805290865282,Power
2021-09-16,Hainan,0.05450703741843901,Power
2021-09-17,Hainan,0.054278986711173545,Power
2021-09-18,Hainan,0.05521870571332409,Power
2021-09-19,Hainan,0.05544675642058955,Power
2021-09-20,Hainan,0.05336761770553864,Power
2021-09-21,Hainan,0.04918140719063466,Power
2021-09-22,Hainan,0.05239954870687247,Power
2021-09-23,Hainan,0.05416516981339756,Power
2021-09-24,Hainan,0.054478270510209904,Power
2021-09-25,Hainan,0.05407970291213719,Power
2021-09-26,Hainan,0.05353855150805937,Power
2021-09-27,Hainan,0.05351020151154374,Power
2021-09-28,Hainan,0.053908769109616464,Power
2021-09-29,Hainan,0.054449920513694273,Power
2021-09-30,Hainan,0.05430775361940264,Power
2021-09-01,Hubei,0.30089738348019246,Power
2021-09-02,Hubei,0.30575331865683597,Power
2021-09-03,Hubei,0.3010354861953793,Power
2021-09-04,Hubei,0.2935454448187749,Power
2021-09-05,Hubei,0.2927127666830896,Power
2021-09-06,Hubei,0.29701222915442127,Power
2021-09-07,Hubei,0.2898004241304728,Power
2021-09-08,Hubei,0.28855140692694464,Power
2021-09-09,Hubei,0.28619350615735745,Power
2021-09-10,Hubei,0.2886895096421315,Power
2021-09-11,Hubei,0.28092123191287127,Power
2021-09-12,Hubei,0.26579898459991136,Power
2021-09-13,Hubei,0.2612212857759238,Power
2021-09-14,Hubei,0.27232027604792564,Power
2021-09-15,Hubei,0.26357918654551105,Power
2021-09-16,Hubei,0.2655227791695377,Power
2021-09-17,Hubei,0.26441186468119643,Power
2021-09-18,Hubei,0.26898956350518405,Power
2021-09-19,Hubei,0.2701004779935253,Power
2021-09-20,Hubei,0.2599722685723957,Power
2021-09-21,Hubei,0.23957977793723179,Power
2021-09-22,Hubei,0.25525646703322125,Power
2021-09-23,Hubei,0.26385742289816694,Power
2021-09-24,Hubei,0.2653826455320687,Power
2021-09-25,Hubei,0.2634410838303242,Power
2021-09-26,Hubei,0.26080494670808113,Power
2021-09-27,Hubei,0.26066684399289425,Power
2021-09-28,Hubei,0.2626084056946388,Power
2021-09-29,Hubei,0.2652445428168818,Power
2021-09-30,Hubei,0.26455199831866544,Power
2021-09-01,Hunan,0.282305103494424,Power
2021-09-02,Hunan,0.28686099316933306,Power
2021-09-03,Hunan,0.2824346729205611,Power
2021-09-04,Hunan,0.27540743698536063,Power
2021-09-05,Hunan,0.27462620956306344,Power
2021-09-06,Hunan,0.2786600106679494,Power
2021-09-07,Hunan,0.2718938190177604,Power
2021-09-08,Hunan,0.2707219778843145,Power
2021-09-09,Hunan,0.2685097704762972,Power
2021-09-10,Hunan,0.27085154731045163,Power
2021-09-11,Hunan,0.2635632670902396,Power
2021-09-12,Hunan,0.24937541492822687,Power
2021-09-13,Hunan,0.2450805695383294,Power
2021-09-14,Hunan,0.25549375944773034,Power
2021-09-15,Hunan,0.24729277694634672,Power
2021-09-16,Hunan,0.2491162760759527,Power
2021-09-17,Hunan,0.2480740043686439,Power
2021-09-18,Hunan,0.25236884975854146,Power
2021-09-19,Hunan,0.2534111214658502,Power
2021-09-20,Hunan,0.24390872840488356,Power
2021-09-21,Hunan,0.22477627828955052,Power
2021-09-22,Hunan,0.23948431358884897,Power
2021-09-23,Hunan,0.24755382123135825,Power
2021-09-24,Hunan,0.24898480121707825,Power
2021-09-25,Hunan,0.24716320752020962,Power
2021-09-26,Hunan,0.24468995582718078,Power
2021-09-27,Hunan,0.2445603864010437,Power
2021-09-28,Hunan,0.24638198009791237,Power
2021-09-29,Hunan,0.24885523179094116,Power
2021-09-30,Hunan,0.24820547922751834,Power
2021-09-01,Gansu,0.2114556693355726,Power
2021-09-02,Gansu,0.21486817831504965,Power
2021-09-03,Gansu,0.2115527210338597,Power
2021-09-04,Gansu,0.20628909363264214,Power
2021-09-05,Gansu,0.2057039289812053,Power
2021-09-06,Gansu,0.2087253767058196,Power
2021-09-07,Gansu,0.2036572799320334,Power
2021-09-08,Gansu,0.20277953295487805,Power
2021-09-09,Gansu,0.20112251792971167,Power
2021-09-10,Gansu,0.20287658465316516,Power
2021-09-11,Gansu,0.19741742662451625,Power
2021-09-12,Gansu,0.18679026566207968,Power
2021-09-13,Gansu,0.18357328731003406,Power
2021-09-14,Gansu,0.19137310394443044,Power
2021-09-15,Gansu,0.18523030233520044,Power
2021-09-16,Gansu,0.18659616226550552,Power
2021-09-17,Gansu,0.18581546698663728,Power
2021-09-18,Gansu,0.18903244533868296,Power
2021-09-19,Gansu,0.1898131406175512,Power
2021-09-20,Gansu,0.18269554033287871,Power
2021-09-21,Gansu,0.1683647152961039,Power
2021-09-22,Gansu,0.17938151028254598,Power
2021-09-23,Gansu,0.1854258329626318,Power
2021-09-24,Gansu,0.18649768333636124,Power
2021-09-25,Gansu,0.18513325063691335,Power
2021-09-26,Gansu,0.18328070498431562,Power
2021-09-27,Gansu,0.1831836532860285,Power
2021-09-28,Gansu,0.18454808598547645,Power
2021-09-29,Gansu,0.18640063163807416,Power
2021-09-30,Gansu,0.18591394591578153,Power
2021-09-01,Fujian,0.4370676142516976,Power
2021-09-02,Fujian,0.44412108868895933,Power
2021-09-03,Fujian,0.43726821494669293,Power
2021-09-04,Fujian,0.4263885772534178,Power
2021-09-05,Fujian,0.42517907306300495,Power
2021-09-06,Fujian,0.43142424469984425,Power
2021-09-07,Fujian,0.42094875840678025,Power
2021-09-08,Fujian,0.4191345021211609,Power
2021-09-09,Fujian,0.41570954025513795,Power
2021-09-10,Fujian,0.41933510281615616,Power
2021-09-11,Fujian,0.4080513137226699,Power
2021-09-12,Fujian,0.3860855376206832,Power
2021-09-13,Fujian,0.37943621458363275,Power
2021-09-14,Fujian,0.39555802043877064,Power
2021-09-15,Fujian,0.38286117644965567,Power
2021-09-16,Fujian,0.3856843362306926,Power
2021-09-17,Fujian,0.3840706806400685,Power
2021-09-18,Fujian,0.39072000367711907,Power
2021-09-19,Fujian,0.3923336592677431,Power
2021-09-20,Fujian,0.37762195829801337,Power
2021-09-21,Fujian,0.3480009056737791,Power
2021-09-22,Fujian,0.3707720345659676,Power
2021-09-23,Fujian,0.38326532784986683,Power
2021-09-24,Fujian,0.3854807855254767,Power
2021-09-25,Fujian,0.38266057575466034,Power
2021-09-26,Fujian,0.3788314624884263,Power
2021-09-27,Fujian,0.378630861793431,Power
2021-09-28,Fujian,0.38145107156424746,Power
2021-09-29,Fujian,0.38528018483048143,Power
2021-09-30,Fujian,0.3842742313452843,Power
2021-09-01,Tibet,0.001075978023455938,Power
2021-09-02,Tibet,0.0010933423470434807,Power
2021-09-03,Tibet,0.0010764718645282728,Power
2021-09-04,Tibet,0.0010496882487228119,Power
2021-09-05,Tibet,0.0010467106775513806,Power
2021-09-06,Tibet,0.0010620851121121617,Power
2021-09-07,Tibet,0.0010362964408200815,Power
2021-09-08,Tibet,0.0010318300840629342,Power
2021-09-09,Tibet,0.0010233984739896858,Power
2021-09-10,Tibet,0.0010323239251352693,Power
2021-09-11,Tibet,0.0010045453648164274,Power
2021-09-12,Tibet,0.0009504697673957487,Power
2021-09-13,Tibet,0.0009341003883215869,Power
2021-09-14,Tibet,0.0009737892333261543,Power
2021-09-15,Tibet,0.0009425319983948354,Power
2021-09-16,Tibet,0.0009494820852510788,Power
2021-09-17,Tibet,0.0009455095695662666,Power
2021-09-18,Tibet,0.0009618789486404287,Power
2021-09-19,Tibet,0.0009658514643252409,Power
2021-09-20,Tibet,0.0009296340315644398,Power
2021-09-21,Tibet,0.0008567125873392134,Power
2021-09-22,Tibet,0.0009127708114179429,Power
2021-09-23,Tibet,0.0009435269429082161,Power
2021-09-24,Tibet,0.000948980981810033,Power
2021-09-25,Tibet,0.0009420381573225005,Power
2021-09-26,Tibet,0.0009326116027358712,Power
2021-09-27,Tibet,0.0009321177616635363,Power
2021-09-28,Tibet,0.000939060586151069,Power
2021-09-29,Tibet,0.0009484871407376981,Power
2021-09-30,Tibet,0.0009460106730073125,Power
2021-09-01,Guizhou,0.24372984120967534,Power
2021-09-02,Guizhou,0.24766319648129306,Power
2021-09-03,Guizhou,0.24384170576779746,Power
2021-09-04,Guizhou,0.23777469855670333,Power
2021-09-05,Guizhou,0.2371002210739082,Power
2021-09-06,Guizhou,0.24058282797897496,Power
2021-09-07,Guizhou,0.2347411949511563,Power
2021-09-08,Guizhou,0.23372947872696354,Power
2021-09-09,Guizhou,0.23181955590373135,Power
2021-09-10,Guizhou,0.23384134328508566,Power
2021-09-11,Guizhou,0.22754896189071608,Power
2021-09-12,Guizhou,0.21529979277634329,Power
2021-09-13,Guizhou,0.2115918116880011,Power
2021-09-14,Guizhou,0.22058210301355133,Power
2021-09-15,Guizhou,0.21350173451123328,Power
2021-09-16,Guizhou,0.21507606366009904,Power
2021-09-17,Guizhou,0.21417621199402842,Power
2021-09-18,Guizhou,0.21788419308237067,Power
2021-09-19,Guizhou,0.21878404474844132,Power
2021-09-20,Guizhou,0.21058009546380832,Power
2021-09-21,Guizhou,0.19406197740345146,Power
2021-09-22,Guizhou,0.20676024981734395,Power
2021-09-23,Guizhou,0.21372710869450876,Power
2021-09-24,Guizhou,0.2149625540349457,Power
2021-09-25,Guizhou,0.21338986995311116,Power
2021-09-26,Guizhou,0.2112545729466035,Power
2021-09-27,Guizhou,0.21114270838848137,Power
2021-09-28,Guizhou,0.21271539247031598,Power
2021-09-29,Guizhou,0.2148506894768236,Power
2021-09-30,Guizhou,0.21428972161918175,Power
2021-09-01,Liaoning,0.39333622909674115,Power
2021-09-02,Liaoning,0.39968395870817164,Power
2021-09-03,Liaoning,0.3935167584206965,Power
2021-09-04,Liaoning,0.3837256974391175,Power
2021-09-05,Liaoning,0.3826372118093867,Power
2021-09-06,Liaoning,0.388257514438997,Power
2021-09-07,Liaoning,0.37883016694832805,Power
2021-09-08,Liaoning,0.3771974385037318,Power
2021-09-09,Liaoning,0.3741151657814939,Power
2021-09-10,Liaoning,0.3773779678276871,Power
2021-09-11,Liaoning,0.36722319335519804,Power
2021-09-12,Liaoning,0.347455232382086,Power
2021-09-13,Liaoning,0.3414712162615657,Power
2021-09-14,Liaoning,0.3559799332529781,Power
2021-09-15,Liaoning,0.34455348898380356,Power
2021-09-16,Liaoning,0.3470941737341753,Power
2021-09-17,Liaoning,0.34564197461353435,Power
2021-09-18,Liaoning,0.35162599073405476,Power
2021-09-19,Liaoning,0.3530781898546957,Power
2021-09-20,Liaoning,0.3398384878169694,Power
2021-09-21,Liaoning,0.3131812092605608,Power
2021-09-22,Liaoning,0.33367394237249365,Power
2021-09-23,Liaoning,0.34491720247471364,Power
2021-09-24,Liaoning,0.34691098956722055,Power
2021-09-25,Liaoning,0.3443729596598482,Power
2021-09-26,Liaoning,0.34092697344670025,Power
2021-09-27,Liaoning,0.3407464441227449,Power
2021-09-28,Liaoning,0.3432844740301173,Power
2021-09-29,Liaoning,0.3467304602432652,Power
2021-09-30,Liaoning,0.3458251587804891,Power
2021-09-01,Chongqing,0.09336492758229312,Power
2021-09-02,Chongqing,0.09487166729158499,Power
2021-09-03,Chongqing,0.09340777923441852,Power
2021-09-04,Chongqing,0.09108370727797002,Power
2021-09-05,Chongqing,0.09082533702250803,Power
2021-09-06,Chongqing,0.09215940978058869,Power
2021-09-07,Chongqing,0.08992167129974578,Power
2021-09-08,Chongqing,0.08953411591655276,Power
2021-09-09,Chongqing,0.08880248697364693,Power
2021-09-10,Chongqing,0.08957696756867817,Power
2021-09-11,Chongqing,0.08716656213662408,Power
2021-09-12,Chongqing,0.0824743062288921,Power
2021-09-13,Chongqing,0.08105389999520585,Power
2021-09-14,Chongqing,0.08449778644910796,Power
2021-09-15,Chongqing,0.08178552893811168,Power
2021-09-16,Chongqing,0.08238860292464129,Power
2021-09-17,Chongqing,0.08204389919357367,Power
2021-09-18,Chongqing,0.08346430542725994,Power
2021-09-19,Chongqing,0.08380900915832755,Power
2021-09-20,Chongqing,0.08066634461201283,Power
2021-09-21,Chongqing,0.07433879403861277,Power
2021-09-22,Chongqing,0.07920308672620116,Power
2021-09-23,Chongqing,0.08187186241371727,Power
2021-09-24,Chongqing,0.08234512110116109,Power
2021-09-25,Chongqing,0.08174267728598628,Power
2021-09-26,Chongqing,0.08092471486747484,Power
2021-09-27,Chongqing,0.08088186321534943,Power
2021-09-28,Chongqing,0.08148430703052427,Power
2021-09-29,Chongqing,0.08230226944903568,Power
2021-09-30,Chongqing,0.08208738101705387,Power
2021-09-01,Shaanxi,0.43478303943852864,Power
2021-09-02,Shaanxi,0.44179964500351687,Power
2021-09-03,Shaanxi,0.4349825915834133,Power
2021-09-04,Shaanxi,0.424159822313787,Power
2021-09-05,Shaanxi,0.42295664026374724,Power
2021-09-06,Shaanxi,0.4291691680684649,Power
2021-09-07,Shaanxi,0.4187484376789739,Power
2021-09-08,Shaanxi,0.4169436646039142,Power
2021-09-09,Shaanxi,0.41353660518904534,Power
2021-09-10,Shaanxi,0.41714321674879884,Power
2021-09-11,Shaanxi,0.4059184085990373,Power
2021-09-12,Shaanxi,0.3840674487341681,Power
2021-09-13,Shaanxi,0.3774528820493152,Power
2021-09-14,Shaanxi,0.3934904183992359,Power
2021-09-15,Shaanxi,0.380859941464184,Power
2021-09-16,Shaanxi,0.3836683444443988,Power
2021-09-17,Shaanxi,0.3820631235142237,Power
2021-09-18,Shaanxi,0.3886776901990767,Power
2021-09-19,Shaanxi,0.3902829111292518,Power
2021-09-20,Shaanxi,0.3756481089742555,Power
2021-09-21,Shaanxi,0.3461818871097441,Power
2021-09-22,Shaanxi,0.36883399014451784,Power
2021-09-23,Shaanxi,0.38126198034431924,Power
2021-09-24,Shaanxi,0.3834658577091482,Power
2021-09-25,Shaanxi,0.38066038931929935,Power
2021-09-26,Shaanxi,0.37685129102429527,Power
2021-09-27,Shaanxi,0.3766517388794106,Power
2021-09-28,Shaanxi,0.3794572072692595,Power
2021-09-29,Shaanxi,0.38326630556426355,Power
2021-09-30,Shaanxi,0.38226561024947436,Power
2021-09-01,Qinghai,0.05148135114131217,Power
2021-09-02,Qinghai,0.05231216628851232,Power
2021-09-03,Qinghai,0.05150497951019951,Power
2021-09-04,Qinghai,0.05022348797407483,Power
2021-09-05,Qinghai,0.05008102280872476,Power
2021-09-06,Qinghai,0.05081662952834946,Power
2021-09-07,Qinghai,0.049582742206012505,Power
2021-09-08,Qinghai,0.04936904445798737,Power
2021-09-09,Qinghai,0.04896562480683749,Power
2021-09-10,Qinghai,0.049392672826874706,Power
2021-09-11,Qinghai,0.04806357707696232,Power
2021-09-12,Qinghai,0.045476270683799544,Power
2021-09-13,Qinghai,0.04469305975038713,Power
2021-09-14,Qinghai,0.04659201616169985,Power
2021-09-15,Qinghai,0.04509647940153701,Power
2021-09-16,Qinghai,0.04542901394602488,Power
2021-09-17,Qinghai,0.04523894456688708,Power
2021-09-18,Qinghai,0.04602215550029951,Power
2021-09-19,Qinghai,0.04621222487943731,Power
2021-09-20,Qinghai,0.044479362002361994,Power
2021-09-21,Qinghai,0.04099035535533709,Power
2021-09-22,Qinghai,0.04367252270006224,Power
2021-09-23,Qinghai,0.045144083615324716,Power
2021-09-24,Qinghai,0.0454050381011245,Power
2021-09-25,Qinghai,0.04507285103264967,Power
2021-09-26,Qinghai,0.04462182716771208,Power
2021-09-27,Qinghai,0.04459819879882475,Power
2021-09-28,Qinghai,0.04493038586729958,Power
2021-09-29,Qinghai,0.04538140973223717,Power
2021-09-30,Qinghai,0.04526292041178746,Power
2021-09-01,Heilongjiang,0.18807518664040454,Power
2021-09-02,Heilongjiang,0.19111037725621477,Power
2021-09-03,Heilongjiang,0.18816150741074125,Power
2021-09-04,Heilongjiang,0.18347987504306748,Power
2021-09-05,Heilongjiang,0.18295941157486084,Power
2021-09-06,Heilongjiang,0.18564678026313777,Power
2021-09-07,Heilongjiang,0.18113905885923062,Power
2021-09-08,Heilongjiang,0.18035836365692057,Power
2021-09-09,Heilongjiang,0.17888456344573042,Power
2021-09-10,Heilongjiang,0.1804446844272573,Power
2021-09-11,Heilongjiang,0.1755891410958169,Power
2021-09-12,Heilongjiang,0.16613701674394624,Power
2021-09-13,Heilongjiang,0.16327573709190268,Power
2021-09-14,Heilongjiang,0.1702131342961698,Power
2021-09-15,Heilongjiang,0.16474953730309283,Power
2021-09-16,Heilongjiang,0.1659643752032728,Power
2021-09-17,Heilongjiang,0.1652700007712995,Power
2021-09-18,Heilongjiang,0.16813128042334308,Power
2021-09-19,Heilongjiang,0.1688256548553164,Power
2021-09-20,Heilongjiang,0.16249504188959263,Power
2021-09-21,Heilongjiang,0.14974876461090164,Power
2021-09-22,Heilongjiang,0.15954744146721234,Power
2021-09-23,Heilongjiang,0.16492344826685945,Power
2021-09-24,Heilongjiang,0.1658767850098429,Power
2021-09-25,Heilongjiang,0.16466321653275612,Power
2021-09-26,Heilongjiang,0.16301550535779932,Power
2021-09-27,Heilongjiang,0.1629291845874626,Power
2021-09-28,Heilongjiang,0.16414275306454942,Power
2021-09-29,Heilongjiang,0.16579046423950616,Power
2021-09-30,Heilongjiang,0.1653575909647294,Power
2022-01-01,Shanghai,0.16897249737638256,Power
2022-01-02,Shanghai,0.16934696809691036,Power
2022-01-03,Shanghai,0.17488431484055678,Power
2022-01-04,Shanghai,0.1753329381790109,Power
2022-01-05,Shanghai,0.17368675006104706,Power
2022-01-06,Shanghai,0.17218979408665988,Power
2022-01-07,Shanghai,0.17189040289178245,Power
2022-01-08,Shanghai,0.16904757690203295,Power
2022-01-09,Shanghai,0.1673263092584187,Power
2022-01-10,Shanghai,0.17368675006104706,Power
2022-01-11,Shanghai,0.16942112071483664,Power
2022-01-12,Shanghai,0.1694962002404871,Power
2022-01-13,Shanghai,0.16814940331740064,Power
2022-01-14,Shanghai,0.16710199758919164,Power
2022-01-15,Shanghai,0.16283636824298128,Power
2022-01-16,Shanghai,0.16089078893014003,Power
2022-01-17,Shanghai,0.15931875343010243,Power
2022-01-18,Shanghai,0.16021692701473478,Power
2022-01-19,Shanghai,0.15939383295575285,Power
2022-01-20,Shanghai,0.1564008479147026,Power
2022-01-21,Shanghai,0.15490389194031542,Power
2022-01-22,Shanghai,0.15206013904284185,Power
2022-01-23,Shanghai,0.14966593639154643,Power
2022-01-24,Shanghai,0.14734588635817736,Power
2022-01-25,Shanghai,0.14869268328126375,Power
2022-01-26,Shanghai,0.1439784305965993,Power
2022-01-27,Shanghai,0.13701920740421608,Power
2022-01-28,Shanghai,0.1272153044066352,Power
2022-01-29,Shanghai,0.12205242838351661,Power
2022-01-30,Shanghai,0.11666431378344687,Power
2022-01-31,Shanghai,0.11179990204748165,Power
2022-01-01,Yunnan,0.18638069922300013,Power
2022-01-02,Yunnan,0.18679374936911383,Power
2022-01-03,Yunnan,0.19290157504456765,Power
2022-01-04,Yunnan,0.1933964172988227,Power
2022-01-05,Yunnan,0.19158063249808518,Power
2022-01-06,Yunnan,0.1899294543149821,Power
2022-01-07,Yunnan,0.18959921867836146,Power
2022-01-08,Yunnan,0.18646351373249326,Power
2022-01-09,Yunnan,0.1845649144222626,Power
2022-01-10,Yunnan,0.19158063249808518,Power
2022-01-11,Yunnan,0.18687554147725516,Power
2022-01-12,Yunnan,0.18695835598674831,Power
2022-01-13,Yunnan,0.18547280682263134,Power
2022-01-14,Yunnan,0.18431749329513505,Power
2022-01-15,Yunnan,0.17961240227430508,Power
2022-01-16,Yunnan,0.17746638183694696,Power
2022-01-17,Yunnan,0.17573238914435071,Power
2022-01-18,Yunnan,0.17672309605421263,Power
2022-01-19,Yunnan,0.17581520365384387,Power
2022-01-20,Yunnan,0.17251386968898944,Power
2022-01-21,Yunnan,0.17086269150588634,Power
2022-01-22,Yunnan,0.16772596415866634,Power
2022-01-23,Yunnan,0.16508510146705313,Power
2022-01-24,Yunnan,0.16252603088358128,Power
2022-01-25,Yunnan,0.16401158004769817,Power
2022-01-26,Yunnan,0.15881164677261314,Power
2022-01-27,Yunnan,0.15113545742354934,Power
2022-01-28,Yunnan,0.14032151832591375,Power
2022-01-29,Yunnan,0.13462674279657366,Power
2022-01-30,Yunnan,0.12868352373875427,Power
2022-01-31,Yunnan,0.12331796144468306,Power
2022-01-01,InnerMongolia,1.5231543086577017,Power
2022-01-02,InnerMongolia,1.5265298679960215,Power
2022-01-03,InnerMongolia,1.5764446984096931,Power
2022-01-04,InnerMongolia,1.5804886853397597,Power
2022-01-05,InnerMongolia,1.565649592802987,Power
2022-01-06,InnerMongolia,1.552155710794604,Power
2022-01-07,InnerMongolia,1.5494569343929274,Power
2022-01-08,InnerMongolia,1.5238310915943452,Power
2022-01-09,InnerMongolia,1.5083152161209288,Power
2022-01-10,InnerMongolia,1.565649592802987,Power
2022-01-11,InnerMongolia,1.5271982955877679,Power
2022-01-12,InnerMongolia,1.5278750785244117,Power
2022-01-13,InnerMongolia,1.5157347623893151,Power
2022-01-14,InnerMongolia,1.5062932226558954,Power
2022-01-15,InnerMongolia,1.4678419254406767,Power
2022-01-16,InnerMongolia,1.4503040565022276,Power
2022-01-17,InnerMongolia,1.4361333915572008,Power
2022-01-18,InnerMongolia,1.4442297207622308,Power
2022-01-19,InnerMongolia,1.4368101744938446,Power
2022-01-20,InnerMongolia,1.4098307658219755,Power
2022-01-21,InnerMongolia,1.3963368838135926,Power
2022-01-22,InnerMongolia,1.3707026856701132,Power
2022-01-23,InnerMongolia,1.349120829801597,Power
2022-01-24,InnerMongolia,1.328207401524828,Power
2022-01-25,InnerMongolia,1.340347717659924,Power
2022-01-26,InnerMongolia,1.2978524335146389,Power
2022-01-27,InnerMongolia,1.2351205040292275,Power
2022-01-28,InnerMongolia,1.14674602105544,Power
2022-01-29,InnerMongolia,1.1002067499800885,Power
2022-01-30,InnerMongolia,1.0516371300948066,Power
2022-01-31,InnerMongolia,1.0077882800762348,Power
2022-01-01,Beijing,0.10795853432905529,Power
2022-01-02,Beijing,0.10819778811748262,Power
2022-01-03,Beijing,0.11173566468199975,Power
2022-01-04,Beijing,0.11202229545823449,Power
2022-01-05,Beijing,0.11097052632891034,Power
2022-01-06,Beijing,0.11001410338754858,Power
2022-01-07,Beijing,0.10982281879927623,Power
2022-01-08,Beijing,0.10800650352921029,Power
2022-01-09,Beijing,0.10690676519973116,Power
2022-01-10,Beijing,0.11097052632891034,Power
2022-01-11,Beijing,0.10824516510529002,Power
2022-01-12,Beijing,0.10829313430544503,Power
2022-01-13,Beijing,0.10743264976439322,Power
2022-01-14,Beijing,0.10676344981161379,Power
2022-01-15,Beijing,0.10403808858799347,Power
2022-01-16,Beijing,0.102795034870397,Power
2022-01-17,Beijing,0.10179064272888023,Power
2022-01-18,Beijing,0.1023644964936973,Power
2022-01-19,Beijing,0.10183861192903525,Power
2022-01-20,Beijing,0.09992635825865932,Power
2022-01-21,Beijing,0.09896993531729756,Power
2022-01-22,Beijing,0.09715302783488403,Power
2022-01-23,Beijing,0.09562334334105278,Power
2022-01-24,Beijing,0.09414103583502897,Power
2022-01-25,Beijing,0.09500152037608074,Power
2022-01-26,Beijing,0.09198952837622572,Power
2022-01-27,Beijing,0.08754319807050182,Power
2022-01-28,Beijing,0.0812793680700168,Power
2022-01-29,Beijing,0.07798074529392703,Power
2022-01-30,Beijing,0.07453821491737228,Power
2022-01-31,Beijing,0.07143028451720727,Power
2022-01-01,Jilin,0.21732208812527443,Power
2022-01-02,Jilin,0.21780370945531607,Power
2022-01-03,Jilin,0.22492550605350692,Power
2022-01-04,Jilin,0.2255024979439529,Power
2022-01-05,Jilin,0.22338527150297754,Power
2022-01-06,Jilin,0.22145997831481581,Power
2022-01-07,Jilin,0.22107491967718346,Power
2022-01-08,Jilin,0.2174186508176838,Power
2022-01-09,Jilin,0.21520486168429903,Power
2022-01-10,Jilin,0.22338527150297754,Power
2022-01-11,Jilin,0.21789908001572036,Power
2022-01-12,Jilin,0.2179956427081298,Power
2022-01-13,Jilin,0.2162634749047867,Power
2022-01-14,Jilin,0.21491636573907602,Power
2022-01-15,Jilin,0.2094301742518189,Power
2022-01-16,Jilin,0.20692788917321123,Power
2022-01-17,Jilin,0.2049060332926401,Power
2022-01-18,Jilin,0.20606120920553717,Power
2022-01-19,Jilin,0.2050025959850495,Power
2022-01-20,Jilin,0.2011532017407311,Power
2022-01-21,Jilin,0.19922790855256936,Power
2022-01-22,Jilin,0.19557044756106462,Power
2022-01-23,Jilin,0.19249117059201087,Power
2022-01-24,Jilin,0.18950726418336147,Power
2022-01-25,Jilin,0.19123943198670448,Power
2022-01-26,Jilin,0.18517624860900142,Power
2022-01-27,Jilin,0.17622572151505822,Power
2022-01-28,Jilin,0.16361654129760522,Power
2022-01-29,Jilin,0.1569763660294561,Power
2022-01-30,Jilin,0.15004650268407893,Power
2022-01-31,Jilin,0.14379019392155715,Power
2022-01-01,Sichuan,0.29773919051050896,Power
2022-01-02,Sichuan,0.2983990293063544,Power
2022-01-03,Sichuan,0.30815615051026773,Power
2022-01-04,Sichuan,0.3089466504538054,Power
2022-01-05,Sichuan,0.3060459729750391,Power
2022-01-06,Sichuan,0.3034082510560033,Power
2022-01-07,Sichuan,0.30288070667219613,Power
2022-01-08,Sichuan,0.29787148492254734,Power
2022-01-09,Sichuan,0.29483851303174263,Power
2022-01-10,Sichuan,0.3060459729750391,Power
2022-01-11,Sichuan,0.2985296904540466,Power
2022-01-12,Sichuan,0.29866198486608503,Power
2022-01-13,Sichuan,0.2962888517711258,Power
2022-01-14,Sichuan,0.29444326305997376,Power
2022-01-15,Sichuan,0.28692698053898136,Power
2022-01-16,Sichuan,0.2834987586764079,Power
2022-01-17,Sichuan,0.2807287423453337,Power
2022-01-18,Sichuan,0.2823113754967552,Power
2022-01-19,Sichuan,0.2808610367573721,Power
2022-01-20,Sichuan,0.2755872261836466,Power
2022-01-21,Sichuan,0.2729495042646108,Power
2022-01-22,Sichuan,0.26793864925061583,Power
2022-01-23,Sichuan,0.2637199274445046,Power
2022-01-24,Sichuan,0.2596318667860857,Power
2022-01-25,Sichuan,0.2620049998810448,Power
2022-01-26,Sichuan,0.2536982174165147,Power
2022-01-27,Sichuan,0.24143566870560393,Power
2022-01-28,Sichuan,0.22416063171635203,Power
2022-01-29,Sichuan,0.21506334930828425,Power
2022-01-30,Sichuan,0.20556918366410146,Power
2022-01-31,Sichuan,0.19699781237549469,Power
2022-01-01,Tianjin,0.20786703069769205,Power
2022-01-02,Tianjin,0.2083276980723711,Power
2022-01-03,Tianjin,0.21513964583557077,Power
2022-01-04,Tianjin,0.2156915344725625,Power
2022-01-05,Tianjin,0.21366642244922093,Power
2022-01-06,Tianjin,0.21182489321628362,Power
2022-01-07,Tianjin,0.21145658736969616,Power
2022-01-08,Tianjin,0.20795939222578366,Power
2022-01-09,Tianjin,0.20584191867435045,Power
2022-01-10,Tianjin,0.21366642244922093,Power
2022-01-11,Tianjin,0.20841891933468376,Power
2022-01-12,Tianjin,0.2085112808627754,Power
2022-01-13,Tianjin,0.20685447468602122,Power
2022-01-14,Tianjin,0.20556597435585455,Power
2022-01-15,Tianjin,0.20031847124131744,Power
2022-01-16,Tianjin,0.1979250533713884,Power
2022-01-17,Tianjin,0.19599116261035945,Power
2022-01-18,Tianjin,0.1970960801501219,Power
2022-01-19,Tianjin,0.19608352413845112,Power
2022-01-20,Tianjin,0.1924016059383554,Power
2022-01-21,Tianjin,0.19056007670541808,Power
2022-01-22,Tianjin,0.18706174129572664,Power
2022-01-23,Tianjin,0.18411643478880582,Power
2022-01-24,Tianjin,0.18126234954419776,Power
2022-01-25,Tianjin,0.18291915572095185,Power
2022-01-26,Tianjin,0.177119763969423,Power
2022-01-27,Tianjin,0.16855864850137758,Power
2022-01-28,Tianjin,0.15649805735786185,Power
2022-01-29,Tianjin,0.15014677696934123,Power
2022-01-30,Tianjin,0.1435184119965458,Power
2022-01-31,Tianjin,0.13753429718883375,Power
2022-01-01,Ningxia,0.39151656697664233,Power
2022-01-02,Ningxia,0.39238423179317006,Power
2022-01-03,Ningxia,0.40521450311479607,Power
2022-01-04,Ningxia,0.4062539827464779,Power
2022-01-05,Ningxia,0.4024396938500588,Power
2022-01-06,Ningxia,0.3989711822691371,Power
2022-01-07,Ningxia,0.39827747995295276,Power
2022-01-08,Ningxia,0.3916905294769858,Power
2022-01-09,Ningxia,0.3877022780802232,Power
2022-01-10,Ningxia,0.4024396938500588,Power
2022-01-11,Ningxia,0.39255604660832405,Power
2022-01-12,Ningxia,0.39273000910866757,Power
2022-01-13,Ningxia,0.3896094225284327,Power
2022-01-14,Ningxia,0.38718253826438226,Power
2022-01-15,Ningxia,0.3772988910226476,Power
2022-01-16,Ningxia,0.3727908998100442,Power
2022-01-17,Ningxia,0.369148425728779,Power
2022-01-18,Ningxia,0.37122953267733205,Power
2022-01-19,Ningxia,0.36932238822912256,Power
2022-01-20,Ningxia,0.3623875127524686,Power
2022-01-21,Ningxia,0.35891900117154696,Power
2022-01-22,Ningxia,0.35232990301039047,Power
2022-01-23,Ningxia,0.34678243216610516,Power
2022-01-24,Ningxia,0.34140677613697396,Power
2022-01-25,Ningxia,0.34452736271720874,Power
2022-01-26,Ningxia,0.33360423584379234,Power
2022-01-27,Ningxia,0.31747941544158803,Power
2022-01-28,Ningxia,0.29476334919303787,Power
2022-01-29,Ningxia,0.28280074268793964,Power
2022-01-30,Ningxia,0.27031624868181103,Power
2022-01-31,Ningxia,0.2590451968077077,Power
2022-01-01,Anhui,0.7936799443411248,Power
2022-01-02,Anhui,0.7954388690492318,Power
2022-01-03,Anhui,0.8214483151042623,Power
2022-01-04,Anhui,0.823555541734767,Power
2022-01-05,Anhui,0.8158232390575433,Power
2022-01-06,Anhui,0.8087918939991445,Power
2022-01-07,Anhui,0.8073856249874648,Power
2022-01-08,Anhui,0.7940326000375523,Power
2022-01-09,Anhui,0.7859476416639011,Power
2022-01-10,Anhui,0.8158232390575433,Power
2022-01-11,Anhui,0.7957871709716292,Power
2022-01-12,Anhui,0.7961398266680569,Power
2022-01-13,Anhui,0.7898137930025129,Power
2022-01-14,Anhui,0.7848940283486486,Power
2022-01-15,Anhui,0.7648579602627348,Power
2022-01-16,Anhui,0.7557193885738316,Power
2022-01-17,Anhui,0.7483353878190051,Power
2022-01-18,Anhui,0.7525541948540445,Power
2022-01-19,Anhui,0.7486880435154328,Power
2022-01-20,Anhui,0.7346297071726652,Power
2022-01-21,Anhui,0.7275983621142665,Power
2022-01-22,Anhui,0.7142409833903238,Power
2022-01-23,Anhui,0.7029951850709157,Power
2022-01-24,Anhui,0.6920976886739052,Power
2022-01-25,Anhui,0.698423722339449,Power
2022-01-26,Anhui,0.6762804276230305,Power
2022-01-27,Anhui,0.6435922922060288,Power
2022-01-28,Anhui,0.5975424242910544,Power
2022-01-29,Anhui,0.5732919029441312,Power
2022-01-30,Anhui,0.5479834145079256,Power
2022-01-31,Anhui,0.5251348083986522,Power
2022-01-01,Shandong,1.5882388204966638,Power
2022-01-02,Shandong,1.5917586177696887,Power
2022-01-03,Shandong,1.643806313089124,Power
2022-01-04,Shandong,1.648023099921164,Power
2022-01-05,Shandong,1.632549931711034,Power
2022-01-06,Shandong,1.6184794549884214,Power
2022-01-07,Shandong,1.6156653596438988,Power
2022-01-08,Shandong,1.5889445224251666,Power
2022-01-09,Shandong,1.5727656522865339,Power
2022-01-10,Shandong,1.632549931711034,Power
2022-01-11,Shandong,1.5924556073287035,Power
2022-01-12,Shandong,1.5931613092572066,Power
2022-01-13,Shandong,1.5805022363915986,Power
2022-01-14,Shandong,1.5706572588705137,Power
2022-01-15,Shandong,1.5305629344881835,Power
2022-01-16,Shandong,1.5122756709335312,Power
2022-01-17,Shandong,1.4974994922824156,Power
2022-01-18,Shandong,1.5059417783159836,Power
2022-01-19,Shandong,1.4982051942109187,Power
2022-01-20,Shandong,1.470072953135181,Power
2022-01-21,Shandong,1.4560024764125685,Power
2022-01-22,Shandong,1.4292729268243483,Power
2022-01-23,Shandong,1.4067688764376556,Power
2022-01-24,Shandong,1.384961815609978,Power
2022-01-25,Shandong,1.3976208884755854,Power
2022-01-26,Shandong,1.3533097772612155,Power
2022-01-27,Shandong,1.2878973071476703,Power
2022-01-28,Shandong,1.1957465750764171,Power
2022-01-29,Shandong,1.147218677030007,Power
2022-01-30,Shandong,1.0965736731980893,Power
2022-01-31,Shandong,1.0508511581267141,Power
2022-01-01,Shanxi,0.8907720846379614,Power
2022-01-02,Shanxi,0.8927461814261353,Power
2022-01-03,Shanxi,0.9219374047245285,Power
2022-01-04,Shanxi,0.9243024117677864,Power
2022-01-05,Shanxi,0.9156242041049228,Power
2022-01-06,Shanxi,0.9077327033304159,Power
2022-01-07,Shanxi,0.9061544031755144,Power
2022-01-08,Shanxi,0.891167881271234,Power
2022-01-09,Shanxi,0.882093876975098,Power
2022-01-10,Shanxi,0.9156242041049228,Power
2022-01-11,Shanxi,0.8931370916812191,Power
2022-01-12,Shanxi,0.8935328883144918,Power
2022-01-13,Shanxi,0.8864329808065297,Power
2022-01-14,Shanxi,0.8809113734534689,Power
2022-01-15,Shanxi,0.8584242610297654,Power
2022-01-16,Shanxi,0.8481677532120007,Power
2022-01-17,Shanxi,0.839880455804221,Power
2022-01-18,Shanxi,0.8446153562689254,Power
2022-01-19,Shanxi,0.8402762524374937,Power
2022-01-20,Shanxi,0.8244981372666681,Power
2022-01-21,Shanxi,0.8166066364921611,Power
2022-01-22,Shanxi,0.801615228209692,Power
2022-01-23,Shanxi,0.7889937133486692,Power
2022-01-24,Shanxi,0.7767631087427305,Power
2022-01-25,Shanxi,0.7838630162506925,Power
2022-01-26,Shanxi,0.7590108967837312,Power
2022-01-27,Shanxi,0.7223239693441034,Power
2022-01-28,Shanxi,0.6706407472438181,Power
2022-01-29,Shanxi,0.6434236207335987,Power
2022-01-30,Shanxi,0.615019104323562,Power
2022-01-31,Shanxi,0.5893753915900556,Power
2022-01-01,Guangdong,0.668423456059452,Power
2022-01-02,Guangdong,0.6699047918809301,Power
2022-01-03,Guangdong,0.6918094953401158,Power
2022-01-04,Guangdong,0.6935841649876293,Power
2022-01-05,Guangdong,0.6870721540496457,Power
2022-01-06,Guangdong,0.6811504774365582,Power
2022-01-07,Guangdong,0.6799661421139408,Power
2022-01-08,Guangdong,0.6687204565583127,Power
2022-01-09,Guangdong,0.6619114451214684,Power
2022-01-10,Guangdong,0.6870721540496457,Power
2022-01-11,Guangdong,0.6701981257069654,Power
2022-01-12,Guangdong,0.6704951262058263,Power
2022-01-13,Guangdong,0.6651674505904601,Power
2022-01-14,Guangdong,0.6610241102977115,Power
2022-01-15,Guangdong,0.6441500819550312,Power
2022-01-16,Guangdong,0.6364537356944303,Power
2022-01-17,Guangdong,0.6302350585824819,Power
2022-01-18,Guangdong,0.6337880645503345,Power
2022-01-19,Guangdong,0.6305320590813428,Power
2022-01-20,Guangdong,0.6186923725279931,Power
2022-01-21,Guangdong,0.6127706959149056,Power
2022-01-22,Guangdong,0.601521343686452,Power
2022-01-23,Guangdong,0.5920503277783374,Power
2022-01-24,Guangdong,0.5828726456962582,Power
2022-01-25,Guangdong,0.5882003213116241,Power
2022-01-26,Guangdong,0.5695516233214304,Power
2022-01-27,Guangdong,0.5420222437480179,Power
2022-01-28,Guangdong,0.5032398452733264,Power
2022-01-29,Guangdong,0.4828164776356191,Power
2022-01-30,Guangdong,0.46150210850132944,Power
2022-01-31,Guangdong,0.44225940951341414,Power
2022-01-01,Guangxi,0.2563624083289713,Power
2022-01-02,Guangxi,0.25693054940076565,Power
2022-01-03,Guangxi,0.26533172455645815,Power
2022-01-04,Guangxi,0.2660123688107861,Power
2022-01-05,Guangxi,0.2635147981585414,Power
2022-01-06,Guangxi,0.2612436401611455,Power
2022-01-07,Guangxi,0.26078940856166627,Power
2022-01-08,Guangxi,0.25647631780128655,Power
2022-01-09,Guangxi,0.2538648376767266,Power
2022-01-10,Guangxi,0.2635147981585414,Power
2022-01-11,Guangxi,0.2570430525832992,Power
2022-01-12,Guangxi,0.2571569620556145,Power
2022-01-13,Guangxi,0.2551136230028489,Power
2022-01-14,Guangxi,0.25352451554956257,Power
2022-01-15,Guangxi,0.2470527699743204,Power
2022-01-16,Guangxi,0.24410096772259654,Power
2022-01-17,Guangxi,0.24171590025288534,Power
2022-01-18,Guangxi,0.24307859505132293,Power
2022-01-19,Guangxi,0.2418298097252006,Power
2022-01-20,Guangxi,0.23728890002019037,Power
2022-01-21,Guangxi,0.23501774202279443,Power
2022-01-22,Guangxi,0.23070324497263298,Power
2022-01-23,Guangxi,0.22707079846658107,Power
2022-01-24,Guangxi,0.2235508551430628,Power
2022-01-25,Guangxi,0.2255941941958283,Power
2022-01-26,Guangxi,0.2184418043662582,Power
2022-01-27,Guangxi,0.20788338068548495,Power
2022-01-28,Guangxi,0.19300905366476862,Power
2022-01-29,Guangxi,0.18517601958087052,Power
2022-01-30,Guangxi,0.17700125708002679,Power
2022-01-31,Guangxi,0.16962104830582622,Power
2022-01-01,Xinjiang,0.9761487894371813,Power
2022-01-02,Xinjiang,0.9783120949821579,Power
2022-01-03,Xinjiang,1.010301172520997,Power
2022-01-04,Xinjiang,1.0128928554016126,Power
2022-01-05,Xinjiang,1.0033828785504277,Power
2022-01-06,Xinjiang,0.9947350110872164,Power
2022-01-07,Xinjiang,0.993005437594574,Power
2022-01-08,Xinjiang,0.9765825214895157,Power
2022-01-09,Xinjiang,0.9666388125859965,Power
2022-01-10,Xinjiang,1.0033828785504277,Power
2022-01-11,Xinjiang,0.9787404723177968,Power
2022-01-12,Xinjiang,0.9791742043701315,Power
2022-01-13,Xinjiang,0.9713938010115888,Power
2022-01-14,Xinjiang,0.9653429711456885,Power
2022-01-15,Xinjiang,0.9407005649130578,Power
2022-01-16,Xinjiang,0.9294610145692308,Power
2022-01-17,Xinjiang,0.9203794150536847,Power
2022-01-18,Xinjiang,0.9255681355316118,Power
2022-01-19,Xinjiang,0.9208131471060195,Power
2022-01-20,Xinjiang,0.9035227668962921,Power
2022-01-21,Xinjiang,0.8948748994330807,Power
2022-01-22,Xinjiang,0.8784466286113267,Power
2022-01-23,Xinjiang,0.8646153953868839,Power
2022-01-24,Xinjiang,0.8512125394980802,Power
2022-01-25,Xinjiang,0.8589929428566226,Power
2022-01-26,Xinjiang,0.8317588537433762,Power
2022-01-27,Xinjiang,0.7915556407936603,Power
2022-01-28,Xinjiang,0.734918802305495,Power
2022-01-29,Xinjiang,0.7050930303116327,Power
2022-01-30,Xinjiang,0.6739660621607672,Power
2022-01-31,Xinjiang,0.6458645089428519,Power
2022-01-01,Jiangsu,1.187678170406566,Power
2022-01-02,Jiangsu,1.1903102596940704,Power
2022-01-03,Jiangsu,1.2292313027721729,Power
2022-01-04,Jiangsu,1.2323845978591836,Power
2022-01-05,Jiangsu,1.2208138291101527,Power
2022-01-06,Jiangsu,1.2102919870326276,Power
2022-01-07,Jiangsu,1.2081876186171225,Power
2022-01-08,Jiangsu,1.1882058912785656,Power
2022-01-09,Jiangsu,1.176107401657535,Power
2022-01-10,Jiangsu,1.2208138291101527,Power
2022-01-11,Jiangsu,1.1908314654935763,Power
2022-01-12,Jiangsu,1.1913591863655764,Power
2022-01-13,Jiangsu,1.1818927860320503,Power
2022-01-14,Jiangsu,1.1745307541140295,Power
2022-01-15,Jiangsu,1.1445483904974534,Power
2022-01-16,Jiangsu,1.1308732533329178,Power
2022-01-17,Jiangsu,1.1198236903833927,Power
2022-01-18,Jiangsu,1.126136795629908,Power
2022-01-19,Jiangsu,1.1203514112553927,Power
2022-01-20,Jiangsu,1.0993142421728361,Power
2022-01-21,Jiangsu,1.0887924000953109,Power
2022-01-22,Jiangsu,1.06880415768426,Power
2022-01-23,Jiangsu,1.0519757254327133,Power
2022-01-24,Jiangsu,1.035668498980673,Power
2022-01-25,Jiangsu,1.0451348993141987,Power
2022-01-26,Jiangsu,1.0119992406106117,Power
2022-01-27,Jiangsu,0.963084076326984,Power
2022-01-28,Jiangsu,0.8941741545598114,Power
2022-01-29,Jiangsu,0.8578852007692138,Power
2022-01-30,Jiangsu,0.820013084362617,Power
2022-01-31,Jiangsu,0.7858219839150308,Power
2022-01-01,Jiangxi,0.26815637776300205,Power
2022-01-02,Jiangxi,0.268750656202122,Power
2022-01-03,Jiangxi,0.27753832797267325,Power
2022-01-04,Jiangxi,0.27825028531062884,Power
2022-01-05,Jiangxi,0.2756378137564777,Power
2022-01-06,Jiangxi,0.2732621709862333,Power
2022-01-07,Jiangxi,0.2727870424321844,Power
2022-01-08,Jiangxi,0.26827552764807316,Power
2022-01-09,Jiangxi,0.26554390620885093,Power
2022-01-10,Jiangxi,0.2756378137564777,Power
2022-01-11,Jiangxi,0.26886833510095764,Power
2022-01-12,Jiangxi,0.2689874849860288,Power
2022-01-13,Jiangxi,0.2668501419859265,Power
2022-01-14,Jiangxi,0.2651879275398731,Power
2022-01-15,Jiangxi,0.25841844888435306,Power
2022-01-16,Jiangxi,0.2553308487761531,Power
2022-01-17,Jiangxi,0.2528360561208375,Power
2022-01-18,Jiangxi,0.2542614417829842,Power
2022-01-19,Jiangxi,0.25295520600590865,Power
2022-01-20,Jiangxi,0.24820539145165524,Power
2022-01-21,Jiangxi,0.2458297486814108,Power
2022-01-22,Jiangxi,0.24131676291106413,Power
2022-01-23,Jiangxi,0.23751720546490843,Power
2022-01-24,Jiangxi,0.23383532691758846,Power
2022-01-25,Jiangxi,0.2359726699176907,Power
2022-01-26,Jiangxi,0.2284912339242151,Power
2022-01-27,Jiangxi,0.21744706926849053,Power
2022-01-28,Jiangxi,0.20188844785618384,Power
2022-01-29,Jiangxi,0.19369505452475258,Power
2022-01-30,Jiangxi,0.1851442115381081,Power
2022-01-31,Jiangxi,0.1774244757744903,Power
2022-01-01,Hebei,0.9846206571708959,Power
2022-01-02,Hebei,0.9868027377618931,Power
2022-01-03,Hebei,1.019069444322829,Power
2022-01-04,Hebei,1.0216836200803605,Power
2022-01-05,Hebei,1.012091107383303,Power
2022-01-06,Hebei,1.0033681862088952,Power
2022-01-07,Hebei,1.0016236019740137,Power
2022-01-08,Hebei,0.9850581535270118,Power
2022-01-09,Hebei,0.9750281444738382,Power
2022-01-10,Hebei,1.012091107383303,Power
2022-01-11,Hebei,0.9872348329284272,Power
2022-01-12,Hebei,0.9876723292845432,Power
2022-01-13,Hebei,0.9798244008223669,Power
2022-01-14,Hebei,0.9737210565950724,Power
2022-01-15,Hebei,0.9488647821401968,Power
2022-01-16,Hebei,0.9375276852082578,Power
2022-01-17,Hebei,0.928367267677734,Power
2022-01-18,Hebei,0.9336010203823789,Power
2022-01-19,Hebei,0.9288047640338501,Power
2022-01-20,Hebei,0.9113643228746164,Power
2022-01-21,Hebei,0.9026414017002088,Power
2022-01-22,Hebei,0.886070552063625,Power
2022-01-23,Hebei,0.8721192793741542,Power
2022-01-24,Hebei,0.8586001018512178,Power
2022-01-25,Hebei,0.8664480303133938,Power
2022-01-26,Hebei,0.8389775801009869,Power
2022-01-27,Hebei,0.798425448721759,Power
2022-01-28,Hebei,0.7412970665163658,Power
2022-01-29,Hebei,0.7112124405464273,Power
2022-01-30,Hebei,0.6798153255081413,Power
2022-01-31,Hebei,0.6514698825835027,Power
2022-01-01,Henan,0.7688339693981052,Power
2022-01-02,Henan,0.7705378313576373,Power
2022-01-03,Henan,0.7957330574622046,Power
2022-01-04,Henan,0.7977743178295649,Power
2022-01-05,Henan,0.7902840731757799,Power
2022-01-06,Henan,0.7834728428177491,Power
2022-01-07,Henan,0.782110596746143,Power
2022-01-08,Henan,0.7691755852860314,Power
2022-01-09,Henan,0.7613437247443203,Power
2022-01-10,Henan,0.7902840731757799,Power
2022-01-11,Henan,0.7708752297654654,Power
2022-01-12,Henan,0.7712168456533917,Power
2022-01-13,Henan,0.7650888470712127,Power
2022-01-14,Henan,0.7603230945606401,Power
2022-01-15,Henan,0.7409142511503257,Power
2022-01-16,Henan,0.7320617604249348,Power
2022-01-17,Henan,0.7249089141789777,Power
2022-01-18,Henan,0.7289956523937964,Power
2022-01-19,Henan,0.725250530066904,Power
2022-01-20,Henan,0.7116322868309402,Power
2022-01-21,Henan,0.7048210564729094,Power
2022-01-22,Henan,0.6918818275326998,Power
2022-01-23,Henan,0.6809880764399483,Power
2022-01-24,Henan,0.670431723755025,Power
2022-01-25,Henan,0.6765597223372039,Power
2022-01-26,Henan,0.6551096185595292,Power
2022-01-27,Henan,0.6234447779848572,Power
2022-01-28,Henan,0.5788364909898778,Power
2022-01-29,Henan,0.5553451268448428,Power
2022-01-30,Henan,0.5308289150360298,Power
2022-01-31,Henan,0.5086955794825031,Power
2022-01-01,Zhejiang,0.5359483025722755,Power
2022-01-02,Zhejiang,0.537136051763097,Power
2022-01-03,Zhejiang,0.5546994519263843,Power
2022-01-04,Zhejiang,0.5561223989767745,Power
2022-01-05,Zhejiang,0.550901006494351,Power
2022-01-06,Zhejiang,0.5461529497043093,Power
2022-01-07,Zhejiang,0.545203338346301,Power
2022-01-08,Zhejiang,0.5361864404050888,Power
2022-01-09,Zhejiang,0.530726910089852,Power
2022-01-10,Zhejiang,0.550901006494351,Power
2022-01-11,Zhejiang,0.5373712496226657,Power
2022-01-12,Zhejiang,0.537609387455479,Power
2022-01-13,Zhejiang,0.5333376063310638,Power
2022-01-14,Zhejiang,0.5300154365646569,Power
2022-01-15,Zhejiang,0.5164856796929715,Power
2022-01-16,Zhejiang,0.5103146758525399,Power
2022-01-17,Zhejiang,0.5053284812296848,Power
2022-01-18,Zhejiang,0.5081773153037099,Power
2022-01-19,Zhejiang,0.5055666190624982,Power
2022-01-20,Zhejiang,0.4960734454556594,Power
2022-01-21,Zhejiang,0.49132538866561776,Power
2022-01-22,Zhejiang,0.4823055507511609,Power
2022-01-23,Zhejiang,0.4747115998603388,Power
2022-01-24,Zhejiang,0.4673528468290854,Power
2022-01-25,Zhejiang,0.4716246279535006,Power
2022-01-26,Zhejiang,0.45667192403142515,Power
2022-01-27,Zhejiang,0.43459860491090946,Power
2022-01-28,Zhejiang,0.4035025079026923,Power
2022-01-29,Zhejiang,0.38712685693022664,Power
2022-01-30,Zhejiang,0.37003679245932125,Power
2022-01-31,Zhejiang,0.35460781287161935,Power
2022-01-01,Hainan,0.047105197464816444,Power
2022-01-02,Hainan,0.0472095902950648,Power
2022-01-03,Hainan,0.04875326051264827,Power
2022-01-04,Hainan,0.04887832519047057,Power
2022-01-05,Hainan,0.04841941017432925,Power
2022-01-06,Hainan,0.048002097251430474,Power
2022-01-07,Hainan,0.047918634666850715,Power
2022-01-08,Hainan,0.047126127710485056,Power
2022-01-09,Hainan,0.04664628244867512,Power
2022-01-10,Hainan,0.04841941017432925,Power
2022-01-11,Hainan,0.04723026214263873,Power
2022-01-12,Hainan,0.047251192388307356,Power
2022-01-13,Hainan,0.04687573995674578,Power
2022-01-14,Hainan,0.04658375010976397,Power
2022-01-15,Hainan,0.045394602078073464,Power
2022-01-16,Hainan,0.0448522244773524,Power
2022-01-17,Hainan,0.044413981308784996,Power
2022-01-18,Hainan,0.04466436906252427,Power
2022-01-19,Hainan,0.044434911554453616,Power
2022-01-20,Hainan,0.04360054410675073,Power
2022-01-21,Hainan,0.04318323118385196,Power
2022-01-22,Hainan,0.04239046582939161,Power
2022-01-23,Hainan,0.04172302355084823,Power
2022-01-24,Hainan,0.0410762531198788,Power
2022-01-25,Hainan,0.041451705551440364,Power
2022-01-26,Hainan,0.04013749284192756,Power
2022-01-27,Hainan,0.03819743994711392,Power
2022-01-28,Hainan,0.03546436329974526,Power
2022-01-29,Hainan,0.03402508591241016,Power
2022-01-30,Hainan,0.03252301778806923,Power
2022-01-31,Hainan,0.031166944587219213,Power
2022-01-01,Hubei,0.4540961424189862,Power
2022-01-02,Hubei,0.4551024938210239,Power
2022-01-03,Hubei,0.4699835415333342,Power
2022-01-04,Hubei,0.47118917044072595,Power
2022-01-05,Hubei,0.46676520982186703,Power
2022-01-06,Hubei,0.46274229518253307,Power
2022-01-07,Hubei,0.4619377122546663,Power
2022-01-08,Hubei,0.4542979108931572,Power
2022-01-09,Hubei,0.4496721818001273,Power
2022-01-10,Hubei,0.46676520982186703,Power
2022-01-11,Hubei,0.4553017713263779,Power
2022-01-12,Hubei,0.4555035398005489,Power
2022-01-13,Hubei,0.45188416210955673,Power
2022-01-14,Hubei,0.44906936734643144,Power
2022-01-15,Hubei,0.43760592885094235,Power
2022-01-16,Hubei,0.43237738530421677,Power
2022-01-17,Hubei,0.4281527021907117,Power
2022-01-18,Hubei,0.43056645097431223,Power
2022-01-19,Hubei,0.4283544706648828,Power
2022-01-20,Hubei,0.42031113235503176,Power
2022-01-21,Hubei,0.41628821771569785,Power
2022-01-22,Hubei,0.40864592538537176,Power
2022-01-23,Hubei,0.4022117529312543,Power
2022-01-24,Hubei,0.39597685798249094,Power
2022-01-25,Hubei,0.399596235673483,Power
2022-01-26,Hubei,0.38692716827060225,Power
2022-01-27,Hubei,0.3682249743931289,Power
2022-01-28,Hubei,0.34187799721651263,Power
2022-01-29,Hubei,0.3280033009062401,Power
2022-01-30,Hubei,0.31352329917345473,Power
2022-01-31,Hubei,0.30045069482223213,Power
2022-01-01,Hunan,0.30578174807887204,Power
2022-01-02,Hunan,0.30645941049911957,Power
2022-01-03,Hunan,0.3164800919311957,Power
2022-01-04,Hunan,0.3172919449297101,Power
2022-01-05,Hunan,0.31431291409218626,Power
2022-01-06,Hunan,0.3116039417934245,Power
2022-01-07,Hunan,0.31106214733367216,Power
2022-01-08,Hunan,0.30591761603936724,Power
2022-01-09,Hunan,0.3028027172413483,Power
2022-01-10,Hunan,0.31431291409218626,Power
2022-01-11,Hunan,0.30659360107738637,Power
2022-01-12,Hunan,0.3067294690378816,Power
2022-01-13,Hunan,0.30429223266011013,Power
2022-01-14,Hunan,0.302396790742091,Power
2022-01-15,Hunan,0.2946774777272912,Power
2022-01-16,Hunan,0.2911566524300151,Power
2022-01-17,Hunan,0.288311812170758,Power
2022-01-18,Hunan,0.2899371955500152,Power
2022-01-19,Hunan,0.2884476801312533,Power
2022-01-20,Hunan,0.283031412915958,Power
2022-01-21,Hunan,0.28032244061719624,Power
2022-01-22,Hunan,0.275176231940663,Power
2022-01-23,Hunan,0.27084355364487245,Power
2022-01-24,Hunan,0.26664506592734877,Power
2022-01-25,Hunan,0.2690823023051202,Power
2022-01-26,Hunan,0.260551136291806,Power
2022-01-27,Hunan,0.24795735052146323,Power
2022-01-28,Hunan,0.23021567869235893,Power
2022-01-29,Hunan,0.22087265968053033,Power
2022-01-30,Hunan,0.2111220367872162,Power
2022-01-31,Hunan,0.20231913485291164,Power
2022-01-01,Gansu,0.3204409587815697,Power
2022-01-02,Gansu,0.3211511084129281,Power
2022-01-03,Gansu,0.33165218241722383,Power
2022-01-04,Gansu,0.33250295573796024,Power
2022-01-05,Gansu,0.32938110983377056,Power
2022-01-06,Gansu,0.3265422691044539,Power
2022-01-07,Gansu,0.3259745009585906,Power
2022-01-08,Gansu,0.32058334026706486,Power
2022-01-09,Gansu,0.31731911287737996,Power
2022-01-10,Gansu,0.32938110983377056,Power
2022-01-11,Gansu,0.321291732102306,Power
2022-01-12,Gansu,0.3214341135878012,Power
2022-01-13,Gansu,0.3188800358294748,Power
2022-01-14,Gansu,0.31689372621701173,Power
2022-01-15,Gansu,0.3088043484855473,Power
2022-01-16,Gansu,0.3051147344354943,Power
2022-01-17,Gansu,0.30213351222068247,Power
2022-01-18,Gansu,0.3038368166582725,Power
2022-01-19,Gansu,0.3022758937061777,Power
2022-01-20,Gansu,0.2965999700436616,Power
2022-01-21,Gansu,0.293761129314345,Power
2022-01-22,Gansu,0.288368210826702,Power
2022-01-23,Gansu,0.2838278234559125,Power
2022-01-24,Gansu,0.2794280597745011,Power
2022-01-25,Gansu,0.2819821375328274,Power
2022-01-26,Gansu,0.2730419864806266,Power
2022-01-27,Gansu,0.2598444532325093,Power
2022-01-28,Gansu,0.2412522437006319,Power
2022-01-29,Gansu,0.23146131932769465,Power
2022-01-30,Gansu,0.22124325049827195,Power
2022-01-31,Gansu,0.21201833647508084,Power
2022-01-01,Fujian,0.2765276640175309,Power
2022-01-02,Fujian,0.2771404945976451,Power
2022-01-03,Fujian,0.28620249926497776,Power
2022-01-04,Fujian,0.2869366824352136,Power
2022-01-05,Fujian,0.28424265493451345,Power
2022-01-06,Fujian,0.2817928495214331,Power
2022-01-07,Fujian,0.281302888438817,Power
2022-01-08,Fujian,0.2766505335150291,Power
2022-01-09,Fujian,0.2738336365168308,Power
2022-01-10,Fujian,0.28424265493451345,Power
2022-01-11,Fujian,0.27726184718776675,Power
2022-01-12,Fujian,0.277384716685265,Power
2022-01-13,Fujian,0.27518065026718086,Power
2022-01-14,Fujian,0.27346654493171285,Power
2022-01-15,Fujian,0.26648573718496615,Power
2022-01-16,Fujian,0.26330174860165,Power
2022-01-17,Fujian,0.2607290736910714,Power
2022-01-18,Fujian,0.2621989569389197,Power
2022-01-19,Fujian,0.26085194318856963,Power
2022-01-20,Fujian,0.2559538492697854,Power
2022-01-21,Fujian,0.25350404385670505,Power
2022-01-22,Fujian,0.24885017202554058,Power
2022-01-23,Fujian,0.24493200027198847,Power
2022-01-24,Fujian,0.24113518110855806,Power
2022-01-25,Fujian,0.2433392475266421,Power
2022-01-26,Fujian,0.23562425660965963,Power
2022-01-27,Fujian,0.2242353160267448,Power
2022-01-28,Fujian,0.208190986705289,Power
2022-01-29,Fujian,0.19974181261807064,Power
2022-01-30,Fujian,0.1909240300383578,Power
2022-01-31,Fujian,0.182963300126379,Power
2022-01-01,Tibet,0.0003895667649846921,Power
2022-01-02,Tibet,0.0003904301087207591,Power
2022-01-03,Tibet,0.00040319648366943386,Power
2022-01-04,Tibet,0.00040423078656115773,Power
2022-01-05,Tibet,0.00040043549330557584,Power
2022-01-06,Tibet,0.00039698425535075337,Power
2022-01-07,Tibet,0.00039629400775978885,Power
2022-01-08,Tibet,0.0003897398611297947,Power
2022-01-09,Tibet,0.0003857714717291102,Power
2022-01-10,Tibet,0.00040043549330557584,Power
2022-01-11,Tibet,0.00039060106787641594,Power
2022-01-12,Tibet,0.0003907741640215186,Power
2022-01-13,Tibet,0.0003876691183569011,Power
2022-01-14,Tibet,0.0003852543202832482,Power
2022-01-15,Tibet,0.0003754198948540884,Power
2022-01-16,Tibet,0.00037093435400754204,Power
2022-01-17,Tibet,0.0003673100199076169,Power
2022-01-18,Tibet,0.0003693807626805105,Power
2022-01-19,Tibet,0.00036748311605271956,Power
2022-01-20,Tibet,0.00036058277713252025,Power
2022-01-21,Tibet,0.0003571315391776977,Power
2022-01-22,Tibet,0.0003505752555582578,Power
2022-01-23,Tibet,0.0003450554118199875,Power
2022-01-24,Tibet,0.0003397065272373741,Power
2022-01-25,Tibet,0.00034281157290199147,Power
2022-01-26,Tibet,0.00033194284458110774,Power
2022-01-27,Tibet,0.0003158983278227131,Power
2022-01-28,Tibet,0.0002932953904554328,Power
2022-01-29,Tibet,0.0002813923592428252,Power
2022-01-30,Tibet,0.00026897003959490987,Power
2022-01-31,Tibet,0.00025775511898382103,Power
2022-01-01,Guizhou,0.32265094023819213,Power
2022-01-02,Guizhou,0.32336598755030493,Power
2022-01-03,Guizhou,0.3339394841903098,Power
2022-01-04,Guizhou,0.3347961250295736,Power
2022-01-05,Guizhou,0.33165274872682027,Power
2022-01-06,Guizhou,0.3287943293974584,Power
2022-01-07,Guizhou,0.32822264553158603,Power
2022-01-08,Guizhou,0.3227943036844326,Power
2022-01-09,Guizhou,0.3195075639354388,Power
2022-01-10,Guizhou,0.33165274872682027,Power
2022-01-11,Guizhou,0.323507581077456,Power
2022-01-12,Guizhou,0.32365094452369647,Power
2022-01-13,Guizhou,0.3210792520868154,Power
2022-01-14,Guizhou,0.3190792435158068,Power
2022-01-15,Guizhou,0.31093407586644256,Power
2022-01-16,Guizhou,0.3072190156978169,Power
2022-01-17,Guizhou,0.3042172329222145,Power
2022-01-18,Guizhou,0.3059322845198317,Power
2022-01-19,Guizhou,0.304360596368455,Power
2022-01-20,Guizhou,0.29864552762882063,Power
2022-01-21,Guizhou,0.2957871082994588,Power
2022-01-22,Guizhou,0.29035699653321595,Power
2022-01-23,Guizhou,0.2857852955253263,Power
2022-01-24,Guizhou,0.28135518804458776,Power
2022-01-25,Guizhou,0.28392688048146875,Power
2022-01-26,Guizhou,0.2749250719928406,Power
2022-01-27,Guizhou,0.26163651946971433,Power
2022-01-28,Guizhou,0.24291608526125585,Power
2022-01-29,Guizhou,0.23305763593336384,Power
2022-01-30,Guizhou,0.22276909626675048,Power
2022-01-31,Guizhou,0.2134805608856415,Power
2022-01-01,Liaoning,0.4785262178795665,Power
2022-01-02,Liaoning,0.4795867103288297,Power
2022-01-03,Liaoning,0.4952683486751137,Power
2022-01-04,Liaoning,0.4965388396291816,Power
2022-01-05,Liaoning,0.49187687282251935,Power
2022-01-06,Liaoning,0.48763752800677634,Power
2022-01-07,Liaoning,0.48678965904362775,Power
2022-01-08,Liaoning,0.47873884136568123,Power
2022-01-09,Liaoning,0.47386425107290425,Power
2022-01-10,Liaoning,0.49187687282251935,Power
2022-01-11,Liaoning,0.4797967088336343,Power
2022-01-12,Liaoning,0.4800093323197491,Power
2022-01-13,Liaoning,0.47619523447623535,Power
2022-01-14,Liaoning,0.4732290055958703,Power
2022-01-15,Liaoning,0.4611488416069853,Power
2022-01-16,Liaoning,0.45563900583717454,Power
2022-01-17,Liaoning,0.45118703753531675,Power
2022-01-18,Liaoning,0.45373064442476263,Power
2022-01-19,Liaoning,0.45139966102143153,Power
2022-01-20,Liaoning,0.4429235963712556,Power
2022-01-21,Liaoning,0.4386842515555126,Power
2022-01-22,Liaoning,0.430630808896256,Power
2022-01-23,Liaoning,0.42385048217237714,Power
2022-01-24,Liaoning,0.4172801539533031,Power
2022-01-25,Liaoning,0.4210942517968167,Power
2022-01-26,Liaoning,0.4077435968538639,Power
2022-01-27,Liaoning,0.3880352371779516,Power
2022-01-28,Liaoning,0.3602708098614726,Power
2022-01-29,Liaoning,0.34564966396445185,Power
2022-01-30,Liaoning,0.33039064760908715,Power
2022-01-31,Liaoning,0.316614745693905,Power
2022-01-01,Chongqing,0.15166149990580843,Power
2022-01-02,Chongqing,0.1519976066215632,Power
2022-01-03,Chongqing,0.15696765988868938,Power
2022-01-04,Chongqing,0.1573703223897421,Power
2022-01-05,Chongqing,0.1558927839561271,Power
2022-01-06,Chongqing,0.15454918904042425,Power
2022-01-07,Chongqing,0.1542804700572837,Power
2022-01-08,Chongqing,0.15172888763842265,Power
2022-01-09,Chongqing,0.15018396147219343,Power
2022-01-10,Chongqing,0.1558927839561271,Power
2022-01-11,Chongqing,0.15206416240686116,Power
2022-01-12,Chongqing,0.1521315501394754,Power
2022-01-13,Chongqing,0.15092273068900092,Power
2022-01-14,Chongqing,0.14998263022166705,Power
2022-01-15,Chongqing,0.14615400867240114,Power
2022-01-16,Chongqing,0.14440775125564556,Power
2022-01-17,Chongqing,0.1429967686073285,Power
2022-01-18,Chongqing,0.14380292555675023,Power
2022-01-19,Chongqing,0.14306415633994274,Power
2022-01-20,Chongqing,0.14037779845585327,Power
2022-01-21,Chongqing,0.13903420354015042,Power
2022-01-22,Chongqing,0.13648178917397313,Power
2022-01-23,Chongqing,0.1343328692561648,Power
2022-01-24,Chongqing,0.13225050512365447,Power
2022-01-25,Chongqing,0.1334593245741289,Power
2022-01-26,Chongqing,0.12922804052381026,Power
2022-01-27,Chongqing,0.12298178007359543,Power
2022-01-28,Chongqing,0.11418227330988712,Power
2022-01-29,Chongqing,0.10954832675851571,Power
2022-01-30,Chongqing,0.10471221700930171,Power
2022-01-31,Chongqing,0.10034615749375465,Power
2022-01-01,Shaanxi,0.669621814595456,Power
2022-01-02,Shaanxi,0.6711058061756605,Power
2022-01-03,Shaanxi,0.6930497806809638,Power
2022-01-04,Shaanxi,0.6948276319800208,Power
2022-01-05,Shaanxi,0.6883039462214975,Power
2022-01-06,Shaanxi,0.6823716531471645,Power
2022-01-07,Shaanxi,0.681185194532298,Power
2022-01-08,Shaanxi,0.6699193475607941,Power
2022-01-09,Shaanxi,0.6630981288369326,Power
2022-01-10,Shaanxi,0.6883039462214975,Power
2022-01-11,Shaanxi,0.6713996658945129,Power
2022-01-12,Shaanxi,0.6716971988598511,Power
2022-01-13,Shaanxi,0.6663599717161942,Power
2022-01-14,Shaanxi,0.6622092031874041,Power
2022-01-15,Shaanxi,0.6453049228604196,Power
2022-01-16,Shaanxi,0.6375947784870298,Power
2022-01-17,Shaanxi,0.6313649524473587,Power
2022-01-18,Shaanxi,0.6349243282919586,Power
2022-01-19,Shaanxi,0.6316624854126969,Power
2022-01-20,Shaanxi,0.6198015725105168,Power
2022-01-21,Shaanxi,0.6138692794361839,Power
2022-01-22,Shaanxi,0.6025997592181942,Power
2022-01-23,Shaanxi,0.5931117635457471,Power
2022-01-24,Shaanxi,0.5839176275921527,Power
2022-01-25,Shaanxi,0.5892548547358094,Power
2022-01-26,Shaanxi,0.570572723109768,Power
2022-01-27,Shaanxi,0.54299398849547,Power
2022-01-28,Shaanxi,0.5041420604166966,Power
2022-01-29,Shaanxi,0.4836820774915981,Power
2022-01-30,Shaanxi,0.4623294956704853,Power
2022-01-31,Shaanxi,0.4430522981137678,Power
2022-01-01,Qinghai,0.12095722015726629,Power
2022-01-02,Qinghai,0.12122528116180027,Power
2022-01-03,Qinghai,0.1251891337387462,Power
2022-01-04,Qinghai,0.12551027613031665,Power
2022-01-05,Qinghai,0.12433186933810775,Power
2022-01-06,Qinghai,0.12326028883730969,Power
2022-01-07,Qinghai,0.12304597273715007,Power
2022-01-08,Qinghai,0.12101096506164069,Power
2022-01-09,Qinghai,0.11977881336505738,Power
2022-01-10,Qinghai,0.12433186933810775,Power
2022-01-11,Qinghai,0.12127836254883671,Power
2022-01-12,Qinghai,0.12133210745321113,Power
2022-01-13,Qinghai,0.12036801676116182,Power
2022-01-14,Qinghai,0.11961824216927215,Power
2022-01-15,Qinghai,0.11656473538000114,Power
2022-01-16,Qinghai,0.11517201248763266,Power
2022-01-17,Qinghai,0.11404668708246017,Power
2022-01-18,Qinghai,0.11468963538293903,Power
2022-01-19,Qinghai,0.11410043198683459,Power
2022-01-20,Qinghai,0.1119579345025764,Power
2022-01-21,Qinghai,0.11088635400177835,Power
2022-01-22,Qinghai,0.108850682808931,Power
2022-01-23,Qinghai,0.10713681752499203,Power
2022-01-24,Qinghai,0.10547603362808952,Power
2022-01-25,Qinghai,0.1064401243201388,Power
2022-01-26,Qinghai,0.10306547513929736,Power
2022-01-27,Qinghai,0.09808378696592776,Power
2022-01-28,Qinghai,0.09106576408237287,Power
2022-01-29,Qinghai,0.08736997250996097,Power
2022-01-30,Qinghai,0.08351294622442587,Power
2022-01-31,Qinghai,0.08003080723483563,Power
2022-01-01,Heilongjiang,0.2557012779497622,Power
2022-01-02,Heilongjiang,0.2562679538483875,Power
2022-01-03,Heilongjiang,0.26464746329984246,Power
2022-01-04,Heilongjiang,0.26532635224770057,Power
2022-01-05,Heilongjiang,0.2628352225547337,Power
2022-01-06,Heilongjiang,0.26056992162334774,Power
2022-01-07,Heilongjiang,0.2601168614370705,Power
2022-01-08,Heilongjiang,0.25581489366211035,Power
2022-01-09,Heilongjiang,0.25321014825679533,Power
2022-01-10,Heilongjiang,0.2628352225547337,Power
2022-01-11,Heilongjiang,0.2563801668976202,Power
2022-01-12,Heilongjiang,0.25649378260996847,Power
2022-01-13,Heilongjiang,0.25445571310327875,Power
2022-01-14,Heilongjiang,0.25287070378286625,Power
2022-01-15,Heilongjiang,0.24641564812575287,Power
2022-01-16,Heilongjiang,0.24347145824650887,Power
2022-01-17,Heilongjiang,0.24109254160277468,Power
2022-01-18,Heilongjiang,0.24245172216160632,Power
2022-01-19,Heilongjiang,0.2412061573151229,Power
2022-01-20,Heilongjiang,0.2366769581154664,Power
2022-01-21,Heilongjiang,0.23441165718408044,Power
2022-01-22,Heilongjiang,0.23010828674600484,Power
2022-01-23,Heilongjiang,0.22648520791890267,Power
2022-01-24,Heilongjiang,0.22297434214103332,Power
2022-01-25,Heilongjiang,0.22501241164772295,Power
2022-01-26,Heilongjiang,0.21787846704275146,Power
2022-01-27,Heilongjiang,0.20734727237225872,Power
2022-01-28,Heilongjiang,0.19251130460057495,Power
2022-01-29,Heilongjiang,0.18469847104774537,Power
2022-01-30,Heilongjiang,0.17654479035787132,Power
2022-01-31,Heilongjiang,0.16918361432820353,Power
2022-02-01,Shanghai,0.10656082359095789,Power
2022-02-02,Shanghai,0.10520474336997526,Power
2022-02-03,Shanghai,0.10596741403757637,Power
2022-02-04,Shanghai,0.1035091452669405,Power
2022-02-05,Shanghai,0.10452670325948397,Power
2022-02-06,Shanghai,0.10851031336532202,Power
2022-02-07,Shanghai,0.1135124771173166,Power
2022-02-08,Shanghai,0.11664878599844378,Power
2022-02-09,Shanghai,0.11910705476907964,Power
2022-02-10,Shanghai,0.1198707210902938,Power
2022-02-11,Shanghai,0.12326191729636338,Power
2022-02-12,Shanghai,0.12453336696023619,Power
2022-02-13,Shanghai,0.12393995740685468,Power
2022-02-14,Shanghai,0.1282630853947449,Power
2022-02-15,Shanghai,0.12978942238356014,Power
2022-02-16,Shanghai,0.13173891215792427,Power
2022-02-17,Shanghai,0.14148835233697105,Power
2022-02-18,Shanghai,0.14920267653093083,Power
2022-02-19,Shanghai,0.1509829051910754,Power
2022-02-20,Shanghai,0.15522140262185585,Power
2022-02-21,Shanghai,0.16327524469786783,Power
2022-02-22,Shanghai,0.16471595547596024,Power
2022-02-23,Shanghai,0.16208842559110476,Power
2022-02-24,Shanghai,0.1591203821705841,Power
2022-02-25,Shanghai,0.15420384462931236,Power
2022-02-26,Shanghai,0.1506433873090232,Power
2022-02-27,Shanghai,0.14250491467590146,Power
2022-02-28,Shanghai,0.14521807077147975,Power
2022-02-01,Yunnan,0.11753913281178426,Power
2022-02-02,Yunnan,0.1160433439484272,Power
2022-02-03,Yunnan,0.11688458790535196,Power
2022-02-04,Yunnan,0.11417305875437653,Power
2022-02-05,Yunnan,0.1152954495167487,Power
2022-02-06,Yunnan,0.11968946658157359,Power
2022-02-07,Yunnan,0.1252069726384794,Power
2022-02-08,Yunnan,0.12866639622113335,Power
2022-02-09,Yunnan,0.13137792537210877,Power
2022-02-10,Yunnan,0.1322202675587423,Power
2022-02-11,Yunnan,0.13596083794684366,Power
2022-02-12,Yunnan,0.13736327728495448,Power
2022-02-13,Yunnan,0.13670873237852219,Power
2022-02-14,Yunnan,0.14147724577404072,Power
2022-02-15,Yunnan,0.14316083191759899,Power
2022-02-16,Yunnan,0.14531116568738833,Power
2022-02-17,Yunnan,0.15606503099575256,Power
2022-02-18,Yunnan,0.16457411477937248,Power
2022-02-19,Yunnan,0.16653774949866934,Power
2022-02-20,Yunnan,0.1712129133689417,Power
2022-02-21,Yunnan,0.18009649348325527,Power
2022-02-22,Yunnan,0.18168563187185852,Power
2022-02-23,Yunnan,0.17878740367039062,Power
2022-02-24,Yunnan,0.17551358090852037,Power
2022-02-25,Yunnan,0.1700905226065695,Power
2022-02-26,Yunnan,0.1661632531679757,Power
2022-02-27,Yunnan,0.15718632352841594,Power
2022-02-28,Yunnan,0.1601789994848388,Power
2022-02-01,InnerMongolia,0.9605621039330555,Power
2022-02-02,InnerMongolia,0.9483381061609549,Power
2022-02-03,InnerMongolia,0.9552129830283772,Power
2022-02-04,InnerMongolia,0.9330536214282921,Power
2022-02-05,InnerMongolia,0.9422261072749047,Power
2022-02-06,InnerMongolia,0.9781352226098342,Power
2022-02-07,InnerMongolia,1.0232257988264515,Power
2022-02-08,InnerMongolia,1.0514971593125868,Power
2022-02-09,InnerMongolia,1.0736565209126718,Power
2022-02-10,InnerMongolia,1.080540372815169,Power
2022-02-11,InnerMongolia,1.1111093422804952,Power
2022-02-12,InnerMongolia,1.1225704620712236,Power
2022-02-13,InnerMongolia,1.1172213411665455,Power
2022-02-14,InnerMongolia,1.1561909434620372,Power
2022-02-15,InnerMongolia,1.1699496722319567,Power
2022-02-16,InnerMongolia,1.1875227909087354,Power
2022-02-17,InnerMongolia,1.275406334362779,Power
2022-02-18,InnerMongolia,1.3449449061235972,Power
2022-02-19,InnerMongolia,1.360992268837632,Power
2022-02-20,InnerMongolia,1.3991989931517521,Power
2022-02-21,InnerMongolia,1.4717980518731328,Power
2022-02-22,InnerMongolia,1.4847849276266052,Power
2022-02-23,InnerMongolia,1.4610998100637758,Power
2022-02-24,InnerMongolia,1.4343452305053097,Power
2022-02-25,InnerMongolia,1.3900265073051392,Power
2022-02-26,InnerMongolia,1.3579317818770693,Power
2022-02-27,InnerMongolia,1.2845698451743168,Power
2022-02-28,InnerMongolia,1.3090268157535927,Power
2022-02-01,Beijing,0.0680829751018687,Power
2022-02-02,Beijing,0.06721655935159544,Power
2022-02-03,Beijing,0.06770383869426014,Power
2022-02-04,Beijing,0.06613322159629784,Power
2022-02-05,Beijing,0.06678335147645882,Power
2022-02-06,Beijing,0.06932852725975051,Power
2022-02-07,Beijing,0.07252446905811528,Power
2022-02-08,Beijing,0.07452829403121422,Power
2022-02-09,Beijing,0.07609891112917652,Power
2022-02-10,Beijing,0.07658682660675331,Power
2022-02-11,Beijing,0.07875350211734854,Power
2022-02-12,Beijing,0.07956584640009372,Power
2022-02-13,Beijing,0.07918670999248517,Power
2022-02-14,Beijing,0.08194880778080121,Power
2022-02-15,Beijing,0.08292400260104271,Power
2022-02-16,Beijing,0.08416955475892451,Power
2022-02-17,Beijing,0.09039858781815777,Power
2022-02-18,Beijing,0.09532736111706905,Power
2022-02-19,Beijing,0.09646477033989473,Power
2022-02-20,Beijing,0.09917279666068272,Power
2022-02-21,Beijing,0.10431849196461837,Power
2022-02-22,Beijing,0.10523897918241969,Power
2022-02-23,Beijing,0.10356021914940121,Power
2022-02-24,Beijing,0.10166390097644634,Power
2022-02-25,Beijing,0.09852266678052173,Power
2022-02-26,Beijing,0.09624784833487036,Power
2022-02-27,Beijing,0.09104808156340666,Power
2022-02-28,Beijing,0.09278154919886526,Power
2022-02-01,Jilin,0.1370520117457457,Power
2022-02-02,Jilin,0.13530790433261516,Power
2022-02-03,Jilin,0.13628880468390592,Power
2022-02-04,Jilin,0.1331271297918213,Power
2022-02-05,Jilin,0.13443585062604993,Power
2022-02-06,Jilin,0.13955932622071596,Power
2022-02-07,Jilin,0.1459928031983721,Power
2022-02-08,Jilin,0.15002653179702197,Power
2022-02-09,Jilin,0.15318820668910654,Power
2022-02-10,Jilin,0.15417038758915877,Power
2022-02-11,Jilin,0.1585319366707465,Power
2022-02-12,Jilin,0.16016719743915153,Power
2022-02-13,Jilin,0.15940399037731176,Power
2022-02-14,Jilin,0.16496413309964117,Power
2022-02-15,Jilin,0.16692721435098412,Power
2022-02-16,Jilin,0.1694345288259544,Power
2022-02-17,Jilin,0.1819736622983288,Power
2022-02-18,Jilin,0.19189535410224595,Power
2022-02-19,Jilin,0.19418497528776527,Power
2022-02-20,Jilin,0.19963627136536924,Power
2022-02-21,Jilin,0.20999463029694976,Power
2022-02-22,Jilin,0.21184758435480575,Power
2022-02-23,Jilin,0.20846821617327013,Power
2022-02-24,Jilin,0.2046509003153098,Power
2022-02-25,Jilin,0.19832755053114062,Power
2022-02-26,Jilin,0.1937483081601019,Power
2022-02-27,Jilin,0.1832811025837959,Power
2022-02-28,Jilin,0.18677059795881842,Power
2022-02-01,Sichuan,0.18776625692779458,Power
2022-02-02,Sichuan,0.1853767661317669,Power
2022-02-03,Sichuan,0.18672063540471642,Power
2022-02-04,Sichuan,0.18238902543746804,Power
2022-02-05,Sichuan,0.1841820207337531,Power
2022-02-06,Sichuan,0.19120136924690043,Power
2022-02-07,Sichuan,0.20001546745486148,Power
2022-02-08,Sichuan,0.2055418228201237,Power
2022-02-09,Sichuan,0.20987343278737206,Power
2022-02-10,Sichuan,0.2112190564588502,Power
2022-02-11,Sichuan,0.217194537847448,Power
2022-02-12,Sichuan,0.21943490476854,Power
2022-02-13,Sichuan,0.21838928324546183,Power
2022-02-14,Sichuan,0.2260068816568804,Power
2022-02-15,Sichuan,0.22869637460130804,Power
2022-02-16,Sichuan,0.23213148692041388,Power
2022-02-17,Sichuan,0.24931055731300036,Power
2022-02-18,Sichuan,0.2629036371130168,Power
2022-02-19,Sichuan,0.2660405016822513,Power
2022-02-20,Sichuan,0.2735089762187342,Power
2022-02-21,Sichuan,0.28770030591702184,Power
2022-02-22,Sichuan,0.29023892058798517,Power
2022-02-23,Sichuan,0.2856090628708654,Power
2022-02-24,Sichuan,0.2803792008569459,Power
2022-02-25,Sichuan,0.27171598092244914,Power
2022-02-26,Sichuan,0.26544225178398,Power
2022-02-27,Sichuan,0.2511017982107568,Power
2022-02-28,Sichuan,0.25588253420134077,Power
2022-02-01,Tianjin,0.13108927389060995,Power
2022-02-02,Tianjin,0.1294210475620635,Power
2022-02-03,Tianjin,0.13035927176739873,Power
2022-02-04,Tianjin,0.12733515223349187,Power
2022-02-05,Tianjin,0.1285869343977903,Power
2022-02-06,Tianjin,0.1334875023423676,Power
2022-02-07,Tianjin,0.13964107728702052,Power
2022-02-08,Tianjin,0.1434993099852006,Power
2022-02-09,Tianjin,0.14652342951910746,Power
2022-02-10,Tianjin,0.1474628785602199,Power
2022-02-11,Tianjin,0.15163466921736318,Power
2022-02-12,Tianjin,0.1531987845048476,Power
2022-02-13,Tianjin,0.15246878238163641,Power
2022-02-14,Tianjin,0.1577870193262389,Power
2022-02-15,Tianjin,0.15966469257268656,Power
2022-02-16,Tianjin,0.16206292102444422,Power
2022-02-17,Tianjin,0.17405651295478686,Power
2022-02-18,Tianjin,0.18354654055653266,Power
2022-02-19,Tianjin,0.18573654692616628,Power
2022-02-20,Tianjin,0.19095067282970682,Power
2022-02-21,Tianjin,0.20085836943147783,Power
2022-02-22,Tianjin,0.20263070680108627,Power
2022-02-23,Tianjin,0.19939836518505535,Power
2022-02-24,Tianjin,0.1957471297332221,Power
2022-02-25,Tianjin,0.18969889066540838,Power
2022-02-26,Tianjin,0.18531887792614107,Power
2022-02-27,Tianjin,0.17530707028330805,Power
2022-02-28,Tianjin,0.17864474777617814,Power
2022-02-01,Ningxia,0.24690602597654868,Power
2022-02-02,Ningxia,0.24376392959454746,Power
2022-02-03,Ningxia,0.24553107043787561,Power
2022-02-04,Ningxia,0.23983515563085583,Power
2022-02-05,Ningxia,0.24219288140354686,Power
2022-02-06,Ningxia,0.2514230778972229,Power
2022-02-07,Ningxia,0.2630133071359703,Power
2022-02-08,Ningxia,0.2702802701339907,Power
2022-02-09,Ningxia,0.27597618494101045,Power
2022-02-10,Ningxia,0.27774563275671893,Power
2022-02-11,Ningxia,0.28560318068410223,Power
2022-02-12,Ningxia,0.28854918441377586,Power
2022-02-13,Ningxia,0.28717422887510285,Power
2022-02-14,Ningxia,0.2971911029504693,Power
2022-02-15,Ningxia,0.3007276916095059,Power
2022-02-16,Ningxia,0.30524474353018016,Power
2022-02-17,Ningxia,0.327834617078312,Power
2022-02-18,Ningxia,0.3457090390810619,Power
2022-02-19,Ningxia,0.349833905697081,Power
2022-02-20,Ningxia,0.35965468712012,Power
2022-02-21,Ningxia,0.37831578670456023,Power
2022-02-22,Ningxia,0.381653975738889,Power
2022-02-23,Ningxia,0.37556587562721405,Power
2022-02-24,Ningxia,0.3686887909614685,Power
2022-02-25,Ningxia,0.35729696134742894,Power
2022-02-26,Ningxia,0.3490472281153905,Power
2022-02-27,Ningxia,0.3301900358786227,Power
2022-02-28,Ningxia,0.33647653561500546,Power
2022-02-01,Anhui,0.500526356950424,Power
2022-02-02,Anhui,0.49415671874880496,Power
2022-02-03,Anhui,0.4977390556522119,Power
2022-02-04,Anhui,0.486192332656766,Power
2022-02-05,Anhui,0.4909718996479955,Power
2022-02-06,Anhui,0.5096832964502552,Power
2022-02-07,Anhui,0.5331789369237749,Power
2022-02-08,Anhui,0.5479104790200304,Power
2022-02-09,Anhui,0.5594572020154763,Power
2022-02-10,Anhui,0.5630442155989138,Power
2022-02-11,Anhui,0.5789729877829919,Power
2022-02-12,Anhui,0.5849451081820135,Power
2022-02-13,Anhui,0.5821578068838015,Power
2022-02-14,Anhui,0.6024639515764811,Power
2022-02-15,Anhui,0.6096333020633256,Power
2022-02-16,Anhui,0.6187902415631567,Power
2022-02-17,Anhui,0.6645842924223736,Power
2022-02-18,Anhui,0.7008192092991314,Power
2022-02-19,Anhui,0.7091811131937679,Power
2022-02-20,Anhui,0.7290897400838503,Power
2022-02-21,Anhui,0.7669194048510282,Power
2022-02-22,Anhui,0.7736865608552446,Power
2022-02-23,Anhui,0.7613448022546037,Power
2022-02-24,Anhui,0.7474036190835126,Power
2022-02-25,Anhui,0.7243101730926207,Power
2022-02-26,Anhui,0.7075863653033478,Power
2022-02-27,Anhui,0.6693591827335725,Power
2022-02-28,Anhui,0.6821031358168412,Power
2022-02-01,Shandong,1.0016070035010998,Power
2022-02-02,Shandong,0.988860673275094,Power
2022-02-03,Shandong,0.9960293142098374,Power
2022-02-04,Shandong,0.9729230812230472,Power
2022-02-05,Shandong,0.9824875081620911,Power
2022-02-06,Shandong,1.019931023018368,Power
2022-02-07,Shandong,1.0669483233527683,Power
2022-02-08,Shandong,1.0964277214525615,Power
2022-02-09,Shandong,1.1195339544393517,Power
2022-02-10,Shandong,1.1267119539131745,Power
2022-02-11,Shandong,1.1585871380172683,Power
2022-02-12,Shandong,1.1705379924215336,Power
2022-02-13,Shandong,1.1649603031302713,Power
2022-02-14,Shandong,1.2055950798125892,Power
2022-02-15,Shandong,1.2199417202211555,Power
2022-02-16,Shandong,1.2382657397384238,Power
2022-02-17,Shandong,1.3299045544029235,Power
2022-02-18,Shandong,1.4024145151893355,Power
2022-02-19,Shandong,1.4191475830631228,Power
2022-02-20,Shandong,1.4589868839237006,Power
2022-02-21,Shandong,1.5346881065361535,Power
2022-02-22,Shandong,1.5482299125838999,Power
2022-02-23,Shandong,1.5235327279536282,Power
2022-02-24,Shandong,1.495634922958237,Power
2022-02-25,Shandong,1.4494224569846565,Power
2022-02-26,Shandong,1.4159563212370816,Power
2022-02-27,Shandong,1.339459622802888,Power
2022-02-28,Shandong,1.3649616417939792,Power
2022-02-01,Shanxi,0.5617565488152797,Power
2022-02-02,Shanxi,0.5546077025584224,Power
2022-02-03,Shanxi,0.5586282724796799,Power
2022-02-04,Shanxi,0.5456690203444519,Power
2022-02-05,Shanxi,0.5510332794299937,Power
2022-02-06,Shanxi,0.5720336714077369,Power
2022-02-07,Shanxi,0.59840357125682,Power
2022-02-08,Shanxi,0.6149372465204768,Power
2022-02-09,Shanxi,0.6278964986557048,Power
2022-02-10,Shanxi,0.6319223173627604,Power
2022-02-11,Shanxi,0.6497996817907016,Power
2022-02-12,Shanxi,0.65650238125473,Power
2022-02-13,Shanxi,0.6533741049191303,Power
2022-02-14,Shanxi,0.6761643328539867,Power
2022-02-15,Shanxi,0.6842107214822998,Power
2022-02-16,Shanxi,0.6944878440747568,Power
2022-02-17,Shanxi,0.7458839546086385,Power
2022-02-18,Shanxi,0.7865515469714363,Power
2022-02-19,Shanxi,0.7959363759782356,Power
2022-02-20,Shanxi,0.8182804571202633,Power
2022-02-21,Shanxi,0.8607378854401744,Power
2022-02-22,Shanxi,0.8683328784898605,Power
2022-02-23,Shanxi,0.8544813327689745,Power
2022-02-24,Shanxi,0.8388347023051775,Power
2022-02-25,Shanxi,0.8129161980347213,Power
2022-02-26,Shanxi,0.7941465400211223,Power
2022-02-27,Shanxi,0.7512429649083824,Power
2022-02-28,Shanxi,0.7655459062078951,Power
2022-02-01,Guangdong,0.42153459936471993,Power
2022-02-02,Guangdong,0.4161702007668582,Power
2022-02-03,Guangdong,0.4191871826508245,Power
2022-02-04,Guangdong,0.4094627332102073,Power
2022-02-05,Guangdong,0.41348800146792736,Power
2022-02-06,Guangdong,0.42924641467647706,Power
2022-02-07,Guangdong,0.4490340347613943,Power
2022-02-08,Guangdong,0.46144068350094236,Power
2022-02-09,Guangdong,0.4711651329415595,Power
2022-02-10,Guangdong,0.4741860534441733,Power
2022-02-11,Guangdong,0.4876009885574751,Power
2022-02-12,Guangdong,0.49263060457030133,Power
2022-02-13,Guangdong,0.49028318785640596,Power
2022-02-14,Guangdong,0.5073846700237448,Power
2022-02-15,Guangdong,0.513422572410325,Power
2022-02-16,Guangdong,0.5211343877220821,Power
2022-02-17,Guangdong,0.5597013415181628,Power
2022-02-18,Guangdong,0.5902177587988036,Power
2022-02-19,Guangdong,0.5972600089404897,Power
2022-02-20,Guangdong,0.6140267085227933,Power
2022-02-21,Guangdong,0.6458861947622232,Power
2022-02-22,Guangdong,0.6515853759451203,Power
2022-02-23,Guangdong,0.6411913613344321,Power
2022-02-24,Guangdong,0.6294503391463075,Power
2022-02-25,Guangdong,0.6100014402650733,Power
2022-02-26,Guangdong,0.5959169399817006,Power
2022-02-27,Guangdong,0.5637226711572353,Power
2022-02-28,Guangdong,0.5744554069716062,Power
2022-02-01,Guangxi,0.16167240109167558,Power
2022-02-02,Guangxi,0.15961497756573922,Power
2022-02-03,Guangxi,0.1607720894753334,Power
2022-02-04,Guangxi,0.15704244286333865,Power
2022-02-05,Guangxi,0.15858626580277105,Power
2022-02-06,Guangxi,0.1646301362339541,Power
2022-02-07,Guangxi,0.1722193401945298,Power
2022-02-08,Guangxi,0.1769776985694927,Power
2022-02-09,Guangxi,0.1807073451814874,Power
2022-02-10,Guangxi,0.18186596768104188,Power
2022-02-11,Guangxi,0.18701103708584302,Power
2022-02-12,Guangxi,0.18894006046515335,Power
2022-02-13,Guangxi,0.1880397488488112,Power
2022-02-14,Guangxi,0.19459873045645842,Power
2022-02-15,Guangxi,0.19691446486560707,Power
2022-02-16,Guangxi,0.19987220000788558,Power
2022-02-17,Guangxi,0.21466389689919876,Power
2022-02-18,Guangxi,0.2263679479116472,Power
2022-02-19,Guangxi,0.22906888276067372,Power
2022-02-20,Guangxi,0.23549946422169502,Power
2022-02-21,Guangxi,0.24771862641060766,Power
2022-02-22,Guangxi,0.24990445008317,Power
2022-02-23,Guangxi,0.24591800317792323,Power
2022-02-24,Guangxi,0.24141493450625204,Power
2022-02-25,Guangxi,0.2339556412822626,Power
2022-02-26,Guangxi,0.22855377158420948,Power
2022-02-27,Guangxi,0.21620620924867084,Power
2022-02-28,Guangxi,0.22032256689050386,Power
2022-02-01,Xinjiang,0.6155985178939624,Power
2022-02-02,Xinjiang,0.607764485216187,Power
2022-02-03,Xinjiang,0.6121704096149946,Power
2022-02-04,Xinjiang,0.5979690684392037,Power
2022-02-05,Xinjiang,0.6038474688772995,Power
2022-02-06,Xinjiang,0.6268606588507054,Power
2022-02-07,Xinjiang,0.6557580011217354,Power
2022-02-08,Xinjiang,0.6738763586364139,Power
2022-02-09,Xinjiang,0.6880776998122048,Power
2022-02-10,Xinjiang,0.6924893760705408,Power
2022-02-11,Xinjiang,0.7120802096245075,Power
2022-02-12,Xinjiang,0.7194253342423628,Power
2022-02-13,Xinjiang,0.7159972259633952,Power
2022-02-14,Xinjiang,0.740971800036009,Power
2022-02-15,Xinjiang,0.7497894006931527,Power
2022-02-16,Xinjiang,0.7610515416498957,Power
2022-02-17,Xinjiang,0.8173737501526677,Power
2022-02-18,Xinjiang,0.8619391577792485,Power
2022-02-19,Xinjiang,0.8722234826161516,Power
2022-02-20,Xinjiang,0.8967091486288458,Power
2022-02-21,Xinjiang,0.9432359403546344,Power
2022-02-22,Xinjiang,0.9515588810923297,Power
2022-02-23,Xinjiang,0.9363797237966986,Power
2022-02-24,Xinjiang,0.9192334305423318,Power
2022-02-25,Xinjiang,0.89083074819075,Power
2022-02-26,Xinjiang,0.8702620985169435,Power
2022-02-27,Xinjiang,0.8232463987312348,Power
2022-02-28,Xinjiang,0.8389202159463139,Power
2022-02-01,Jiangsu,0.7489974165299581,Power
2022-02-02,Jiangsu,0.7394657655169911,Power
2022-02-03,Jiangsu,0.7448264444273676,Power
2022-02-04,Jiangsu,0.7275477026131125,Power
2022-02-05,Jiangsu,0.7346999400105076,Power
2022-02-06,Jiangsu,0.7627000396455156,Power
2022-02-07,Jiangsu,0.7978593749532586,Power
2022-02-08,Jiangsu,0.8199039422739973,Power
2022-02-09,Jiangsu,0.8371826840882522,Power
2022-02-10,Jiangsu,0.8425503612739688,Power
2022-02-11,Jiangsu,0.866386487081726,Power
2022-02-12,Jiangsu,0.8753232846908,Power
2022-02-13,Jiangsu,0.8711523125882096,Power
2022-02-14,Jiangsu,0.9015388241141292,Power
2022-02-15,Jiangsu,0.9122671802102221,Power
2022-02-16,Jiangsu,0.9259698033257796,Power
2022-02-17,Jiangsu,0.9944969154542469,Power
2022-02-18,Jiangsu,1.048719552787924,Power
2022-02-19,Jiangsu,1.0612324690956954,Power
2022-02-20,Jiangsu,1.0910241272177224,Power
2022-02-21,Jiangsu,1.147633176442311,Power
2022-02-22,Jiangsu,1.157759680859171,Power
2022-02-23,Jiangsu,1.1392912322371296,Power
2022-02-24,Jiangsu,1.1184293734488373,Power
2022-02-25,Jiangsu,1.083871889820327,Power
2022-02-26,Jiangsu,1.0588460572047838,Power
2022-02-27,Jiangsu,1.0016421545763021,Power
2022-02-28,Jiangsu,1.0207124548775761,Power
2022-02-01,Jiangxi,0.1691101505231553,Power
2022-02-02,Jiangxi,0.16695807509276886,Power
2022-02-03,Jiangxi,0.1681684200117674,Power
2022-02-04,Jiangxi,0.16426719076241053,Power
2022-02-05,Jiangxi,0.16588203737757568,Power
2022-02-06,Jiangxi,0.17220395646492961,Power
2022-02-07,Jiangxi,0.18014230225219938,Power
2022-02-08,Jiangxi,0.18511956921674946,Power
2022-02-09,Jiangxi,0.18902079846610634,Power
2022-02-10,Jiangxi,0.19023272346985556,Power
2022-02-11,Jiangxi,0.19561449213057225,Power
2022-02-12,Jiangxi,0.19763226035715334,Power
2022-02-13,Jiangxi,0.1966905298457655,Power
2022-02-14,Jiangxi,0.20355125783309136,Power
2022-02-15,Jiangxi,0.2059735277558391,Power
2022-02-16,Jiangxi,0.2090673336976134,Power
2022-02-17,Jiangxi,0.22453952357598628,Power
2022-02-18,Jiangxi,0.2367820202240289,Power
2022-02-19,Jiangxi,0.23960721175819255,Power
2022-02-20,Jiangxi,0.24633363254171314,Power
2022-02-21,Jiangxi,0.2591149380897277,Power
2022-02-22,Jiangxi,0.2614013207239194,Power
2022-02-23,Jiangxi,0.2572314770669518,Power
2022-02-24,Jiangxi,0.25252124442526175,Power
2022-02-25,Jiangxi,0.244718785926548,Power
2022-02-26,Jiangxi,0.23906840285822062,Power
2022-02-27,Jiangxi,0.22615279010640077,Power
2022-02-28,Jiangxi,0.2304585210519243,Power
2022-02-01,Hebei,0.6209412169549071,Power
2022-02-02,Hebei,0.6130391937316474,Power
2022-02-03,Hebei,0.6174833565723354,Power
2022-02-04,Hebei,0.6031587638129903,Power
2022-02-05,Hebei,0.6090881821200177,Power
2022-02-06,Hebei,0.6323011005607385,Power
2022-02-07,Hebei,0.6614492390876521,Power
2022-02-08,Hebei,0.6797248434586269,Power
2022-02-09,Hebei,0.694049436217972,Power
2022-02-10,Hebei,0.6984994008378254,Power
2022-02-11,Hebei,0.7182602606751397,Power
2022-02-12,Hebei,0.7256691326693412,Power
2022-02-13,Hebei,0.7222112722867695,Power
2022-02-14,Hebei,0.7474025974228878,Power
2022-02-15,Hebei,0.7562967248834291,Power
2022-02-16,Hebei,0.7676566084892604,Power
2022-02-17,Hebei,0.8244676300767481,Power
2022-02-18,Hebei,0.8694198150501808,Power
2022-02-19,Hebei,0.879793396197896,Power
2022-02-20,Hebei,0.9044915701049565,Power
2022-02-21,Hebei,0.9514221617737869,Power
2022-02-22,Hebei,0.9598173362261047,Power
2022-02-23,Hebei,0.9445064410086431,Power
2022-02-24,Hebei,0.9272113373166192,Power
2022-02-25,Hebei,0.8985621517979291,Power
2022-02-26,Hebei,0.8778149895024985,Power
2022-02-27,Hebei,0.83039124660461,Power
2022-02-28,Hebei,0.8462010948302947,Power
2022-02-01,Henan,0.4848574901587416,Power
2022-02-02,Henan,0.4786872520708357,Power
2022-02-03,Henan,0.4821574447105831,Power
2022-02-04,Henan,0.47097218932215473,Power
2022-02-05,Henan,0.4756021330268828,Power
2022-02-06,Henan,0.4937277736948058,Power
2022-02-07,Henan,0.5164878883450545,Power
2022-02-08,Henan,0.5307582627774358,Power
2022-02-09,Henan,0.5419435181658641,Power
2022-02-10,Henan,0.545418241083209,Power
2022-02-11,Henan,0.5608483665805711,Power
2022-02-12,Henan,0.5666335310726824,Power
2022-02-13,Henan,0.5639334856245241,Power
2022-02-14,Henan,0.5836039509532223,Power
2022-02-15,Henan,0.5905488665103145,Power
2022-02-16,Henan,0.5994191500463788,Power
2022-02-17,Henan,0.6437796282818953,Power
2022-02-18,Henan,0.6788802191079556,Power
2022-02-19,Henan,0.686980355452431,Power
2022-02-20,Henan,0.7062657471853349,Power
2022-02-21,Henan,0.7429111626721705,Power
2022-02-22,Henan,0.7494664743558708,Power
2022-02-23,Henan,0.7375110717758533,Power
2022-02-24,Henan,0.7240063142574634,Power
2022-02-25,Henan,0.7016358034806067,Power
2022-02-26,Henan,0.6854355307916558,Power
2022-02-27,Henan,0.6484050417090258,Power
2022-02-28,Henan,0.6607500481624351,Power
2022-02-01,Zhejiang,0.33799046241864933,Power
2022-02-02,Zhejiang,0.3336892364566008,Power
2022-02-03,Zhejiang,0.3361082813075033,Power
2022-02-04,Zhejiang,0.328311124993041,Power
2022-02-05,Zhejiang,0.3315386234755766,Power
2022-02-06,Zhejiang,0.34417386949184386,Power
2022-02-07,Zhejiang,0.36003977201264525,Power
2022-02-08,Zhejiang,0.36998754130813183,Power
2022-02-09,Zhejiang,0.37778469762259415,Power
2022-02-10,Zhejiang,0.3802069004954952,Power
2022-02-11,Zhejiang,0.39096312342261497,Power
2022-02-12,Zhejiang,0.3949959175147852,Power
2022-02-13,Zhejiang,0.3931137364036392,Power
2022-02-14,Zhejiang,0.4068258679214178,Power
2022-02-15,Zhejiang,0.41166711564522135,Power
2022-02-16,Zhejiang,0.41785052271841583,Power
2022-02-17,Zhejiang,0.4487738741283855,Power
2022-02-18,Zhejiang,0.4732422285732839,Power
2022-02-19,Zhejiang,0.4788887719067219,Power
2022-02-20,Zhejiang,0.4923324715546224,Power
2022-02-21,Zhejiang,0.5178777115010322,Power
2022-02-22,Zhejiang,0.5224473693329589,Power
2022-02-23,Zhejiang,0.51411334927874,Power
2022-02-24,Zhejiang,0.5046992857010114,Power
2022-02-25,Zhejiang,0.4891049730720867,Power
2022-02-26,Zhejiang,0.4778118864052105,Power
2022-02-27,Zhejiang,0.45199821458892253,Power
2022-02-28,Zhejiang,0.4606038245350181,Power
2022-02-01,Hainan,0.02970642391634043,Power
2022-02-02,Hainan,0.029328383539478208,Power
2022-02-03,Hainan,0.029540996556127595,Power
2022-02-04,Hainan,0.02885569428705798,Power
2022-02-05,Hainan,0.029139363351047103,Power
2022-02-06,Hainan,0.03024989165341548,Power
2022-02-07,Hainan,0.0316443665824579,Power
2022-02-08,Hainan,0.03251868903995862,Power
2022-02-09,Hainan,0.033203991309028236,Power
2022-02-10,Hainan,0.033416881888362546,Power
2022-02-11,Hainan,0.034362260393203004,Power
2022-02-12,Hainan,0.03471670794184695,Power
2022-02-13,Hainan,0.03455128058163412,Power
2022-02-14,Hainan,0.03575645775956051,Power
2022-02-15,Hainan,0.0361819613555442,Power
2022-02-16,Hainan,0.03672542909261925,Power
2022-02-17,Hainan,0.03944332290336435,Power
2022-02-18,Hainan,0.04159387858613121,Power
2022-02-19,Hainan,0.04209016066676971,Power
2022-02-20,Hainan,0.04327174501647783,Power
2022-02-21,Hainan,0.045516949574802706,Power
2022-02-22,Hainan,0.0459185827798832,Power
2022-02-23,Hainan,0.045186094854377024,Power
2022-02-24,Hainan,0.04435868049062794,Power
2022-02-25,Hainan,0.04298807595248871,Power
2022-02-26,Hainan,0.04199551179121169,Power
2022-02-27,Hainan,0.03972671440466855,Power
2022-02-28,Hainan,0.04048307272107791,Power
2022-02-01,Hubei,0.28637121233912366,Power
2022-02-02,Hubei,0.282726886743419,Power
2022-02-03,Hubei,0.28477648542646583,Power
2022-02-04,Hubei,0.27817014189064,Power
2022-02-05,Hubei,0.28090472394556665,Power
2022-02-06,Hubei,0.29161026484748614,Power
2022-02-07,Hubei,0.3050530635206287,Power
2022-02-08,Hubei,0.3134815698543069,Power
2022-02-09,Hubei,0.3200879133901327,Power
2022-02-10,Hubei,0.32214018778947595,Power
2022-02-11,Hubei,0.331253677495034,Power
2022-02-12,Hubei,0.33467056720554417,Power
2022-02-13,Hubei,0.33307584029288634,Power
2022-02-14,Hubei,0.34469380045188014,Power
2022-02-15,Hubei,0.34879567353427027,Power
2022-02-16,Hubei,0.35403472604263275,Power
2022-02-17,Hubei,0.380235340017038,Power
2022-02-18,Hubei,0.4009667898815899,Power
2022-02-19,Hubei,0.40575097061956333,Power
2022-02-20,Hubei,0.4171414948933628,Power
2022-02-21,Hubei,0.438785364014989,Power
2022-02-22,Hubei,0.4426571254958882,Power
2022-02-23,Hubei,0.43559591018967325,Power
2022-02-24,Hubei,0.42761959991008774,Power
2022-02-25,Hubei,0.41440691283843606,Power
2022-02-26,Hubei,0.404838551362489,Power
2022-02-27,Hubei,0.38296724635566826,Power
2022-02-28,Hubei,0.390258573263374,Power
2022-02-01,Hunan,0.19283821580612884,Power
2022-02-02,Hunan,0.19038417987160872,Power
2022-02-03,Hunan,0.19176434986121402,Power
2022-02-04,Hunan,0.18731573405920954,Power
2022-02-05,Hunan,0.18915716190434867,Power
2022-02-06,Hunan,0.19636611768556372,Power
2022-02-07,Hunan,0.20541830310041612,Power
2022-02-08,Hunan,0.21109393686968064,Power
2022-02-09,Hunan,0.21554255267168512,Power
2022-02-10,Hunan,0.2169245244497886,Power
2022-02-11,Hunan,0.22306141607458702,Power
2022-02-12,Hunan,0.22536229998676185,Power
2022-02-13,Hunan,0.22428843404184706,Power
2022-02-14,Hunan,0.2321117997009412,Power
2022-02-15,Hunan,0.23487394146864998,Power
2022-02-16,Hunan,0.23840184334808487,Power
2022-02-17,Hunan,0.25604495632225577,Power
2022-02-18,Hunan,0.2700052136061483,Power
2022-02-19,Hunan,0.2732268114408927,Power
2022-02-20,Hunan,0.2808970250776417,Power
2022-02-21,Hunan,0.2954716922394134,Power
2022-02-22,Hunan,0.2980788801962787,Power
2022-02-23,Hunan,0.2933239603495837,Power
2022-02-24,Hunan,0.2879528288365115,Power
2022-02-25,Hunan,0.2790555972325025,Power
2022-02-26,Hunan,0.27261240156301364,Power
2022-02-27,Hunan,0.2578845823788967,Power
2022-02-28,Hunan,0.2627944560364351,Power
2022-02-01,Gansu,0.20208290112431587,Power
2022-02-02,Gansu,0.19951121843663885,Power
2022-02-03,Gansu,0.20095755392765252,Power
2022-02-04,Gansu,0.19629567099382395,Power
2022-02-05,Gansu,0.19822537709280036,Power
2022-02-06,Gansu,0.20577993100865621,Power
2022-02-07,Gansu,0.21526607918992582,Power
2022-02-08,Gansu,0.2212138034675929,Power
2022-02-09,Gansu,0.22587568640142144,Power
2022-02-10,Gansu,0.22732391005887248,Power
2022-02-11,Gansu,0.23375500494450233,Power
2022-02-12,Gansu,0.23616619348500414,Power
2022-02-13,Gansu,0.23504084628834082,Power
2022-02-14,Gansu,0.24323926495933457,Power
2022-02-15,Gansu,0.24613382410779924,Power
2022-02-16,Gansu,0.24983085399213958,Power
2022-02-17,Gansu,0.26831977974671606,Power
2022-02-18,Gansu,0.2829492933033397,Power
2022-02-19,Gansu,0.28632533489332973,Power
2022-02-20,Gansu,0.29436325941714836,Power
2022-02-21,Gansu,0.3096366377289099,Power
2022-02-22,Gansu,0.3123688145637621,Power
2022-02-23,Gansu,0.3073859433355831,Power
2022-02-24,Gansu,0.30175731918582904,Power
2022-02-25,Gansu,0.29243355331817195,Power
2022-02-26,Gansu,0.2856814701381918,Power
2022-02-27,Gansu,0.2702475976792551,Power
2022-02-28,Gansu,0.27539285122104645,Power
2022-02-01,Fujian,0.17438941887539627,Power
2022-02-02,Fujian,0.1721701601110933,Power
2022-02-03,Fujian,0.17341828948954857,Power
2022-02-04,Fujian,0.169395271949854,Power
2022-02-05,Fujian,0.1710605307289418,Power
2022-02-06,Fujian,0.17757980702554693,Power
2022-02-07,Fujian,0.18576597151296112,Power
2022-02-08,Fujian,0.1908986184348072,Power
2022-02-09,Fujian,0.19492163597450177,Power
2022-02-10,Fujian,0.1961713947646783,Power
2022-02-11,Fujian,0.20172117108715693,Power
2022-02-12,Fujian,0.2038019298551561,Power
2022-02-13,Fujian,0.20283080046930843,Power
2022-02-14,Fujian,0.2099057061628499,Power
2022-02-15,Fujian,0.21240359433148168,Power
2022-02-16,Fujian,0.21559398248163236,Power
2022-02-17,Fujian,0.23154918205582814,Power
2022-02-18,Fujian,0.2441738640718483,Power
2022-02-19,Fujian,0.24708725222939135,Power
2022-02-20,Fujian,0.25402365792662907,Power
2022-02-21,Fujian,0.26720396933958557,Power
2022-02-22,Fujian,0.26956172810019235,Power
2022-02-23,Fujian,0.2652617105678901,Power
2022-02-24,Fujian,0.26040443422693044,Power
2022-02-25,Fujian,0.25235839914754127,Power
2022-02-26,Fujian,0.246531622832455,Power
2022-02-27,Fujian,0.23321281142319475,Power
2022-02-28,Fujian,0.23765295836352193,Power
2022-02-01,Tibet,0.00024567640275781447,Power
2022-02-02,Tibet,0.00024254995441296232,Power
2022-02-03,Tibet,0.0002443082946715209,Power
2022-02-04,Tibet,0.00023864074624021408,Power
2022-02-05,Tibet,0.00024098673024053628,Power
2022-02-06,Tibet,0.00025017095918896016,Power
2022-02-07,Tibet,0.00026170346762107257,Power
2022-02-08,Tibet,0.00026893424022480546,Power
2022-02-09,Tibet,0.0002746017886561122,Power
2022-02-10,Tibet,0.0002763624243980371,Power
2022-02-11,Tibet,0.00028418084074353364,Power
2022-02-12,Tibet,0.00028711217300225327,Power
2022-02-13,Tibet,0.0002857440649159597,Power
2022-02-14,Tibet,0.0002957110536922797,Power
2022-02-15,Tibet,0.0002992300296927631,Power
2022-02-16,Tibet,0.00030372458612390886,Power
2022-02-17,Tibet,0.00032620195924636987,Power
2022-02-18,Tibet,0.00034398736436818653,Power
2022-02-19,Tibet,0.00034809168862706723,Power
2022-02-20,Tibet,0.00035786356131725487,Power
2022-02-21,Tibet,0.00037643172626696767,Power
2022-02-22,Tibet,0.0003797532906979523,Power
2022-02-23,Tibet,0.0003736955100943804,Power
2022-02-24,Tibet,0.0003668526741795463,Power
2022-02-25,Tibet,0.00035551757731693267,Power
2022-02-26,Tibet,0.0003473089287991711,Power
2022-02-27,Tibet,0.0003285456477633258,Power
2022-02-28,Tibet,0.0003348008399363964,Power
2022-02-01,Guizhou,0.20347660393273137,Power
2022-02-02,Guizhou,0.20088718515078696,Power
2022-02-03,Guizhou,0.20234349556706407,Power
2022-02-04,Guizhou,0.19764946107909,Power
2022-02-05,Guizhou,0.19959247575981479,Power
2022-02-06,Guizhou,0.20719913108034305,Power
2022-02-07,Guizhou,0.2167507022701291,Power
2022-02-08,Guizhou,0.22273944614907537,Power
2022-02-09,Guizhou,0.22743348063704943,Power
2022-02-10,Guizhou,0.22889169224185957,Power
2022-02-11,Guizhou,0.23536714038525353,Power
2022-02-12,Guizhou,0.237794958141893,Power
2022-02-13,Guizhou,0.23666184977622573,Power
2022-02-14,Guizhou,0.24491681038650656,Power
2022-02-15,Guizhou,0.24783133240759378,Power
2022-02-16,Guizhou,0.2515538595552055,Power
2022-02-17,Guizhou,0.27017029767032985,Power
2022-02-18,Guizhou,0.2849007064240047,Power
2022-02-19,Guizhou,0.2883000315210066,Power
2022-02-20,Guizhou,0.29639339110598256,Power
2022-02-21,Guizhou,0.31177210514941,Power
2022-02-22,Guizhou,0.3145231249566593,Power
2022-02-23,Guizhou,0.3095058884180753,Power
2022-02-24,Guizhou,0.3038384454012059,Power
2022-02-25,Guizhou,0.2944503764252578,Power
2022-02-26,Guizhou,0.28765172623125396,Power
2022-02-27,Guizhou,0.27211141116252163,Power
2022-02-28,Guizhou,0.27729214991494344,Power
2022-02-01,Liaoning,0.30177779626189016,Power
2022-02-02,Liaoning,0.29793740833270754,Power
2022-02-03,Liaoning,0.3000972740843624,Power
2022-02-04,Liaoning,0.2931355135871878,Power
2022-02-05,Liaoning,0.2960172143681163,Power
2022-02-06,Liaoning,0.30729870636860046,Power
2022-02-07,Liaoning,0.32146471881809624,Power
2022-02-08,Liaoning,0.33034667327986217,Power
2022-02-09,Liaoning,0.3373084337770367,Power
2022-02-10,Liaoning,0.33947111919677464,Power
2022-02-11,Liaoning,0.34907490868781416,Power
2022-02-12,Liaoning,0.3526756248299332,Power
2022-02-13,Liaoning,0.35099510265240547,Power
2022-02-14,Liaoning,0.36323810146922686,Power
2022-02-15,Liaoning,0.3675606526406196,Power
2022-02-16,Liaoning,0.37308156274732995,Power
2022-02-17,Liaoning,0.4006917526170478,Power
2022-02-18,Liaoning,0.4225385409249088,Power
2022-02-19,Liaoning,0.42758010745749203,Power
2022-02-20,Liaoning,0.43958343448724996,Power
2022-02-21,Liaoning,0.46239172961144814,Power
2022-02-22,Liaoning,0.46647178932769423,Power
2022-02-23,Liaoning,0.45903068525639246,Power
2022-02-24,Liaoning,0.4506252547006706,Power
2022-02-25,Liaoning,0.4367017337063215,Power
2022-02-26,Liaoning,0.42661860064115487,Power
2022-02-27,Liaoning,0.40357063372989316,Power
2022-02-28,Liaoning,0.4112542292563415,Power
2022-02-01,Chongqing,0.09564381534235279,Power
2022-02-02,Chongqing,0.09442666365494706,Power
2022-02-03,Chongqing,0.09511119977282724,Power
2022-02-04,Chongqing,0.09290477722054771,Power
2022-02-05,Chongqing,0.0938180878112442,Power
2022-02-06,Chongqing,0.09739358259928406,Power
2022-02-07,Chongqing,0.10188328162830486,Power
2022-02-08,Chongqing,0.10469828002428726,Power
2022-02-09,Chongqing,0.10690470257656678,Power
2022-02-10,Chongqing,0.1075901323447314,Power
2022-02-11,Chongqing,0.11063390521353013,Power
2022-02-12,Chongqing,0.11177509662675854,Power
2022-02-13,Chongqing,0.11124248105723299,Power
2022-02-14,Chongqing,0.11512271059226649,Power
2022-02-15,Chongqing,0.11649267647831127,Power
2022-02-16,Chongqing,0.11824244373524254,Power
2022-02-17,Chongqing,0.12699306732046778,Power
2022-02-18,Chongqing,0.13391706972430004,Power
2022-02-19,Chongqing,0.1355149164328767,Power
2022-02-20,Chongqing,0.13931918569373292,Power
2022-02-21,Chongqing,0.1465479228445588,Power
2022-02-22,Chongqing,0.14784103480614183,Power
2022-02-23,Chongqing,0.14548269170550765,Power
2022-02-24,Chongqing,0.14281872020759545,Power
2022-02-25,Chongqing,0.1384058751030364,Power
2022-02-26,Chongqing,0.13521018168588306,Power
2022-02-27,Chongqing,0.12790548426087986,Power
2022-02-28,Chongqing,0.13034068128597573,Power
2022-02-01,Shaanxi,0.42229033224750623,Power
2022-02-02,Shaanxi,0.41691631628389825,Power
2022-02-03,Shaanxi,0.41993870705344577,Power
2022-02-04,Shaanxi,0.41019682348946046,Power
2022-02-05,Shaanxi,0.4142293083020943,Power
2022-02-06,Shaanxi,0.4300159734051746,Power
2022-02-07,Shaanxi,0.44983906900074455,Power
2022-02-08,Shaanxi,0.46226796054653385,Power
2022-02-09,Shaanxi,0.47200984411051916,Power
2022-02-10,Shaanxi,0.4750361805599225,Power
2022-02-11,Shaanxi,0.48847516614879816,Power
2022-02-12,Shaanxi,0.49351379932466255,Power
2022-02-13,Shaanxi,0.49116217413060215,Power
2022-02-14,Shaanxi,0.5082943160645123,Power
2022-02-15,Shaanxi,0.5143430432834631,Power
2022-02-16,Shaanxi,0.5220686844411315,Power
2022-02-17,Shaanxi,0.560704781589185,Power
2022-02-18,Shaanxi,0.5912759091119709,Power
2022-02-19,Shaanxi,0.5983307846941522,Power
2022-02-20,Shaanxi,0.615127543840319,Power
2022-02-21,Shaanxi,0.6470441481939347,Power
2022-02-22,Shaanxi,0.6527535469452862,Power
2022-02-23,Shaanxi,0.6423408978058136,Power
2022-02-24,Shaanxi,0.6305788261556557,Power
2022-02-25,Shaanxi,0.611095059027685,Power
2022-02-26,Shaanxi,0.5969853078633224,Power
2022-02-27,Shaanxi,0.564733320721963,Power
2022-02-28,Shaanxi,0.5754852983290348,Power
2022-02-01,Qinghai,0.07628046693611013,Power
2022-02-02,Qinghai,0.07530973089097172,Power
2022-02-03,Qinghai,0.07585568082531535,Power
2022-02-04,Qinghai,0.07409595447036182,Power
2022-02-05,Qinghai,0.07482436286840252,Power
2022-02-06,Qinghai,0.07767598909204329,Power
2022-02-07,Qinghai,0.08125673644209858,Power
2022-02-08,Qinghai,0.08350183081962131,Power
2022-02-09,Qinghai,0.08526155717457483,Power
2022-02-10,Qinghai,0.08580821983729227,Power
2022-02-11,Qinghai,0.08823577267851207,Power
2022-02-12,Qinghai,0.08914592681187604,Power
2022-02-13,Qinghai,0.08872114070108128,Power
2022-02-14,Qinghai,0.09181580730019355,Power
2022-02-15,Qinghai,0.09290841989725461,Power
2022-02-16,Qinghai,0.09430394205318779,Power
2022-02-17,Qinghai,0.10128297828960127,Power
2022-02-18,Qinghai,0.10680519772993335,Power
2022-02-19,Qinghai,0.10807955606231767,Power
2022-02-20,Qinghai,0.11111364074965553,Power
2022-02-21,Qinghai,0.11687890056545913,Power
2022-02-22,Qinghai,0.11791021852237195,Power
2022-02-23,Qinghai,0.11602932834386954,Power
2022-02-24,Qinghai,0.11390468506152188,Power
2022-02-25,Qinghai,0.11038523235161482,Power
2022-02-26,Qinghai,0.10783651568684616,Power
2022-02-27,Qinghai,0.10201067395926815,Power
2022-02-28,Qinghai,0.10395285877791877,Power
2022-02-01,Heilongjiang,0.16125546579863437,Power
2022-02-02,Heilongjiang,0.15920334814107692,Power
2022-02-03,Heilongjiang,0.16035747598666358,Power
2022-02-04,Heilongjiang,0.1566374477219725,Power
2022-02-05,Heilongjiang,0.15817728931229824,Power
2022-02-06,Heilongjiang,0.16420557326816257,Power
2022-02-07,Heilongjiang,0.17177520550866804,Power
2022-02-08,Heilongjiang,0.17652129260213784,Power
2022-02-09,Heilongjiang,0.18024132086682892,Power
2022-02-10,Heilongjiang,0.18139695540673095,Power
2022-02-11,Heilongjiang,0.18652875624493986,Power
2022-02-12,Heilongjiang,0.18845280488568936,Power
2022-02-13,Heilongjiang,0.1875548150737186,Power
2022-02-14,Heilongjiang,0.19409688179112994,Power
2022-02-15,Heilongjiang,0.19640664417661863,Power
2022-02-16,Heilongjiang,0.19935675164614683,Power
2022-02-17,Heilongjiang,0.21411030238241863,Power
2022-02-18,Heilongjiang,0.22578416993803896,Power
2022-02-19,Heilongjiang,0.22847813937395128,Power
2022-02-20,Heilongjiang,0.23489213707455478,Power
2022-02-21,Heilongjiang,0.24707978739172215,Power
2022-02-22,Heilongjiang,0.2492599740660875,Power
2022-02-23,Heilongjiang,0.2452838077677805,Power
2022-02-24,Heilongjiang,0.2407923520136112,Power
2022-02-25,Heilongjiang,0.23335229548422903,Power
2022-02-26,Heilongjiang,0.22796435661240425,Power
2022-02-27,Heilongjiang,0.21564863727842898,Power
2022-02-28,Heilongjiang,0.2197543792878592,Power
2022-03-01,Shanghai,0.10949725645196101,Power
2022-03-02,Shanghai,0.10968563054649405,Power
2022-03-03,Shanghai,0.11106452891847582,Power
2022-03-04,Shanghai,0.11194193358990075,Power
2022-03-05,Shanghai,0.11100173755363145,Power
2022-03-06,Shanghai,0.10880822587506908,Power
2022-03-07,Shanghai,0.10930971957562591,Power
2022-03-08,Shanghai,0.11043745248823031,Power
2022-03-09,Shanghai,0.11256901002014626,Power
2022-03-10,Shanghai,0.11225505319592455,Power
2022-03-11,Shanghai,0.11400986253877443,Power
2022-03-12,Shanghai,0.11325804059703817,Power
2022-03-13,Shanghai,0.11451135623933127,Power
2022-03-14,Shanghai,0.1156399263701336,Power
2022-03-15,Shanghai,0.11720719883664837,Power
2022-03-16,Shanghai,0.11664291377124723,Power
2022-03-17,Shanghai,0.11444940209268484,Power
2022-03-18,Shanghai,0.11482531306355298,Power
2022-03-19,Shanghai,0.11545155227560057,Power
2022-03-20,Shanghai,0.1140726539036188,Power
2022-03-21,Shanghai,0.11858609720863017,Power
2022-03-22,Shanghai,0.11889921681465396,Power
2022-03-23,Shanghai,0.11469973033386431,Power
2022-03-24,Shanghai,0.11244342729045759,Power
2022-03-25,Shanghai,0.11231784456076889,Power
2022-03-26,Shanghai,0.11081336345909844,Power
2022-03-27,Shanghai,0.10924692821078155,Power
2022-03-28,Shanghai,0.11081336345909844,Power
2022-03-29,Shanghai,0.11087615482394278,Power
2022-03-30,Shanghai,0.11256901002014626,Power
2022-03-31,Shanghai,0.11288212962617006,Power
2022-03-01,Yunnan,0.1805717476149175,Power
2022-03-02,Yunnan,0.18088239502798883,Power
2022-03-03,Yunnan,0.18315633409167076,Power
2022-03-04,Yunnan,0.18460326070899838,Power
2022-03-05,Yunnan,0.1830527849539803,Power
2022-03-06,Yunnan,0.17943546841066113,Power
2022-03-07,Yunnan,0.1802624808570154,Power
2022-03-08,Yunnan,0.1821222233699356,Power
2022-03-09,Yunnan,0.18563737143073356,Power
2022-03-10,Yunnan,0.18511962574228139,Power
2022-03-11,Yunnan,0.18801347897693668,Power
2022-03-12,Yunnan,0.1867736506349899,Power
2022-03-13,Yunnan,0.18884049142329098,Power
2022-03-14,Yunnan,0.19070161459138038,Power
2022-03-15,Yunnan,0.1932862010681336,Power
2022-03-16,Yunnan,0.1923556394840889,Power
2022-03-17,Yunnan,0.18873832294076973,Power
2022-03-18,Yunnan,0.18935823711174316,Power
2022-03-19,Yunnan,0.19039096717830908,Power
2022-03-20,Yunnan,0.18811702811462713,Power
2022-03-21,Yunnan,0.19556014013181558,Power
2022-03-22,Yunnan,0.19607650516509853,Power
2022-03-23,Yunnan,0.1891511388363623,Power
2022-03-24,Yunnan,0.18543027315535268,Power
2022-03-25,Yunnan,0.1852231748799718,Power
2022-03-26,Yunnan,0.182742137540909,Power
2022-03-27,Yunnan,0.18015893171932498,Power
2022-03-28,Yunnan,0.182742137540909,Power
2022-03-29,Yunnan,0.18284568667859943,Power
2022-03-30,Yunnan,0.18563737143073356,Power
2022-03-31,Yunnan,0.18615373646401653,Power
2022-03-01,InnerMongolia,1.1641311854911653,Power
2022-03-02,InnerMongolia,1.1661339037791874,Power
2022-03-03,InnerMongolia,1.1807938016475072,Power
2022-03-04,InnerMongolia,1.1901220183846042,Power
2022-03-05,InnerMongolia,1.180126228884833,Power
2022-03-06,InnerMongolia,1.15680568704209,Power
2022-03-07,InnerMongolia,1.1621373681733125,Power
2022-03-08,InnerMongolia,1.1741269749909367,Power
2022-03-09,InnerMongolia,1.1967888450411748,Power
2022-03-10,InnerMongolia,1.1934509812278051,Power
2022-03-11,InnerMongolia,1.2121074147019995,Power
2022-03-12,InnerMongolia,1.2041143434902501,Power
2022-03-13,InnerMongolia,1.2174390958332222,Power
2022-03-14,InnerMongolia,1.2294376036210153,Power
2022-03-15,InnerMongolia,1.246100219777357,Power
2022-03-16,InnerMongolia,1.2401009658834605,Power
2022-03-17,InnerMongolia,1.2167804240407172,Power
2022-03-18,InnerMongolia,1.220776959646592,Power
2022-03-19,InnerMongolia,1.2274348853329935,Power
2022-03-20,InnerMongolia,1.2127749874646736,Power
2022-03-21,InnerMongolia,1.260760117645677,Power
2022-03-22,InnerMongolia,1.2640890804888776,Power
2022-03-23,InnerMongolia,1.2194418141212442,Power
2022-03-24,InnerMongolia,1.195453699515827,Power
2022-03-25,InnerMongolia,1.194118553990479,Power
2022-03-26,InnerMongolia,1.1781235105968113,Power
2022-03-27,InnerMongolia,1.1614697954106386,Power
2022-03-28,InnerMongolia,1.1781235105968113,Power
2022-03-29,InnerMongolia,1.1787910833594852,Power
2022-03-30,InnerMongolia,1.1967888450411748,Power
2022-03-31,InnerMongolia,1.2001178078843757,Power
2022-03-01,Beijing,0.07536692163891248,Power
2022-03-02,Beijing,0.07549657945940501,Power
2022-03-03,Beijing,0.07644567470541026,Power
2022-03-04,Beijing,0.07704959202041542,Power
2022-03-05,Beijing,0.07640245543191275,Power
2022-03-06,Beijing,0.07489266214439984,Power
2022-03-07,Beijing,0.07523784007539994,Power
2022-03-08,Beijing,0.07601405822741515,Power
2022-03-09,Beijing,0.07748120849841052,Power
2022-03-10,Beijing,0.07726511213092299,Power
2022-03-11,Beijing,0.0784729467609333,Power
2022-03-12,Beijing,0.07795546799292316,Power
2022-03-13,Beijing,0.0788181246919334,Power
2022-03-14,Beijing,0.0795949191009286,Power
2022-03-15,Beijing,0.08067367216742637,Power
2022-03-16,Beijing,0.08028527496292877,Power
2022-03-17,Beijing,0.07877548167541586,Power
2022-03-18,Beijing,0.07903422105942094,Power
2022-03-19,Beijing,0.07946526128043607,Power
2022-03-20,Beijing,0.07851616603443082,Power
2022-03-21,Beijing,0.08162276741343162,Power
2022-03-22,Beijing,0.0818382875239392,Power
2022-03-23,Beijing,0.07894778251242593,Power
2022-03-24,Beijing,0.07739476995141552,Power
2022-03-25,Beijing,0.07730833140442049,Power
2022-03-26,Beijing,0.07627279761142024,Power
2022-03-27,Beijing,0.07519462080190242,Power
2022-03-28,Beijing,0.07627279761142024,Power
2022-03-29,Beijing,0.07631601688491774,Power
2022-03-30,Beijing,0.07748120849841052,Power
2022-03-31,Beijing,0.0776967286089181,Power
2022-03-01,Jilin,0.13555450657673387,Power
2022-03-02,Jilin,0.13578770837798146,Power
2022-03-03,Jilin,0.1374947455631136,Power
2022-03-04,Jilin,0.13858094773070226,Power
2022-03-05,Jilin,0.1374170116293644,Power
2022-03-06,Jilin,0.13470150621039279,Power
2022-03-07,Jilin,0.13532234122793632,Power
2022-03-08,Jilin,0.13671844267807173,Power
2022-03-09,Jilin,0.13935725061574414,Power
2022-03-10,Jilin,0.1389685809469982,Power
2022-03-11,Jilin,0.1411409852821755,Power
2022-03-12,Jilin,0.14021025098208523,Power
2022-03-13,Jilin,0.14176182029971904,Power
2022-03-14,Jilin,0.14315895820230445,Power
2022-03-15,Jilin,0.14509919718868416,Power
2022-03-16,Jilin,0.14440062823739147,Power
2022-03-17,Jilin,0.14168512281841983,Power
2022-03-18,Jilin,0.14215048996846497,Power
2022-03-19,Jilin,0.14292575640105687,Power
2022-03-20,Jilin,0.14121871921592472,Power
2022-03-21,Jilin,0.14680623437381635,Power
2022-03-22,Jilin,0.1471938675901123,Power
2022-03-23,Jilin,0.1419950221009666,Power
2022-03-24,Jilin,0.1392017827482458,Power
2022-03-25,Jilin,0.1390463148807474,Power
2022-03-26,Jilin,0.13718380982811687,Power
2022-03-27,Jilin,0.1352446072941871,Power
2022-03-28,Jilin,0.13718380982811687,Power
2022-03-29,Jilin,0.13726154376186606,Power
2022-03-30,Jilin,0.13935725061574414,Power
2022-03-31,Jilin,0.13974488383204012,Power
2022-03-01,Sichuan,0.2661242477885614,Power
2022-03-02,Sichuan,0.26658207582768173,Power
2022-03-03,Sichuan,0.2699333770740423,Power
2022-03-04,Sichuan,0.27206583834070036,Power
2022-03-05,Sichuan,0.26978076772766885,Power
2022-03-06,Sichuan,0.2644496145610236,Power
2022-03-07,Sichuan,0.2656684545407261,Power
2022-03-08,Sichuan,0.26840931840159293,Power
2022-03-09,Sichuan,0.27358989701314973,Power
2022-03-10,Sichuan,0.27282685028128256,Power
2022-03-11,Sichuan,0.2770917728145987,Power
2022-03-12,Sichuan,0.2752645302406875,Power
2022-03-13,Sichuan,0.27831061279430125,Power
2022-03-14,Sichuan,0.2810535114464531,Power
2022-03-15,Sichuan,0.2848626407319339,Power
2022-03-16,Sichuan,0.283491191405858,Power
2022-03-17,Sichuan,0.27816003823921276,Power
2022-03-18,Sichuan,0.27907365952616836,Power
2022-03-19,Sichuan,0.28059568340733276,Power
2022-03-20,Sichuan,0.2772443821609722,Power
2022-03-21,Sichuan,0.28821394197829453,Power
2022-03-22,Sichuan,0.2889749539188767,Power
2022-03-23,Sichuan,0.27876844083342156,Power
2022-03-24,Sichuan,0.2732846783204029,Power
2022-03-25,Sichuan,0.27297945962765596,Power
2022-03-26,Sichuan,0.2693229396885486,Power
2022-03-27,Sichuan,0.2655158451943527,Power
2022-03-28,Sichuan,0.2693229396885486,Power
2022-03-29,Sichuan,0.269475549034922,Power
2022-03-30,Sichuan,0.27358989701314973,Power
2022-03-31,Sichuan,0.27435090895373193,Power
2022-03-01,Tianjin,0.14892636550221558,Power
2022-03-02,Tianjin,0.14918257164073087,Power
2022-03-03,Tianjin,0.15105800057466273,Power
2022-03-04,Tianjin,0.15225135183316946,Power
2022-03-05,Tianjin,0.15097259852849096,Power
2022-03-06,Tianjin,0.1479892203822241,Power
2022-03-07,Tianjin,0.14867129805764923,Power
2022-03-08,Tianjin,0.15020511880689408,Power
2022-03-09,Tianjin,0.15310423360093814,Power
2022-03-10,Tianjin,0.15267722337007933,Power
2022-03-11,Tianjin,0.1550639258870928,Power
2022-03-12,Tianjin,0.15404137872092957,Power
2022-03-13,Tianjin,0.15574600356251797,Power
2022-03-14,Tianjin,0.15728096300571176,Power
2022-03-15,Tianjin,0.15941259807815888,Power
2022-03-16,Tianjin,0.158645118356562,Power
2022-03-17,Tianjin,0.15566174021029514,Power
2022-03-18,Tianjin,0.15617301379337675,Power
2022-03-19,Tianjin,0.15702475686719647,Power
2022-03-20,Tianjin,0.15514932793326458,Power
2022-03-21,Tianjin,0.1612880270120908,Power
2022-03-22,Tianjin,0.16171389854900065,Power
2022-03-23,Tianjin,0.15600220970103326,Power
2022-03-24,Tianjin,0.15293342950859462,Power
2022-03-25,Tianjin,0.15276262541625107,Power
2022-03-26,Tianjin,0.1507163923899757,Power
2022-03-27,Tianjin,0.14858589601147748,Power
2022-03-28,Tianjin,0.1507163923899757,Power
2022-03-29,Tianjin,0.15080179443614744,Power
2022-03-30,Tianjin,0.15310423360093814,Power
2022-03-31,Tianjin,0.15353010513784798,Power
2022-03-01,Ningxia,0.2871050259862942,Power
2022-03-02,Ningxia,0.28759894840096023,Power
2022-03-03,Ningxia,0.291214460476315,Power
2022-03-04,Ningxia,0.29351504132329237,Power
2022-03-05,Ningxia,0.2910498196714263,Power
2022-03-06,Ningxia,0.28529836755398275,Power
2022-03-07,Ningxia,0.28661329878236014,Power
2022-03-08,Ningxia,0.2895702476381603,Power
2022-03-09,Ningxia,0.29515925416144706,Power
2022-03-10,Ningxia,0.2943360501370038,Power
2022-03-11,Ningxia,0.2989372118309586,Power
2022-03-12,Ningxia,0.29696591259375854,Power
2022-03-13,Ningxia,0.300252143059336,Power
2022-03-14,Ningxia,0.3032112871258681,Power
2022-03-15,Ningxia,0.30732072161588875,Power
2022-03-16,Ningxia,0.30584114958262276,Power
2022-03-17,Ningxia,0.3000896974651792,Power
2022-03-18,Ningxia,0.30107534708377925,Power
2022-03-19,Ningxia,0.3027173647112021,Power
2022-03-20,Ningxia,0.2991018526358473,Power
2022-03-21,Ningxia,0.3109362336912436,Power
2022-03-22,Ningxia,0.311757242504955,Power
2022-03-23,Ningxia,0.300746065474002,Power
2022-03-24,Ningxia,0.29482997255166976,Power
2022-03-25,Ningxia,0.29450069094189246,Power
2022-03-26,Ningxia,0.2905558972567604,Power
2022-03-27,Ningxia,0.2864486579774715,Power
2022-03-28,Ningxia,0.2905558972567604,Power
2022-03-29,Ningxia,0.29072053806164905,Power
2022-03-30,Ningxia,0.29515925416144706,Power
2022-03-31,Ningxia,0.2959802629751585,Power
2022-03-01,Anhui,0.5494218498927375,Power
2022-03-02,Anhui,0.550367050227831,Power
2022-03-03,Anhui,0.5572859166807149,Power
2022-03-04,Anhui,0.5616884497970611,Power
2022-03-05,Anhui,0.5569708499023504,Power
2022-03-06,Anhui,0.5459645171114845,Power
2022-03-07,Anhui,0.5484808504480222,Power
2022-03-08,Anhui,0.5541394497874482,Power
2022-03-09,Anhui,0.5648349166903278,Power
2022-03-10,Anhui,0.5632595827985054,Power
2022-03-11,Anhui,0.572064649031198,Power
2022-03-12,Anhui,0.5682922494715806,Power
2022-03-13,Anhui,0.5745809823677358,Power
2022-03-14,Anhui,0.5802437825975401,Power
2022-03-15,Anhui,0.5881078493855174,Power
2022-03-16,Anhui,0.5852764492706153,Power
2022-03-17,Anhui,0.5742701164797493,Power
2022-03-18,Anhui,0.5761563162595581,Power
2022-03-19,Anhui,0.5792985822624466,Power
2022-03-20,Anhui,0.5723797158095626,Power
2022-03-21,Anhui,0.5950267158384015,Power
2022-03-22,Anhui,0.5965978488398457,Power
2022-03-23,Anhui,0.5755261827028292,Power
2022-03-24,Anhui,0.5642047831335989,Power
2022-03-25,Anhui,0.5635746495768699,Power
2022-03-26,Anhui,0.556025649567257,Power
2022-03-27,Anhui,0.5481657836696576,Power
2022-03-28,Anhui,0.556025649567257,Power
2022-03-29,Anhui,0.5563407163456214,Power
2022-03-30,Anhui,0.5648349166903278,Power
2022-03-31,Anhui,0.5664060496917721,Power
2022-03-01,Shandong,1.152404630496843,Power
2022-03-02,Shandong,1.1543871749535686,Power
2022-03-03,Shandong,1.1688994003768012,Power
2022-03-04,Shandong,1.1781336518907946,Power
2022-03-05,Shandong,1.168238552224559,Power
2022-03-06,Shandong,1.1451529234395748,Power
2022-03-07,Shandong,1.1504308973488138,Power
2022-03-08,Shandong,1.1622997301630784,Power
2022-03-09,Shandong,1.1847333221045173,Power
2022-03-10,Shandong,1.1814290813433077,Power
2022-03-11,Shandong,1.199897584371295,Power
2022-03-12,Shandong,1.191985029161785,Power
2022-03-13,Shandong,1.205175558280534,Power
2022-03-14,Shandong,1.2170532024034952,Power
2022-03-15,Shandong,1.2335479722834533,Power
2022-03-16,Shandong,1.2276091502219726,Power
2022-03-17,Shandong,1.2045235214369883,Power
2022-03-18,Shandong,1.2084797990417433,Power
2022-03-19,Shandong,1.2150706579467694,Power
2022-03-20,Shandong,1.200558432523537,Power
2022-03-21,Shandong,1.2480601977066859,Power
2022-03-22,Shandong,1.2513556271591988,Power
2022-03-23,Shandong,1.2071581027372595,Power
2022-03-24,Shandong,1.1834116258000336,Power
2022-03-25,Shandong,1.1820899294955496,Power
2022-03-26,Shandong,1.1662560077678334,Power
2022-03-27,Shandong,1.1497700491965717,Power
2022-03-28,Shandong,1.1662560077678334,Power
2022-03-29,Shandong,1.1669168559200753,Power
2022-03-30,Shandong,1.1847333221045173,Power
2022-03-31,Shandong,1.1880287515570305,Power
2022-03-01,Shanxi,0.6455338195462665,Power
2022-03-02,Shanxi,0.6466443665379241,Power
2022-03-03,Shanxi,0.654773570516857,Power
2022-03-04,Shanxi,0.6599462516157771,Power
2022-03-05,Shanxi,0.6544033881863044,Power
2022-03-06,Shanxi,0.6414716854390037,Power
2022-03-07,Shanxi,0.6444282083190164,Power
2022-03-08,Shanxi,0.6510766829757393,Power
2022-03-09,Shanxi,0.6636431391568949,Power
2022-03-10,Shanxi,0.6617922275041324,Power
2022-03-11,Shanxi,0.6721375897019728,Power
2022-03-12,Shanxi,0.6677052732641576,Power
2022-03-13,Shanxi,0.6750941125819856,Power
2022-03-14,Shanxi,0.6817475230031159,Power
2022-03-15,Shanxi,0.6909872739737062,Power
2022-03-16,Shanxi,0.6876605687631412,Power
2022-03-17,Shanxi,0.6747288660158404,Power
2022-03-18,Shanxi,0.6769450242347481,Power
2022-03-19,Shanxi,0.6806369760114583,Power
2022-03-20,Shanxi,0.6725077720325254,Power
2022-03-21,Shanxi,0.6991164779526393,Power
2022-03-22,Shanxi,0.7009624538409943,Power
2022-03-23,Shanxi,0.6762046595736432,Power
2022-03-24,Shanxi,0.6629027744957899,Power
2022-03-25,Shanxi,0.6621624098346849,Power
2022-03-26,Shanxi,0.653292841194647,Power
2022-03-27,Shanxi,0.6440580259884638,Power
2022-03-28,Shanxi,0.653292841194647,Power
2022-03-29,Shanxi,0.6536630235251994,Power
2022-03-30,Shanxi,0.6636431391568949,Power
2022-03-31,Shanxi,0.6654891150452501,Power
2022-03-01,Guangdong,0.6416836717876069,Power
2022-03-02,Guangdong,0.6427875951603597,Power
2022-03-03,Guangdong,0.6508683142489097,Power
2022-03-04,Guangdong,0.6560101440028867,Power
2022-03-05,Guangdong,0.6505003397913253,Power
2022-03-06,Guangdong,0.6376457654063824,Power
2022-03-07,Guangdong,0.6405846547409553,Power
2022-03-08,Guangdong,0.6471934759991683,Power
2022-03-09,Guangdong,0.6596849822526281,Power
2022-03-10,Guangdong,0.6578451099647068,Power
2022-03-11,Guangdong,0.6681287694726611,Power
2022-03-12,Guangdong,0.6637228886338524,Power
2022-03-13,Guangdong,0.6710676588072341,Power
2022-03-14,Guangdong,0.6776813863915482,Power
2022-03-15,Guangdong,0.6868660288528509,Power
2022-03-16,Guangdong,0.6835591650606938,Power
2022-03-17,Guangdong,0.6707045906757508,Power
2022-03-18,Guangdong,0.6729075310951552,Power
2022-03-19,Guangdong,0.6765774630187954,Power
2022-03-20,Guangdong,0.6684967439302454,Power
2022-03-21,Guangdong,0.694946747941401,Power
2022-03-22,Guangdong,0.696781713903221,Power
2022-03-23,Guangdong,0.6721715821799868,Power
2022-03-24,Guangdong,0.6589490333374596,Power
2022-03-25,Guangdong,0.6582130844222911,Power
2022-03-26,Guangdong,0.6493964164185726,Power
2022-03-27,Guangdong,0.640216680283371,Power
2022-03-28,Guangdong,0.6493964164185726,Power
2022-03-29,Guangdong,0.6497643908761569,Power
2022-03-30,Guangdong,0.6596849822526281,Power
2022-03-31,Guangdong,0.6615199482144483,Power
2022-03-01,Guangxi,0.19577209334223328,Power
2022-03-02,Guangxi,0.19610889073801424,Power
2022-03-03,Guangxi,0.19857424767513077,Power
2022-03-04,Guangxi,0.20014297510081264,Power
2022-03-05,Guangxi,0.19846198187653707,Power
2022-03-06,Guangxi,0.1945401633123323,Power
2022-03-07,Guangxi,0.1954367928237669,Power
2022-03-08,Guangxi,0.19745308656650884,Power
2022-03-09,Guangxi,0.20126413620943456,Power
2022-03-10,Guangxi,0.20070280721646633,Power
2022-03-11,Guangxi,0.2038402620678301,Power
2022-03-12,Guangxi,0.2024960662393355,Power
2022-03-13,Guangxi,0.20473689157926475,Power
2022-03-14,Guangxi,0.20675468219932128,Power
2022-03-15,Guangxi,0.2095568365322187,Power
2022-03-16,Guangxi,0.20854794122219047,Power
2022-03-17,Guangxi,0.20462612265798566,Power
2022-03-18,Guangxi,0.205298220572233,Power
2022-03-19,Guangxi,0.2064178848035403,Power
2022-03-20,Guangxi,0.2039525278664238,Power
2022-03-21,Guangxi,0.21202219346933526,Power
2022-03-22,Guangxi,0.2125820255849889,Power
2022-03-23,Guangxi,0.20507368897504571,Power
2022-03-24,Guangxi,0.20103960461224726,Power
2022-03-25,Guangxi,0.20081507301505996,Power
2022-03-26,Guangxi,0.19812518448075617,Power
2022-03-27,Guangxi,0.19532452702517325,Power
2022-03-28,Guangxi,0.19812518448075617,Power
2022-03-29,Guangxi,0.1982374502793498,Power
2022-03-30,Guangxi,0.20126413620943456,Power
2022-03-31,Guangxi,0.20182396832508823,Power
2022-03-01,Xinjiang,0.727815194108837,Power
2022-03-02,Xinjiang,0.7290672942309783,Power
2022-03-03,Xinjiang,0.7382326671250523,Power
2022-03-04,Xinjiang,0.7440646712495145,Power
2022-03-05,Xinjiang,0.7378153004176717,Power
2022-03-06,Xinjiang,0.7232352901065158,Power
2022-03-07,Xinjiang,0.7265686588761274,Power
2022-03-08,Xinjiang,0.7340645649406797,Power
2022-03-09,Xinjiang,0.7482327734338869,Power
2022-03-10,Xinjiang,0.746145939896985,Power
2022-03-11,Xinjiang,0.7578099481459095,Power
2022-03-12,Xinjiang,0.752812677436208,Power
2022-03-13,Xinjiang,0.7611433169155213,Power
2022-03-14,Xinjiang,0.7686447878695054,Power
2022-03-15,Xinjiang,0.7790622608857205,Power
2022-03-16,Xinjiang,0.7753115254087285,Power
2022-03-17,Xinjiang,0.7607315150975725,Power
2022-03-18,Xinjiang,0.7632301504524234,Power
2022-03-19,Xinjiang,0.7673926877473641,Power
2022-03-20,Xinjiang,0.7582273148532901,Power
2022-03-21,Xinjiang,0.7882276337797947,Power
2022-03-22,Xinjiang,0.7903089024272649,Power
2022-03-23,Xinjiang,0.7623954170376626,Power
2022-03-24,Xinjiang,0.7473980400191262,Power
2022-03-25,Xinjiang,0.7465633066043653,Power
2022-03-26,Xinjiang,0.7365632002955306,Power
2022-03-27,Xinjiang,0.726151292168747,Power
2022-03-28,Xinjiang,0.7365632002955306,Power
2022-03-29,Xinjiang,0.7369805670029109,Power
2022-03-30,Xinjiang,0.7482327734338869,Power
2022-03-31,Xinjiang,0.7503140420813574,Power
2022-03-01,Jiangsu,0.9056625511119079,Power
2022-03-02,Jiangsu,0.9072206117295548,Power
2022-03-03,Jiangsu,0.9186256154507297,Power
2022-03-04,Jiangsu,0.9258827155720358,Power
2022-03-05,Jiangsu,0.918106261911514,Power
2022-03-06,Jiangsu,0.8999635116082484,Power
2022-03-07,Jiangsu,0.9041114152081172,Power
2022-03-08,Jiangsu,0.9134390047724297,Power
2022-03-09,Jiangsu,0.9310693262503359,Power
2022-03-10,Jiangsu,0.9284725585542578,Power
2022-03-11,Jiangsu,0.9429867587968701,Power
2022-03-12,Jiangsu,0.9367683657539952,Power
2022-03-13,Jiangsu,0.947134662396739,Power
2022-03-14,Jiangsu,0.9564691766749078,Power
2022-03-15,Jiangsu,0.9694322410137295,Power
2022-03-16,Jiangsu,0.9647649838746452,Power
2022-03-17,Jiangsu,0.9466222335713795,Power
2022-03-18,Jiangsu,0.9497314300928171,Power
2022-03-19,Jiangsu,0.9549111160572609,Power
2022-03-20,Jiangsu,0.943506112336086,Power
2022-03-21,Jiangsu,0.9808372447349046,Power
2022-03-22,Jiangsu,0.9834270877171264,Power
2022-03-23,Jiangsu,0.9486927230143859,Power
2022-03-24,Jiangsu,0.9300306191719047,Power
2022-03-25,Jiangsu,0.9289919120934733,Power
2022-03-26,Jiangsu,0.9165482012938673,Power
2022-03-27,Jiangsu,0.9035920616689015,Power
2022-03-28,Jiangsu,0.9165482012938673,Power
2022-03-29,Jiangsu,0.9170675548330828,Power
2022-03-30,Jiangsu,0.9310693262503359,Power
2022-03-31,Jiangsu,0.9336591692325579,Power
2022-03-01,Jiangxi,0.17847597082471894,Power
2022-03-02,Jiangxi,0.1787830127588222,Power
2022-03-03,Jiangxi,0.18103055971645798,Power
2022-03-04,Jiangxi,0.18246069281396998,Power
2022-03-05,Jiangxi,0.18092821240509022,Power
2022-03-06,Jiangxi,0.17735287966131014,Power
2022-03-07,Jiangxi,0.17817029352143393,Power
2022-03-08,Jiangxi,0.1800084512335987,Power
2022-03-09,Jiangxi,0.18348280129682926,Power
2022-03-10,Jiangxi,0.1829710647399905,Power
2022-03-11,Jiangxi,0.18583133093501453,Power
2022-03-12,Jiangxi,0.18460589246023804,Power
2022-03-13,Jiangxi,0.18664874479513832,Power
2022-03-14,Jiangxi,0.18848826713812136,Power
2022-03-15,Jiangxi,0.19104285602986038,Power
2022-03-16,Jiangxi,0.19012309485836887,Power
2022-03-17,Jiangxi,0.1865477621145888,Power
2022-03-18,Jiangxi,0.18716048135197708,Power
2022-03-19,Jiangxi,0.18818122520401812,Power
2022-03-20,Jiangxi,0.18593367824638232,Power
2022-03-21,Jiangxi,0.1932904029874962,Power
2022-03-22,Jiangxi,0.1938007749135167,Power
2022-03-23,Jiangxi,0.1869557867292416,Power
2022-03-24,Jiangxi,0.18327810667409378,Power
2022-03-25,Jiangxi,0.18307341205135824,Power
2022-03-26,Jiangxi,0.180621170470987,Power
2022-03-27,Jiangxi,0.17806794621006616,Power
2022-03-28,Jiangxi,0.180621170470987,Power
2022-03-29,Jiangxi,0.18072351778235474,Power
2022-03-30,Jiangxi,0.18348280129682926,Power
2022-03-31,Jiangxi,0.1839931732228498,Power
2022-03-01,Hebei,0.7197259679982817,Power
2022-03-02,Hebei,0.7209641517841291,Power
2022-03-03,Hebei,0.7300276570965314,Power
2022-03-04,Hebei,0.7357948420190557,Power
2022-03-05,Hebei,0.7296149291679155,Power
2022-03-06,Hebei,0.7151969668616045,Power
2022-03-07,Hebei,0.7184932872514825,Power
2022-03-08,Hebei,0.7259058808494219,Power
2022-03-09,Hebei,0.7399166182661653,Power
2022-03-10,Hebei,0.7378529786230864,Power
2022-03-11,Hebei,0.7493873484681352,Power
2022-03-12,Hebei,0.7444456194028424,Power
2022-03-13,Hebei,0.7526836688580132,Power
2022-03-14,Hebei,0.7601017654950007,Power
2022-03-15,Hebei,0.7704034545932503,Power
2022-03-16,Hebei,0.7666944062747566,Power
2022-03-17,Hebei,0.7522764439684456,Power
2022-03-18,Hebei,0.7547473085010921,Power
2022-03-19,Hebei,0.7588635817091534,Power
2022-03-20,Hebei,0.7498000763967511,Power
2022-03-21,Hebei,0.7794669599056528,Power
2022-03-22,Hebei,0.7815250965096834,Power
2022-03-23,Hebei,0.7539218526438606,Power
2022-03-24,Hebei,0.7390911624089338,Power
2022-03-25,Hebei,0.7382657065517022,Power
2022-03-26,Hebei,0.7283767453820683,Power
2022-03-27,Hebei,0.7180805593228667,Power
2022-03-28,Hebei,0.7283767453820683,Power
2022-03-29,Hebei,0.7287894733106841,Power
2022-03-30,Hebei,0.7399166182661653,Power
2022-03-31,Hebei,0.741974754870196,Power
2022-03-01,Henan,0.48323407157144355,Power
2022-03-02,Henan,0.48406540546627697,Power
2022-03-03,Henan,0.49015076957645737,Power
2022-03-04,Henan,0.4940229381177257,Power
2022-03-05,Henan,0.4898736582781795,Power
2022-03-06,Henan,0.4801932369250085,Power
2022-03-07,Henan,0.4824064324939205,Power
2022-03-08,Henan,0.48738335141098976,Power
2022-03-09,Henan,0.49679035628319335,Power
2022-03-10,Henan,0.49540479979180435,Power
2022-03-11,Henan,0.5031491368743412,Power
2022-03-12,Henan,0.49983119092962836,Power
2022-03-13,Henan,0.5053623324432532,Power
2022-03-14,Henan,0.5103429461776329,Power
2022-03-15,Henan,0.5172596441826466,Power
2022-03-16,Henan,0.5147693373154568,Power
2022-03-17,Henan,0.5050889159622858,Power
2022-03-18,Henan,0.5067478889346422,Power
2022-03-19,Henan,0.5095116122827994,Power
2022-03-20,Henan,0.503426248172619,Power
2022-03-21,Henan,0.5233450082928272,Power
2022-03-22,Henan,0.5247268699669057,Power
2022-03-23,Henan,0.5061936663380866,Power
2022-03-24,Henan,0.4962361336866378,Power
2022-03-25,Henan,0.49568191109008214,Power
2022-03-26,Henan,0.48904232438334616,Power
2022-03-27,Henan,0.48212932119564267,Power
2022-03-28,Henan,0.48904232438334616,Power
2022-03-29,Henan,0.48931943568162395,Power
2022-03-30,Henan,0.49679035628319335,Power
2022-03-31,Henan,0.498172217957272,Power
2022-03-01,Zhejiang,0.5231520972227719,Power
2022-03-02,Zhejiang,0.5240521042714474,Power
2022-03-03,Zhejiang,0.5306401558677522,Power
2022-03-04,Zhejiang,0.5348321886989161,Power
2022-03-05,Zhejiang,0.5303401535181935,Power
2022-03-06,Zhejiang,0.5198600714402832,Power
2022-03-07,Zhejiang,0.5222560902054239,Power
2022-03-08,Zhejiang,0.5276441324034945,Power
2022-03-09,Zhejiang,0.5378282121631738,Power
2022-03-10,Zhejiang,0.5363282004153813,Power
2022-03-11,Zhejiang,0.5447122660777095,Power
2022-03-12,Zhejiang,0.5411202379456624,Power
2022-03-13,Zhejiang,0.5471082848428501,Power
2022-03-14,Zhejiang,0.5525003270722484,Power
2022-03-15,Zhejiang,0.5599883857172285,Power
2022-03-16,Zhejiang,0.5572923646025294,Power
2022-03-17,Zhejiang,0.5468122825246191,Power
2022-03-18,Zhejiang,0.5486082965906427,Power
2022-03-19,Zhejiang,0.5516003200235728,Power
2022-03-20,Zhejiang,0.5450122684272681,Power
2022-03-21,Zhejiang,0.5665764373135334,Power
2022-03-22,Zhejiang,0.5680724490299983,Power
2022-03-23,Zhejiang,0.5480082918915257,Power
2022-03-24,Zhejiang,0.5372282074640569,Power
2022-03-25,Zhejiang,0.5366282027649397,Power
2022-03-26,Zhejiang,0.5294401464695181,Power
2022-03-27,Zhejiang,0.5219560878558653,Power
2022-03-28,Zhejiang,0.5294401464695181,Power
2022-03-29,Zhejiang,0.5297401488190766,Power
2022-03-30,Zhejiang,0.5378282121631738,Power
2022-03-31,Zhejiang,0.539324223879639,Power
2022-03-01,Hainan,0.040263586797213764,Power
2022-03-02,Hainan,0.04033285443871768,Power
2022-03-03,Hainan,0.04083989357452637,Power
2022-03-04,Hainan,0.041162526855842395,Power
2022-03-05,Hainan,0.040816804360691725,Power
2022-03-06,Hainan,0.040010221157401646,Power
2022-03-07,Hainan,0.0401946270118943,Power
2022-03-08,Hainan,0.040609309292364434,Power
2022-03-09,Hainan,0.04139311113800434,Power
2022-03-10,Hainan,0.04127766506883114,Power
2022-03-11,Hainan,0.0419229316314632,Power
2022-03-12,Hainan,0.04164647677781645,Power
2022-03-13,Hainan,0.04210733748595586,Power
2022-03-14,Hainan,0.042522327622610455,Power
2022-03-15,Hainan,0.04309863439992306,Power
2022-03-16,Hainan,0.042891139331595766,Power
2022-03-17,Hainan,0.04208455612830568,Power
2022-03-18,Hainan,0.04222278355512906,Power
2022-03-19,Hainan,0.04245305998110654,Power
2022-03-20,Hainan,0.041946020845297846,Power
2022-03-21,Hainan,0.043605673535731755,Power
2022-03-22,Hainan,0.04372081174872049,Power
2022-03-23,Hainan,0.042176605127459785,Power
2022-03-24,Hainan,0.041346932710335065,Power
2022-03-25,Hainan,0.041300754282665775,Power
2022-03-26,Hainan,0.040747536719187814,Power
2022-03-27,Hainan,0.04017153779805966,Power
2022-03-28,Hainan,0.040747536719187814,Power
2022-03-29,Hainan,0.04077062593302245,Power
2022-03-30,Hainan,0.04139311113800434,Power
2022-03-31,Hainan,0.04150824935099308,Power
2022-03-01,Hubei,0.2754492449204254,Power
2022-03-02,Hubei,0.2759231152600394,Power
2022-03-03,Hubei,0.27939184614601387,Power
2022-03-04,Hubei,0.28159902888341587,Power
2022-03-05,Hubei,0.27923388936614246,Power
2022-03-06,Hubei,0.27371593252263726,Power
2022-03-07,Hubei,0.2749774806712097,Power
2022-03-08,Hubei,0.2778143844376988,Power
2022-03-09,Hubei,0.28317649059173094,Power
2022-03-10,Hubei,0.28238670669237426,Power
2022-03-11,Hubei,0.2868010721671784,Power
2022-03-12,Hubei,0.284909802989519,Power
2022-03-13,Hubei,0.2880626203157508,Power
2022-03-14,Hubei,0.29090163017263826,Power
2022-03-15,Hubei,0.29484423139822663,Power
2022-03-16,Hubei,0.29342472646978296,Power
2022-03-17,Hubei,0.28790676962627776,Power
2022-03-18,Hubei,0.2888524042151075,Power
2022-03-19,Hubei,0.2904277598330242,Power
2022-03-20,Hubei,0.2869590289470498,Power
2022-03-21,Hubei,0.2983129622842011,Power
2022-03-22,Hubei,0.2991006400931595,Power
2022-03-23,Hubei,0.28853649065536485,Power
2022-03-24,Hubei,0.2828605770319883,Power
2022-03-25,Hubei,0.2825446634722456,Power
2022-03-26,Hubei,0.2787600190265285,Power
2022-03-27,Hubei,0.27481952389133835,Power
2022-03-28,Hubei,0.2787600190265285,Power
2022-03-29,Hubei,0.2789179758063998,Power
2022-03-30,Hubei,0.28317649059173094,Power
2022-03-31,Hubei,0.28396416840068933,Power
2022-03-01,Hunan,0.16415793856580801,Power
2022-03-02,Hunan,0.16444034840912047,Power
2022-03-03,Hunan,0.1665075884621677,Power
2022-03-04,Hunan,0.16782299075457413,Power
2022-03-05,Hunan,0.16641345184773018,Power
2022-03-06,Hunan,0.16312494611671396,Power
2022-03-07,Hunan,0.16387678387735471,Power
2022-03-08,Hunan,0.16556747747265196,Power
2022-03-09,Hunan,0.16876310174408987,Power
2022-03-10,Hunan,0.16829241867190242,Power
2022-03-11,Hunan,0.17092322325671538,Power
2022-03-12,Hunan,0.16979609419318387,Power
2022-03-13,Hunan,0.17167506101735613,Power
2022-03-14,Hunan,0.17336700976751257,Power
2022-03-15,Hunan,0.1757166596638722,Power
2022-03-16,Hunan,0.17487068528879401,Power
2022-03-17,Hunan,0.1715821795577778,Power
2022-03-18,Hunan,0.17214574408954356,Power
2022-03-19,Hunan,0.17308459992420008,Power
2022-03-20,Hunan,0.17101735987115288,Power
2022-03-21,Hunan,0.17778389971691946,Power
2022-03-22,Hunan,0.1782533276342477,Power
2022-03-23,Hunan,0.1719574708606686,Power
2022-03-24,Hunan,0.1685748285152149,Power
2022-03-25,Hunan,0.16838655528633992,Power
2022-03-26,Hunan,0.16613104200441775,Power
2022-03-27,Hunan,0.16378264726291722,Power
2022-03-28,Hunan,0.16613104200441775,Power
2022-03-29,Hunan,0.16622517861885522,Power
2022-03-30,Hunan,0.16876310174408987,Power
2022-03-31,Hunan,0.16923252966141814,Power
2022-03-01,Gansu,0.23444765663075706,Power
2022-03-02,Gansu,0.23485098970470114,Power
2022-03-03,Gansu,0.23780338780597157,Power
2022-03-04,Gansu,0.23968202363483093,Power
2022-03-05,Gansu,0.2376689434479902,Power
2022-03-06,Gansu,0.23297235387584173,Power
2022-03-07,Gansu,0.23404611614825277,Power
2022-03-08,Gansu,0.2364607368175978,Power
2022-03-09,Gansu,0.24102467462320468,Power
2022-03-10,Gansu,0.24035245283329795,Power
2022-03-11,Gansu,0.2441097244910167,Power
2022-03-12,Gansu,0.24249997737812,Power
2022-03-13,Gansu,0.24518348676342777,Power
2022-03-14,Gansu,0.2475999000242126,Power
2022-03-15,Gansu,0.25095563119942704,Power
2022-03-16,Gansu,0.24974742456903465,Power
2022-03-17,Gansu,0.24505083499688615,Power
2022-03-18,Gansu,0.24585570855333452,Power
2022-03-19,Gansu,0.2471965669502685,Power
2022-03-20,Gansu,0.24424416884899808,Power
2022-03-21,Gansu,0.2539080293006975,Power
2022-03-22,Gansu,0.2545784584991645,Power
2022-03-23,Gansu,0.24558681983737185,Power
2022-03-24,Gansu,0.240755785907242,Power
2022-03-25,Gansu,0.24048689719127928,Power
2022-03-26,Gansu,0.23726561037404617,Power
2022-03-27,Gansu,0.23391167179027142,Power
2022-03-28,Gansu,0.23726561037404617,Power
2022-03-29,Gansu,0.23740005473202752,Power
2022-03-30,Gansu,0.24102467462320468,Power
2022-03-31,Gansu,0.2416951038216717,Power
2022-03-01,Fujian,0.2833439949748493,Power
2022-03-02,Fujian,0.2838314470830049,Power
2022-03-03,Fujian,0.2873995965147036,Power
2022-03-04,Fujian,0.2896700401118014,Power
2022-03-05,Fujian,0.2872371124786517,Power
2022-03-06,Fujian,0.28156100348590696,Power
2022-03-07,Fujian,0.2828587093205078,Power
2022-03-08,Fujian,0.28577692260799903,Power
2022-03-09,Fujian,0.2912927140185059,Power
2022-03-10,Fujian,0.2904802938382467,Power
2022-03-11,Fujian,0.29502118103244246,Power
2022-03-12,Fujian,0.29307570550744827,Power
2022-03-13,Fujian,0.2963188868670433,Power
2022-03-14,Fujian,0.2992392666083486,Power
2022-03-15,Fujian,0.3032948681482028,Power
2022-03-16,Fujian,0.3018346782775502,Power
2022-03-17,Fujian,0.29615856928480544,Power
2022-03-18,Fujian,0.29713130704730256,Power
2022-03-19,Fujian,0.298751814500193,Power
2022-03-20,Fujian,0.2951836650684943,Power
2022-03-21,Fujian,0.30686301757990153,Power
2022-03-22,Fujian,0.30767327130634675,Power
2022-03-23,Fujian,0.29680633897519887,Power
2022-03-24,Fujian,0.2909677459464023,Power
2022-03-25,Fujian,0.29064277787429854,Power
2022-03-26,Fujian,0.28674966037049615,Power
2022-03-27,Fujian,0.2826962252844559,Power
2022-03-28,Fujian,0.28674966037049615,Power
2022-03-29,Fujian,0.286912144406548,Power
2022-03-30,Fujian,0.2912927140185059,Power
2022-03-31,Fujian,0.2921029677449512,Power
2022-03-01,Tibet,0.0006176046873494699,Power
2022-03-02,Tibet,0.000618667186333724,Power
2022-03-03,Tibet,0.0006264446788984635,Power
2022-03-04,Tibet,0.0006313935630562331,Power
2022-03-05,Tibet,0.0006260905125703787,Power
2022-03-06,Tibet,0.000613718302175954,Power
2022-03-07,Tibet,0.0006165469105829237,Power
2022-03-08,Tibet,0.0006229077378353244,Power
2022-03-09,Tibet,0.0006349305041193721,Power
2022-03-10,Tibet,0.0006331596724789488,Power
2022-03-11,Tibet,0.0006430574407944884,Power
2022-03-12,Tibet,0.000638816889292888,Power
2022-03-13,Tibet,0.000645886049201458,Power
2022-03-14,Tibet,0.0006522515986715666,Power
2022-03-15,Tibet,0.00066109159022056,Power
2022-03-16,Tibet,0.0006579088154855057,Power
2022-03-17,Tibet,0.0006455366050910811,Power
2022-03-18,Tibet,0.0006476568808418815,Power
2022-03-19,Tibet,0.0006511890996873126,Power
2022-03-20,Tibet,0.0006434116071225731,Power
2022-03-21,Tibet,0.0006688690827852996,Power
2022-03-22,Tibet,0.0006706351922080151,Power
2022-03-23,Tibet,0.0006469485481857122,Power
2022-03-24,Tibet,0.0006342221714632028,Power
2022-03-25,Tibet,0.0006335138388070334,Power
2022-03-26,Tibet,0.0006250280135861248,Power
2022-03-27,Tibet,0.000616192744254839,Power
2022-03-28,Tibet,0.0006250280135861248,Power
2022-03-29,Tibet,0.0006253821799142094,Power
2022-03-30,Tibet,0.0006349305041193721,Power
2022-03-31,Tibet,0.0006366966135420878,Power
2022-03-01,Guizhou,0.22959451885123533,Power
2022-03-02,Guizhou,0.22998950280790936,Power
2022-03-03,Guizhou,0.23288078537076337,Power
2022-03-04,Guizhou,0.2347205328667384,Power
2022-03-05,Guizhou,0.23274912405187198,Power
2022-03-06,Guizhou,0.22814975531193424,Power
2022-03-07,Guizhou,0.22920129037881315,Power
2022-03-08,Guizhou,0.23156592766610176,Power
2022-03-09,Guizhou,0.23603539057140002,Power
2022-03-10,Guizhou,0.2353770839769433,Power
2022-03-11,Guizhou,0.23905657896889343,Power
2022-03-12,Guizhou,0.23748015411070106,Power
2022-03-13,Guizhou,0.24010811403577237,Power
2022-03-14,Guizhou,0.24247450680731286,Power
2022-03-15,Guizhou,0.24576077332684085,Power
2022-03-16,Guizhou,0.24457757694107063,Power
2022-03-17,Guizhou,0.2399782082011329,Power
2022-03-18,Guizhou,0.2407664206302291,Power
2022-03-19,Guizhou,0.2420795228506388,Power
2022-03-20,Guizhou,0.23918824028778482,Power
2022-03-21,Guizhou,0.24865205588969488,Power
2022-03-22,Guizhou,0.24930860699989973,Power
2022-03-23,Guizhou,0.24050309799244643,Power
2022-03-24,Guizhou,0.23577206793361735,Power
2022-03-25,Guizhou,0.23550874529583463,Power
2022-03-26,Guizhou,0.23235414009519798,Power
2022-03-27,Guizhou,0.2290696290599218,Power
2022-03-28,Guizhou,0.23235414009519798,Power
2022-03-29,Guizhou,0.2324858014140893,Power
2022-03-30,Guizhou,0.23603539057140002,Power
2022-03-31,Guizhou,0.2366919416816049,Power
2022-03-01,Liaoning,0.3475842034258119,Power
2022-03-02,Liaoning,0.3481821714636965,Power
2022-03-03,Liaoning,0.35255929750101145,Power
2022-03-04,Liaoning,0.35534449973969146,Power
2022-03-05,Liaoning,0.35235997482171655,Power
2022-03-06,Liaoning,0.3453969692250164,Power
2022-03-07,Liaoning,0.3469888930236513,Power
2022-03-08,Liaoning,0.35056872834378683,Power
2022-03-09,Liaoning,0.3573350688969161,Power
2022-03-10,Liaoning,0.35633845550044185,Power
2022-03-11,Liaoning,0.3619088599778019,Power
2022-03-12,Liaoning,0.3595223030977116,Power
2022-03-13,Liaoning,0.3635007837764369,Power
2022-03-14,Liaoning,0.3670832767322964,Power
2022-03-15,Liaoning,0.3720583708074959,Power
2022-03-16,Liaoning,0.37026712432956616,Power
2022-03-17,Liaoning,0.36330411873286594,Power
2022-03-18,Liaoning,0.36449739717291113,Power
2022-03-19,Liaoning,0.3664853086944118,Power
2022-03-20,Liaoning,0.3621081826570969,Power
2022-03-21,Liaoning,0.37643549684481087,Power
2022-03-22,Liaoning,0.3774294526055612,Power
2022-03-23,Liaoning,0.3640987518143215,Power
2022-03-24,Liaoning,0.35693642353832644,Power
2022-03-25,Liaoning,0.3565377781797367,Power
2022-03-26,Liaoning,0.35176200678383207,Power
2022-03-27,Liaoning,0.3467895703443564,Power
2022-03-28,Liaoning,0.35176200678383207,Power
2022-03-29,Liaoning,0.3519613294631269,Power
2022-03-30,Liaoning,0.3573350688969161,Power
2022-03-31,Liaoning,0.3583290246576665,Power
2022-03-01,Chongqing,0.12266503107568032,Power
2022-03-02,Chongqing,0.12287605841014039,Power
2022-03-03,Chongqing,0.12442077849838803,Power
2022-03-04,Chongqing,0.12540369692733977,Power
2022-03-05,Chongqing,0.12435043605356799,Power
2022-03-06,Chongqing,0.12189313998118861,Power
2022-03-07,Chongqing,0.12245494164048452,Power
2022-03-08,Chongqing,0.12371829194945208,Power
2022-03-09,Chongqing,0.1261061834762757,Power
2022-03-10,Chongqing,0.12575447125217562,Power
2022-03-11,Chongqing,0.1277203081100791,Power
2022-03-12,Chongqing,0.12687807457076739,Power
2022-03-13,Chongqing,0.128282109769375,Power
2022-03-14,Chongqing,0.12954639797760686,Power
2022-03-15,Chongqing,0.13130214540031454,Power
2022-03-16,Chongqing,0.13067000129619863,Power
2022-03-17,Chongqing,0.12821270522381925,Power
2022-03-18,Chongqing,0.12863382199347512,Power
2022-03-19,Chongqing,0.1293353706431468,Power
2022-03-20,Chongqing,0.12779065055489913,Power
2022-03-21,Chongqing,0.13284686548856223,Power
2022-03-22,Chongqing,0.13319763981339805,Power
2022-03-23,Chongqing,0.1284931371038351,Power
2022-03-24,Chongqing,0.1259654985866357,Power
2022-03-25,Chongqing,0.12582481369699564,Power
2022-03-26,Chongqing,0.12413940871910795,Power
2022-03-27,Chongqing,0.1223845991956645,Power
2022-03-28,Chongqing,0.12413940871910795,Power
2022-03-29,Chongqing,0.12420975116392796,Power
2022-03-30,Chongqing,0.1261061834762757,Power
2022-03-31,Chongqing,0.12645695780111155,Power
2022-03-01,Shaanxi,0.47577204440649845,Power
2022-03-02,Shaanxi,0.4765905409695473,Power
2022-03-03,Shaanxi,0.4825819358110644,Power
2022-03-04,Shaanxi,0.48639431091362045,Power
2022-03-05,Shaanxi,0.4823091036233814,Power
2022-03-06,Shaanxi,0.47277816586699106,Power
2022-03-07,Shaanxi,0.4749571856059521,Power
2022-03-08,Shaanxi,0.47985725169673754,Power
2022-03-09,Shaanxi,0.48911899502794737,Power
2022-03-10,Shaanxi,0.48775483408953274,Power
2022-03-11,Shaanxi,0.49537958429464496,Power
2022-03-12,Shaanxi,0.4921128735674547,Power
2022-03-13,Shaanxi,0.497558604033606,Power
2022-03-14,Shaanxi,0.5024623078868939,Power
2022-03-15,Shaanxi,0.5092721992914597,Power
2022-03-16,Shaanxi,0.5068203473648158,Power
2022-03-17,Shaanxi,0.4972894096084255,Power
2022-03-18,Shaanxi,0.49892276497202065,Power
2022-03-19,Shaanxi,0.5016438113238451,Power
2022-03-20,Shaanxi,0.49565241648232794,Power
2022-03-21,Shaanxi,0.5152635941329771,Power
2022-03-22,Shaanxi,0.5166241173088891,Power
2022-03-23,Shaanxi,0.49837710059665485,Power
2022-03-24,Shaanxi,0.48857333065258157,Power
2022-03-25,Shaanxi,0.4880276662772156,Power
2022-03-26,Shaanxi,0.4814906070603327,Power
2022-03-27,Shaanxi,0.47468435341826914,Power
2022-03-28,Shaanxi,0.4814906070603327,Power
2022-03-29,Shaanxi,0.48176343924801557,Power
2022-03-30,Shaanxi,0.48911899502794737,Power
2022-03-31,Shaanxi,0.49047951820385965,Power
2022-03-01,Qinghai,0.07971463772352019,Power
2022-03-02,Qinghai,0.07985177515681091,Power
2022-03-03,Qinghai,0.08085562116849891,Power
2022-03-04,Qinghai,0.08149437685778184,Power
2022-03-05,Qinghai,0.08080990869073533,Power
2022-03-06,Qinghai,0.07921301946752796,Power
2022-03-07,Qinghai,0.079578109789933,Power
2022-03-08,Qinghai,0.08039910589056672,Power
2022-03-09,Qinghai,0.08195089213571403,Power
2022-03-10,Qinghai,0.08172232974689618,Power
2022-03-11,Qinghai,0.08299984112546208,Power
2022-03-12,Qinghai,0.08245251039170627,Power
2022-03-13,Qinghai,0.08336493144786714,Power
2022-03-14,Qinghai,0.08418653704820436,Power
2022-03-15,Qinghai,0.08532752049318305,Power
2022-03-16,Qinghai,0.08491671769301445,Power
2022-03-17,Qinghai,0.08331982846980707,Power
2022-03-18,Qinghai,0.08359349383668498,Power
2022-03-19,Qinghai,0.08404939961491364,Power
2022-03-20,Qinghai,0.08304555360322566,Power
2022-03-21,Qinghai,0.08633136650487107,Power
2022-03-22,Qinghai,0.0865593193939854,Power
2022-03-23,Qinghai,0.08350206888115785,Power
2022-03-24,Qinghai,0.0818594671801869,Power
2022-03-25,Qinghai,0.08176804222465975,Power
2022-03-26,Qinghai,0.08067277125744463,Power
2022-03-27,Qinghai,0.07953239731216943,Power
2022-03-28,Qinghai,0.08067277125744463,Power
2022-03-29,Qinghai,0.0807184837352082,Power
2022-03-30,Qinghai,0.08195089213571403,Power
2022-03-31,Qinghai,0.08217884502482838,Power
2022-03-01,Heilongjiang,0.188682161359624,Power
2022-03-02,Heilongjiang,0.18900676155923038,Power
2022-03-03,Heilongjiang,0.19138283502034883,Power
2022-03-04,Heilongjiang,0.19289475061673747,Power
2022-03-05,Heilongjiang,0.19127463495381336,Power
2022-03-06,Heilongjiang,0.18749484596284166,Power
2022-03-07,Heilongjiang,0.18835900382757148,Power
2022-03-08,Heilongjiang,0.19030227702254815,Power
2022-03-09,Heilongjiang,0.19397530861453818,Power
2022-03-10,Heilongjiang,0.19343430828186095,Power
2022-03-11,Heilongjiang,0.19645813947463828,Power
2022-03-12,Heilongjiang,0.1951626240113205,Power
2022-03-13,Heilongjiang,0.1973222973393681,Power
2022-03-14,Heilongjiang,0.19926701320189857,Power
2022-03-15,Heilongjiang,0.20196768686262334,Power
2022-03-16,Heilongjiang,0.20099532893135813,Power
2022-03-17,Heilongjiang,0.19721553994038643,Power
2022-03-18,Heilongjiang,0.19786329767204533,Power
2022-03-19,Heilongjiang,0.1989424130022922,Power
2022-03-20,Heilongjiang,0.19656633954117375,Power
2022-03-21,Heilongjiang,0.20434376032374185,Power
2022-03-22,Heilongjiang,0.20488331798886528,Power
2022-03-23,Heilongjiang,0.19764689753897444,Power
2022-03-24,Heilongjiang,0.1937589084814673,Power
2022-03-25,Heilongjiang,0.19354250834839637,Power
2022-03-26,Heilongjiang,0.19095003475420705,Power
2022-03-27,Heilongjiang,0.188250803761036,Power
2022-03-28,Heilongjiang,0.19095003475420705,Power
2022-03-29,Heilongjiang,0.19105823482074247,Power
2022-03-30,Heilongjiang,0.19397530861453818,Power
2022-03-31,Heilongjiang,0.19451486627966164,Power
2022-04-01,Shanghai,0.07196279193489721,Power
2022-04-02,Shanghai,0.07021938545259944,Power
2022-04-03,Shanghai,0.06782732177894787,Power
2022-04-04,Shanghai,0.06462443661610405,Power
2022-04-05,Shanghai,0.06312455714163288,Power
2022-04-06,Shanghai,0.06584094941096136,Power
2022-04-07,Shanghai,0.06790812336679816,Power
2022-04-08,Shanghai,0.06503012792176911,Power
2022-04-09,Shanghai,0.06300279363771957,Power
2022-04-10,Shanghai,0.06385401592083696,Power
2022-04-11,Shanghai,0.0647057993260922,Power
2022-04-12,Shanghai,0.06519229221960755,Power
2022-04-13,Shanghai,0.06604351450272494,Power
2022-04-14,Shanghai,0.06701650028975563,Power
2022-04-15,Shanghai,0.0651109295096194,Power
2022-04-16,Shanghai,0.06474620012001736,Power
2022-04-17,Shanghai,0.06251630074420422,Power
2022-04-18,Shanghai,0.06523269301353271,Power
2022-04-19,Shanghai,0.06442187152434047,Power
2022-04-20,Shanghai,0.06474620012001736,Power
2022-04-21,Shanghai,0.06381361512691182,Power
2022-04-22,Shanghai,0.06377321433298666,Power
2022-04-23,Shanghai,0.06320535872948317,Power
2022-04-24,Shanghai,0.06300279363771957,Power
2022-04-25,Shanghai,0.06417834451651387,Power
2022-04-26,Shanghai,0.06555702160920959,Power
2022-04-27,Shanghai,0.06474620012001736,Power
2022-04-28,Shanghai,0.06584094941096136,Power
2022-04-29,Shanghai,0.06689473678584233,Power
2022-04-30,Shanghai,0.06827341387853805,Power
2022-04-01,Yunnan,0.15082464219164565,Power
2022-04-02,Yunnan,0.14717068919986848,Power
2022-04-03,Yunnan,0.14215723519151757,Power
2022-04-04,Yunnan,0.13544440491244955,Power
2022-04-05,Yunnan,0.13230085282135837,Power
2022-04-06,Yunnan,0.13799405733799608,Power
2022-04-07,Yunnan,0.14232658479911844,Power
2022-04-08,Yunnan,0.13629468106727896,Power
2022-04-09,Yunnan,0.13204565237101534,Power
2022-04-10,Yunnan,0.1338297034455329,Power
2022-04-11,Yunnan,0.13561493055899213,Power
2022-04-12,Yunnan,0.1366345563214224,Power
2022-04-13,Yunnan,0.13841860739593992,Power
2022-04-14,Yunnan,0.14045785892080045,Power
2022-04-15,Yunnan,0.13646403067487983,Power
2022-04-16,Yunnan,0.13569960536279257,Power
2022-04-17,Yunnan,0.13102602660858506,Power
2022-04-18,Yunnan,0.13671923112522283,Power
2022-04-19,Yunnan,0.1350198548545057,Power
2022-04-20,Yunnan,0.13569960536279257,Power
2022-04-21,Yunnan,0.13374502864173246,Power
2022-04-22,Yunnan,0.133660353837932,Power
2022-04-23,Yunnan,0.1324702024289592,Power
2022-04-24,Yunnan,0.13204565237101534,Power
2022-04-25,Yunnan,0.13450945395381975,Power
2022-04-26,Yunnan,0.13739898163350966,Power
2022-04-27,Yunnan,0.13569960536279257,Power
2022-04-28,Yunnan,0.13799405733799608,Power
2022-04-29,Yunnan,0.1402026584704575,Power
2022-04-30,Yunnan,0.14309218615014738,Power
2022-04-01,InnerMongolia,1.255612616770531,Power
2022-04-02,InnerMongolia,1.2251935193943067,Power
2022-04-03,InnerMongolia,1.1834565988552515,Power
2022-04-04,InnerMongolia,1.1275723993626572,Power
2022-04-05,InnerMongolia,1.1014023809247275,Power
2022-04-06,InnerMongolia,1.1487982130451984,Power
2022-04-07,InnerMongolia,1.184866431498372,Power
2022-04-08,InnerMongolia,1.1346509340916597,Power
2022-04-09,InnerMongolia,1.0992778414555802,Power
2022-04-10,InnerMongolia,1.1141300367306792,Power
2022-04-11,InnerMongolia,1.1289920225102443,Power
2022-04-12,InnerMongolia,1.1374803898823675,Power
2022-04-13,InnerMongolia,1.1523325851574664,Power
2022-04-14,InnerMongolia,1.1693093199017126,Power
2022-04-15,InnerMongolia,1.1360607667347804,Power
2022-04-16,InnerMongolia,1.1296969388318048,Power
2022-04-17,InnerMongolia,1.090789474083457,Power
2022-04-18,InnerMongolia,1.138185306203928,Power
2022-04-19,InnerMongolia,1.1240380272503891,Power
2022-04-20,InnerMongolia,1.1296969388318048,Power
2022-04-21,InnerMongolia,1.1134251204091188,Power
2022-04-22,InnerMongolia,1.1127202040875583,Power
2022-04-23,InnerMongolia,1.1028122135678482,Power
2022-04-24,InnerMongolia,1.0992778414555802,Power
2022-04-25,InnerMongolia,1.1197889483120946,Power
2022-04-26,InnerMongolia,1.1438442177853432,Power
2022-04-27,InnerMongolia,1.1296969388318048,Power
2022-04-28,InnerMongolia,1.1487982130451984,Power
2022-04-29,InnerMongolia,1.1671847804325655,Power
2022-04-30,InnerMongolia,1.191240049905814,Power
2022-04-01,Beijing,0.05375659346098723,Power
2022-04-02,Beijing,0.05245425942160037,Power
2022-04-03,Beijing,0.05066737496395434,Power
2022-04-04,Beijing,0.04827480248348434,Power
2022-04-05,Beijing,0.04715438443157541,Power
2022-04-06,Beijing,0.04918354409835102,Power
2022-04-07,Beijing,0.05072773418560599,Power
2022-04-08,Beijing,0.04857785607552706,Power
2022-04-09,Beijing,0.04706342643783643,Power
2022-04-10,Beijing,0.04769929407148622,Power
2022-04-11,Beijing,0.04833558086639748,Power
2022-04-12,Beijing,0.048698993680091854,Power
2022-04-13,Beijing,0.04933486131374163,Power
2022-04-14,Beijing,0.05006168694113038,Power
2022-04-15,Beijing,0.04863821529717872,Power
2022-04-16,Beijing,0.04836576047722331,Power
2022-04-17,Beijing,0.04670001362414206,Power
2022-04-18,Beijing,0.048729173290917686,Power
2022-04-19,Beijing,0.04812348526809373,Power
2022-04-20,Beijing,0.04836576047722331,Power
2022-04-21,Beijing,0.04766911446066039,Power
2022-04-22,Beijing,0.047638934849834565,Power
2022-04-23,Beijing,0.04721474365322706,Power
2022-04-24,Beijing,0.04706342643783643,Power
2022-04-25,Beijing,0.047941569280615805,Power
2022-04-26,Beijing,0.04897144850004726,Power
2022-04-27,Beijing,0.04836576047722331,Power
2022-04-28,Beijing,0.04918354409835102,Power
2022-04-29,Beijing,0.04997072894739142,Power
2022-04-30,Beijing,0.05100060816682287,Power
2022-04-01,Jilin,0.128695229633286,Power
2022-04-02,Jilin,0.12557739482517502,Power
2022-04-03,Jilin,0.12129952878495062,Power
2022-04-04,Jilin,0.11557162370458446,Power
2022-04-05,Jilin,0.11288930235212852,Power
2022-04-06,Jilin,0.11774718400840961,Power
2022-04-07,Jilin,0.12144403094535226,Power
2022-04-08,Jilin,0.11629714496826786,Power
2022-04-09,Jilin,0.11267154562430098,Power
2022-04-10,Jilin,0.11419383574464356,Power
2022-04-11,Jilin,0.11571712935221116,Power
2022-04-12,Jilin,0.11658715277629621,Power
2022-04-13,Jilin,0.11810944289663877,Power
2022-04-14,Jilin,0.11984948974480887,Power
2022-04-15,Jilin,0.1164416471286695,Power
2022-04-16,Jilin,0.11578938043241199,Power
2022-04-17,Jilin,0.11180152220021593,Power
2022-04-18,Jilin,0.11665940385649705,Power
2022-04-19,Jilin,0.1152093648163553,Power
2022-04-20,Jilin,0.11578938043241199,Power
2022-04-21,Jilin,0.11412158466444274,Power
2022-04-22,Jilin,0.1140493335842419,Power
2022-04-23,Jilin,0.11303380451253017,Power
2022-04-24,Jilin,0.11267154562430098,Power
2022-04-25,Jilin,0.11477385136070027,Power
2022-04-26,Jilin,0.11723941947255372,Power
2022-04-27,Jilin,0.11578938043241199,Power
2022-04-28,Jilin,0.11774718400840961,Power
2022-04-29,Jilin,0.11963173301698135,Power
2022-04-30,Jilin,0.12209730112883481,Power
2022-04-01,Sichuan,0.17619973361304786,Power
2022-04-02,Sichuan,0.1719310310029819,Power
2022-04-03,Sichuan,0.16607410173786727,Power
2022-04-04,Sichuan,0.15823188915394173,Power
2022-04-05,Sichuan,0.15455945848876435,Power
2022-04-06,Sichuan,0.16121050108140333,Power
2022-04-07,Sichuan,0.16627194312050309,Power
2022-04-08,Sichuan,0.15922521776259246,Power
2022-04-09,Sichuan,0.15426132251632005,Power
2022-04-10,Sichuan,0.15634552652644884,Power
2022-04-11,Sichuan,0.15843110443506814,Power
2022-04-12,Sichuan,0.15962227442635465,Power
2022-04-13,Sichuan,0.1617064784364834,Power
2022-04-14,Sichuan,0.16408881841905643,Power
2022-04-15,Sichuan,0.15942305914522825,Power
2022-04-16,Sichuan,0.15853002512638603,Power
2022-04-17,Sichuan,0.15307015252503353,Power
2022-04-18,Sichuan,0.15972119511767255,Power
2022-04-19,Sichuan,0.1577359117988617,Power
2022-04-20,Sichuan,0.15853002512638603,Power
2022-04-21,Sichuan,0.15624660583513092,Power
2022-04-22,Sichuan,0.156147685143813,Power
2022-04-23,Sichuan,0.15475729987140013,Power
2022-04-24,Sichuan,0.15426132251632005,Power
2022-04-25,Sichuan,0.15713963985397317,Power
2022-04-26,Sichuan,0.16051530844519687,Power
2022-04-27,Sichuan,0.15853002512638603,Power
2022-04-28,Sichuan,0.16121050108140333,Power
2022-04-29,Sichuan,0.16379068244661216,Power
2022-04-30,Sichuan,0.16716635103783584,Power
2022-04-01,Tianjin,0.13684281442175178,Power
2022-04-02,Tianjin,0.13352759216169016,Power
2022-04-03,Tianjin,0.12897889808552582,Power
2022-04-04,Tianjin,0.12288836423923298,Power
2022-04-05,Tianjin,0.12003622741878091,Power
2022-04-06,Tianjin,0.12520165740299663,Power
2022-04-07,Tianjin,0.12913254855396764,Power
2022-04-08,Tianjin,0.1236598176328682,Power
2022-04-09,Tianjin,0.11980468469897612,Power
2022-04-10,Tianjin,0.1214233497033255,Power
2022-04-11,Tianjin,0.12304308172481683,Power
2022-04-12,Tianjin,0.12396818558689389,Power
2022-04-13,Tianjin,0.12558685059124325,Power
2022-04-14,Tianjin,0.12743705831539737,Power
2022-04-15,Tianjin,0.12381346810131004,Power
2022-04-16,Tianjin,0.12311990695903775,Power
2022-04-17,Tianjin,0.11887958083689906,Power
2022-04-18,Tianjin,0.12404501082111483,Power
2022-04-19,Tianjin,0.12250317105098638,Power
2022-04-20,Tianjin,0.12311990695903775,Power
2022-04-21,Tianjin,0.12134652446910456,Power
2022-04-22,Tianjin,0.12126969923488364,Power
2022-04-23,Tianjin,0.12018987788722274,Power
2022-04-24,Tianjin,0.11980468469897612,Power
2022-04-25,Tianjin,0.12204008561137687,Power
2022-04-26,Tianjin,0.12466174672916618,Power
2022-04-27,Tianjin,0.12311990695903775,Power
2022-04-28,Tianjin,0.12520165740299663,Power
2022-04-29,Tianjin,0.12720551559559262,Power
2022-04-30,Tianjin,0.1298271767133819,Power
2022-04-01,Ningxia,0.35217677327355157,Power
2022-04-02,Ningxia,0.34364476314816234,Power
2022-04-03,Ningxia,0.33193830702826066,Power
2022-04-04,Ningxia,0.31626379341521843,Power
2022-04-05,Ningxia,0.30892357356804584,Power
2022-04-06,Ningxia,0.3222172526852037,Power
2022-04-07,Ningxia,0.33233373974730024,Power
2022-04-08,Ningxia,0.3182491951920632,Power
2022-04-09,Ningxia,0.3083276784289375,Power
2022-04-10,Ningxia,0.3124934522815978,Power
2022-04-11,Ningxia,0.31666197219480696,Power
2022-04-12,Ningxia,0.3190428066906913,Power
2022-04-13,Ningxia,0.32320858054335155,Power
2022-04-14,Ningxia,0.32797024953512016,Power
2022-04-15,Ningxia,0.31864462791110276,Power
2022-04-16,Ningxia,0.3168596885543268,Power
2022-04-17,Ningxia,0.30594684393305316,Power
2022-04-18,Ningxia,0.3192405230502111,Power
2022-04-19,Ningxia,0.3152724655570706,Power
2022-04-20,Ningxia,0.3168596885543268,Power
2022-04-21,Ningxia,0.312295735922078,Power
2022-04-22,Ningxia,0.31209801956255817,Power
2022-04-23,Ningxia,0.30931900628708536,Power
2022-04-24,Ningxia,0.3083276784289375,Power
2022-04-25,Ningxia,0.314080675278854,Power
2022-04-26,Ningxia,0.3208277460474672,Power
2022-04-27,Ningxia,0.3168596885543268,Power
2022-04-28,Ningxia,0.3222172526852037,Power
2022-04-29,Ningxia,0.32737435439601187,Power
2022-04-30,Ningxia,0.3341214251646251,Power
2022-04-01,Anhui,0.5145387060460843,Power
2022-04-02,Anhui,0.5020732347741332,Power
2022-04-03,Anhui,0.4849698218252026,Power
2022-04-04,Anhui,0.4620689817800474,Power
2022-04-05,Anhui,0.4513447446671009,Power
2022-04-06,Anhui,0.4707671284545213,Power
2022-04-07,Anhui,0.4855475585046879,Power
2022-04-08,Anhui,0.46496970135829685,Power
2022-04-09,Anhui,0.4504741275875986,Power
2022-04-10,Anhui,0.45656042302356575,Power
2022-04-11,Anhui,0.46265073051980704,Power
2022-04-12,Anhui,0.4661291867775417,Power
2022-04-13,Anhui,0.4722154822135088,Power
2022-04-14,Anhui,0.47917239472897816,Power
2022-04-15,Anhui,0.4655474380377821,Power
2022-04-16,Anhui,0.4629395988595497,Power
2022-04-17,Anhui,0.4469956713298639,Power
2022-04-18,Anhui,0.4664180551172844,Power
2022-04-19,Anhui,0.46062062802105996,Power
2022-04-20,Anhui,0.4629395988595497,Power
2022-04-21,Anhui,0.4562715546838231,Power
2022-04-22,Anhui,0.4559826863440804,Power
2022-04-23,Anhui,0.4519224813465862,Power
2022-04-24,Anhui,0.4504741275875986,Power
2022-04-25,Anhui,0.4588793938620555,Power
2022-04-26,Anhui,0.4687370259557741,Power
2022-04-27,Anhui,0.4629395988595497,Power
2022-04-28,Anhui,0.4707671284545213,Power
2022-04-29,Anhui,0.47830177764947596,Power
2022-04-30,Anhui,0.4881594097431945,Power
2022-04-01,Shandong,1.156564222043973,Power
2022-04-02,Shandong,1.1285447204697525,Power
2022-04-03,Shandong,1.090100196745613,Power
2022-04-04,Shandong,1.0386243953340741,Power
2022-04-05,Shandong,1.014518786158699,Power
2022-04-06,Shandong,1.0581758209577983,Power
2022-04-07,Shandong,1.0913988154217273,Power
2022-04-08,Shandong,1.0451445432703992,Power
2022-04-09,Shandong,1.0125618399592764,Power
2022-04-10,Shandong,1.0262424269847326,Power
2022-04-11,Shandong,1.0399320321954397,Power
2022-04-12,Shandong,1.0477507988078791,Power
2022-04-13,Shandong,1.061431385833335,Power
2022-04-14,Shandong,1.077068919058214,Power
2022-04-15,Shandong,1.0464431619465135,Power
2022-04-16,Shandong,1.040581341533497,Power
2022-04-17,Shandong,1.004743073346837,Power
2022-04-18,Shandong,1.0484001081459364,Power
2022-04-19,Shandong,1.0353688304585373,Power
2022-04-20,Shandong,1.040581341533497,Power
2022-04-21,Shandong,1.0255931176466753,Power
2022-04-22,Shandong,1.0249438083086182,Power
2022-04-23,Shandong,1.0158174048348134,Power
2022-04-24,Shandong,1.0125618399592764,Power
2022-04-25,Shandong,1.0314549380596922,Power
2022-04-26,Shandong,1.0536126192208957,Power
2022-04-27,Shandong,1.040581341533497,Power
2022-04-28,Shandong,1.0581758209577983,Power
2022-04-29,Shandong,1.0751119728587915,Power
2022-04-30,Shandong,1.0972696540199949,Power
2022-04-01,Shanxi,0.6690411003201655,Power
2022-04-02,Shanxi,0.6528325770005445,Power
2022-04-03,Shanxi,0.6305934605179104,Power
2022-04-04,Shanxi,0.6008161025815096,Power
2022-04-05,Shanxi,0.5868716600860651,Power
2022-04-06,Shanxi,0.6121260731502058,Power
2022-04-07,Shanxi,0.6313446762752406,Power
2022-04-08,Shanxi,0.6045878316964393,Power
2022-04-09,Shanxi,0.5857396196739768,Power
2022-04-10,Shanxi,0.5936534690064085,Power
2022-04-11,Shanxi,0.6015725351149327,Power
2022-04-12,Shanxi,0.6060954799871926,Power
2022-04-13,Shanxi,0.6140093293196242,Power
2022-04-14,Shanxi,0.623055219064144,Power
2022-04-15,Shanxi,0.6053390474537695,Power
2022-04-16,Shanxi,0.6019481429935979,Power
2022-04-17,Shanxi,0.5812166748017169,Power
2022-04-18,Shanxi,0.6064710878658578,Power
2022-04-19,Shanxi,0.5989328464120913,Power
2022-04-20,Shanxi,0.6019481429935979,Power
2022-04-21,Shanxi,0.5932778611277433,Power
2022-04-22,Shanxi,0.5929022532490781,Power
2022-04-23,Shanxi,0.5876228758433953,Power
2022-04-24,Shanxi,0.5857396196739768,Power
2022-04-25,Shanxi,0.5966687655879152,Power
2022-04-26,Shanxi,0.6094863844473642,Power
2022-04-27,Shanxi,0.6019481429935979,Power
2022-04-28,Shanxi,0.6121260731502058,Power
2022-04-29,Shanxi,0.6219231786520558,Power
2022-04-30,Shanxi,0.634740797511505,Power
2022-04-01,Guangdong,0.7677430054228978,Power
2022-04-02,Guangdong,0.7491432805316797,Power
2022-04-03,Guangdong,0.7236232846477844,Power
2022-04-04,Guangdong,0.6894529500230423,Power
2022-04-05,Guangdong,0.6734513199508745,Power
2022-04-06,Guangdong,0.7024314513311084,Power
2022-04-07,Guangdong,0.7244853253250728,Power
2022-04-08,Guangdong,0.6937811125902619,Power
2022-04-09,Guangdong,0.6721522725413493,Power
2022-04-10,Guangdong,0.6812336316208402,Power
2022-04-11,Guangdong,0.6903209770939233,Power
2022-04-12,Guangdong,0.6955111803384312,Power
2022-04-13,Guangdong,0.7045925394179219,Power
2022-04-14,Guangdong,0.7149729459069378,Power
2022-04-15,Guangdong,0.6946431532675502,Power
2022-04-16,Guangdong,0.6907519974325675,Power
2022-04-17,Guangdong,0.6669620692968413,Power
2022-04-18,Guangdong,0.6959422006770755,Power
2022-04-19,Guangdong,0.6872918619362288,Power
2022-04-20,Guangdong,0.6907519974325675,Power
2022-04-21,Guangdong,0.6808026112821959,Power
2022-04-22,Guangdong,0.6803715909435516,Power
2022-04-23,Guangdong,0.6743133606281628,Power
2022-04-24,Guangdong,0.6721522725413493,Power
2022-04-25,Guangdong,0.6846937671171788,Power
2022-04-26,Guangdong,0.699402336173414,Power
2022-04-27,Guangdong,0.6907519974325675,Power
2022-04-28,Guangdong,0.7024314513311084,Power
2022-04-29,Guangdong,0.7136738984974127,Power
2022-04-30,Guangdong,0.7283824675536479,Power
2022-04-01,Guangxi,0.2195927597814384,Power
2022-04-02,Guangxi,0.21427279608110059,Power
2022-04-03,Guangxi,0.20697347028305094,Power
2022-04-04,Guangxi,0.1971999418628615,Power
2022-04-05,Guangxi,0.19262309507464043,Power
2022-04-06,Guangxi,0.20091210192154596,Power
2022-04-07,Guangxi,0.2072200344197901,Power
2022-04-08,Guangxi,0.1984378992994062,Power
2022-04-09,Guangxi,0.19225153661858202,Power
2022-04-10,Guangxi,0.19484902130909137,Power
2022-04-11,Guangxi,0.1974482182505503,Power
2022-04-12,Guangxi,0.19893273982383416,Power
2022-04-13,Guangxi,0.20153022451434346,Power
2022-04-14,Guangxi,0.20449926766091117,Power
2022-04-15,Guangxi,0.19868446343614535,Power
2022-04-16,Guangxi,0.1975715003189199,Power
2022-04-17,Guangxi,0.19076701504529817,Power
2022-04-18,Guangxi,0.19905602189220375,Power
2022-04-19,Guangxi,0.196581819270064,Power
2022-04-20,Guangxi,0.1975715003189199,Power
2022-04-21,Guangxi,0.19472573924072178,Power
2022-04-22,Guangxi,0.1946024571723522,Power
2022-04-23,Guangxi,0.19286965921137958,Power
2022-04-24,Guangxi,0.19225153661858202,Power
2022-04-25,Guangxi,0.1958387023579473,Power
2022-04-26,Guangxi,0.2000457029410596,Power
2022-04-27,Guangxi,0.1975715003189199,Power
2022-04-28,Guangxi,0.20091210192154596,Power
2022-04-29,Guangxi,0.20412770920485282,Power
2022-04-30,Guangxi,0.20833470978796517,Power
2022-04-01,Xinjiang,0.7648740999979426,Power
2022-04-02,Xinjiang,0.7463438786401546,Power
2022-04-03,Xinjiang,0.7209192459886418,Power
2022-04-04,Xinjiang,0.6868765992199726,Power
2022-04-05,Xinjiang,0.6709347641091368,Power
2022-04-06,Xinjiang,0.6998066024075121,Power
2022-04-07,Xinjiang,0.7217780653885519,Power
2022-04-08,Xinjiang,0.691188588290356,Power
2022-04-09,Xinjiang,0.6696405709856607,Power
2022-04-10,Xinjiang,0.6786879948027719,Power
2022-04-11,Xinjiang,0.6877413826434936,Power
2022-04-12,Xinjiang,0.6929121911137872,Power
2022-04-13,Xinjiang,0.7019596149308983,Power
2022-04-14,Xinjiang,0.7123012318714856,Power
2022-04-15,Xinjiang,0.6920474076902663,Power
2022-04-16,Xinjiang,0.6881707923434488,Power
2022-04-17,Xinjiang,0.6644697625153669,Power
2022-04-18,Xinjiang,0.6933416008137424,Power
2022-04-19,Xinjiang,0.6847235866965864,Power
2022-04-20,Xinjiang,0.6881707923434488,Power
2022-04-21,Xinjiang,0.6782585851028167,Power
2022-04-22,Xinjiang,0.6778291754028615,Power
2022-04-23,Xinjiang,0.671793583509047,Power
2022-04-24,Xinjiang,0.6696405709856607,Power
2022-04-25,Xinjiang,0.6821352004496343,Power
2022-04-26,Xinjiang,0.6967888064606047,Power
2022-04-27,Xinjiang,0.6881707923434488,Power
2022-04-28,Xinjiang,0.6998066024075121,Power
2022-04-29,Xinjiang,0.7110070387480096,Power
2022-04-30,Xinjiang,0.7256606447589801,Power
2022-04-01,Jiangsu,0.8256003896258817,Power
2022-04-02,Jiangsu,0.8055989828938656,Power
2022-04-03,Jiangsu,0.7781557911015948,Power
2022-04-04,Jiangsu,0.7414103679840058,Power
2022-04-05,Jiangsu,0.7242028494147498,Power
2022-04-06,Jiangsu,0.7553669337371477,Power
2022-04-07,Jiangsu,0.7790827954689621,Power
2022-04-08,Jiangsu,0.7460647024118295,Power
2022-04-09,Jiangsu,0.7228059053333697,Power
2022-04-10,Jiangsu,0.7325716388423715,Power
2022-04-11,Jiangsu,0.7423438098817023,Power
2022-04-12,Jiangsu,0.7479251486768932,Power
2022-04-13,Jiangsu,0.7576908821858949,Power
2022-04-14,Jiangsu,0.7688535597762767,Power
2022-04-15,Jiangsu,0.7469917067791968,Power
2022-04-16,Jiangsu,0.742807312065386,Power
2022-04-17,Jiangsu,0.7172245665381788,Power
2022-04-18,Jiangsu,0.7483886508605769,Power
2022-04-19,Jiangsu,0.7390864195352587,Power
2022-04-20,Jiangsu,0.742807312065386,Power
2022-04-21,Jiangsu,0.7321081366586879,Power
2022-04-22,Jiangsu,0.7316446344750042,Power
2022-04-23,Jiangsu,0.725129853782117,Power
2022-04-24,Jiangsu,0.7228059053333697,Power
2022-04-25,Jiangsu,0.7362925313724988,Power
2022-04-26,Jiangsu,0.752109543390704,Power
2022-04-27,Jiangsu,0.742807312065386,Power
2022-04-28,Jiangsu,0.7553669337371477,Power
2022-04-29,Jiangsu,0.7674566156948968,Power
2022-04-30,Jiangsu,0.7832736277131019,Power
2022-04-01,Jiangxi,0.189265500915242,Power
2022-04-02,Jiangxi,0.1846802605111526,Power
2022-04-03,Jiangxi,0.17838902142437016,Power
2022-04-04,Jiangxi,0.16996528398422134,Power
2022-04-05,Jiangxi,0.16602053097484548,Power
2022-04-06,Jiangxi,0.17316476940297446,Power
2022-04-07,Jiangxi,0.17860153337100318,Power
2022-04-08,Jiangxi,0.17103227104960814,Power
2022-04-09,Jiangxi,0.1657002872774887,Power
2022-04-10,Jiangxi,0.16793904160417156,Power
2022-04-11,Jiangxi,0.17017927170826158,Power
2022-04-12,Jiangxi,0.1714587707202814,Power
2022-04-13,Jiangxi,0.17369752504696423,Power
2022-04-14,Jiangxi,0.1762565230710038,Power
2022-04-15,Jiangxi,0.17124478299624113,Power
2022-04-16,Jiangxi,0.17028552768157812,Power
2022-04-17,Jiangxi,0.1644207882654689,Power
2022-04-18,Jiangxi,0.1715650266935979,Power
2022-04-19,Jiangxi,0.1694325283402316,Power
2022-04-20,Jiangxi,0.17028552768157812,Power
2022-04-21,Jiangxi,0.16783278563085505,Power
2022-04-22,Jiangxi,0.1677265296575385,Power
2022-04-23,Jiangxi,0.1662330429214785,Power
2022-04-24,Jiangxi,0.1657002872774887,Power
2022-04-25,Jiangxi,0.1687920409455181,Power
2022-04-26,Jiangxi,0.1724180260349444,Power
2022-04-27,Jiangxi,0.17028552768157812,Power
2022-04-28,Jiangxi,0.17316476940297446,Power
2022-04-29,Jiangxi,0.1759362793736471,Power
2022-04-30,Jiangxi,0.1795622644630734,Power
2022-04-01,Hebei,0.7173764041052224,Power
2022-04-02,Hebei,0.6999968856132778,Power
2022-04-03,Hebei,0.6761510898839054,Power
2022-04-04,Hebei,0.644222447607748,Power
2022-04-05,Hebei,0.6292705799125541,Power
2022-04-06,Hebei,0.6563495142606404,Power
2022-04-07,Hebei,0.6769565777058686,Power
2022-04-08,Hebei,0.6482666677138557,Power
2022-04-09,Hebei,0.6280567545141786,Power
2022-04-10,Hebei,0.6365423449719451,Power
2022-04-11,Hebei,0.6450335290951418,Power
2022-04-12,Hebei,0.6498832370232126,Power
2022-04-13,Hebei,0.6583688274809789,Power
2022-04-14,Hebei,0.6680682433371206,Power
2022-04-15,Hebei,0.6490721555358189,Power
2022-04-16,Hebei,0.6454362730061234,Power
2022-04-17,Hebei,0.6232070465861078,Power
2022-04-18,Hebei,0.6502859809341943,Power
2022-04-19,Hebei,0.6422031343874095,Power
2022-04-20,Hebei,0.6454362730061234,Power
2022-04-21,Hebei,0.6361396010609633,Power
2022-04-22,Hebei,0.6357368571499817,Power
2022-04-23,Hebei,0.6300760677345173,Power
2022-04-24,Hebei,0.6280567545141786,Power
2022-04-25,Hebei,0.6397754835906589,Power
2022-04-26,Hebei,0.653519119552908,Power
2022-04-27,Hebei,0.6454362730061234,Power
2022-04-28,Hebei,0.6563495142606404,Power
2022-04-29,Hebei,0.6668544179387453,Power
2022-04-30,Hebei,0.6805980539009944,Power
2022-04-01,Henan,0.5189349112523396,Power
2022-04-02,Henan,0.5063629353208552,Power
2022-04-03,Henan,0.489113391260373,Power
2022-04-04,Henan,0.46601688703864347,Power
2022-04-05,Henan,0.4552010223251393,Power
2022-04-06,Henan,0.4747893504501204,Power
2022-04-07,Henan,0.4896960641068917,Power
2022-04-08,Henan,0.46894239028887313,Power
2022-04-09,Henan,0.45432296671614913,Power
2022-04-10,Henan,0.46046126330065573,Power
2022-04-11,Henan,0.46660360622437425,Power
2022-04-12,Henan,0.4701117823211226,Power
2022-04-13,Henan,0.4762500789056291,Power
2022-04-14,Henan,0.48326643109912576,Power
2022-04-15,Henan,0.46952506313539183,Power
2022-04-16,Henan,0.46689494264763365,Power
2022-04-17,Henan,0.45081479061940083,Power
2022-04-18,Henan,0.470403118744382,Power
2022-04-19,Henan,0.46455615858313476,Power
2022-04-20,Henan,0.46689494264763365,Power
2022-04-21,Henan,0.4601699268773964,Power
2022-04-22,Henan,0.459878590454137,Power
2022-04-23,Henan,0.45578369517165795,Power
2022-04-24,Henan,0.45432296671614913,Power
2022-04-25,Henan,0.4628000473651546,Power
2022-04-26,Henan,0.4727419028088808,Power
2022-04-27,Henan,0.46689494264763365,Power
2022-04-28,Henan,0.4747893504501204,Power
2022-04-29,Henan,0.48238837549013575,Power
2022-04-30,Henan,0.49233023093386186,Power
2022-04-01,Zhejiang,0.5440021136545924,Power
2022-04-02,Zhejiang,0.5308228471777288,Power
2022-04-03,Zhejiang,0.512740062179058,Power
2022-04-04,Zhejiang,0.4885278790281284,Power
2022-04-05,Zhejiang,0.47718955289595705,Power
2022-04-06,Zhejiang,0.49772409715553134,Power
2022-04-07,Zhejiang,0.5133508810952692,Power
2022-04-08,Zhejiang,0.4915946990032725,Power
2022-04-09,Zhejiang,0.47626908272361085,Power
2022-04-10,Zhejiang,0.48270389033397526,Power
2022-04-11,Zhejiang,0.48914293974236894,Power
2022-04-12,Zhejiang,0.49282057863372425,Power
2022-04-13,Zhejiang,0.4992553862440886,Power
2022-04-14,Zhejiang,0.5066106640267992,Power
2022-04-15,Zhejiang,0.4922055179194837,Power
2022-04-16,Zhejiang,0.4894483492004746,Power
2022-04-17,Zhejiang,0.47259144383225554,Power
2022-04-18,Zhejiang,0.4931259880918299,Power
2022-04-19,Zhejiang,0.48699658993957107,Power
2022-04-20,Zhejiang,0.4894483492004746,Power
2022-04-21,Zhejiang,0.4823984808758697,Power
2022-04-22,Zhejiang,0.48209307141776403,Power
2022-04-23,Zhejiang,0.4778003718121682,Power
2022-04-24,Zhejiang,0.47626908272361085,Power
2022-04-25,Zhejiang,0.48515564959487884,Power
2022-04-26,Zhejiang,0.4955777473527333,Power
2022-04-27,Zhejiang,0.4894483492004746,Power
2022-04-28,Zhejiang,0.49772409715553134,Power
2022-04-29,Zhejiang,0.5056901938544531,Power
2022-04-30,Zhejiang,0.5161122916123075,Power
2022-04-01,Hainan,0.05010638530676045,Power
2022-04-02,Hainan,0.04889248303032647,Power
2022-04-03,Hainan,0.04722693253002456,Power
2022-04-04,Hainan,0.04499682174988772,Power
2022-04-05,Hainan,0.043952482906982025,Power
2022-04-06,Hainan,0.045843857519217907,Power
2022-04-07,Hainan,0.047283193208430246,Power
2022-04-08,Hainan,0.04527929723938299,Power
2022-04-09,Hainan,0.043867701190217885,Power
2022-04-10,Hainan,0.04446039180925565,Power
2022-04-11,Hainan,0.04505347312744901,Power
2022-04-12,Hainan,0.04539220929534997,Power
2022-04-13,Hainan,0.045984899914387735,Power
2022-04-14,Hainan,0.04666237225018964,Power
2022-04-15,Hainan,0.04533555791778867,Power
2022-04-16,Hainan,0.04508160346665187,Power
2022-04-17,Hainan,0.04352896502231693,Power
2022-04-18,Hainan,0.04542033963455282,Power
2022-04-19,Hainan,0.04485577935471789,Power
2022-04-20,Hainan,0.04508160346665187,Power
2022-04-21,Hainan,0.0444322614700528,Power
2022-04-22,Hainan,0.044404131130849955,Power
2022-04-23,Hainan,0.044008743585387713,Power
2022-04-24,Hainan,0.043867701190217885,Power
2022-04-25,Hainan,0.04468621592118962,Power
2022-04-26,Hainan,0.04564616374648678,Power
2022-04-27,Hainan,0.04508160346665187,Power
2022-04-28,Hainan,0.045843857519217907,Power
2022-04-29,Hainan,0.0465775905334255,Power
2022-04-30,Hainan,0.04753753835872266,Power
2022-04-01,Hubei,0.22474275027937132,Power
2022-04-02,Hubei,0.21929802034114224,Power
2022-04-03,Hubei,0.21182750739403228,Power
2022-04-04,Hubei,0.20182476568582117,Power
2022-04-05,Hubei,0.197140580579646,Power
2022-04-06,Hubei,0.20562398503119642,Power
2022-04-07,Hubei,0.2120798540664188,Power
2022-04-08,Hubei,0.20309175627009532,Power
2022-04-09,Hubei,0.19676030816361903,Power
2022-04-10,Hubei,0.1994187102609134,Power
2022-04-11,Hubei,0.2020788647656549,Power
2022-04-12,Hubei,0.20359820202231554,Power
2022-04-13,Hubei,0.20625660411960986,Power
2022-04-14,Hubei,0.20929527863293118,Power
2022-04-15,Hubei,0.20334410294248184,Power
2022-04-16,Hubei,0.20220503810184817,Power
2022-04-17,Hubei,0.19524097090695838,Power
2022-04-18,Hubei,0.20372437535850882,Power
2022-04-19,Hubei,0.20119214659740772,Power
2022-04-20,Hubei,0.20220503810184817,Power
2022-04-21,Hubei,0.19929253692472013,Power
2022-04-22,Hubei,0.19916636358852685,Power
2022-04-23,Hubei,0.19739292725203253,Power
2022-04-24,Hubei,0.19676030816361903,Power
2022-04-25,Hubei,0.20043160176535385,Power
2022-04-26,Hubei,0.2047372668629492,Power
2022-04-27,Hubei,0.20220503810184817,Power
2022-04-28,Hubei,0.20562398503119642,Power
2022-04-29,Hubei,0.20891500621690423,Power
2022-04-30,Hubei,0.21322067131449962,Power
2022-04-01,Hunan,0.14121544929145882,Power
2022-04-02,Hunan,0.13779429339859062,Power
2022-04-03,Hunan,0.1331002516955661,Power
2022-04-04,Hunan,0.12681510272984617,Power
2022-04-05,Hunan,0.12387182957193286,Power
2022-04-06,Hunan,0.12920231418003555,Power
2022-04-07,Hunan,0.13325881186568936,Power
2022-04-08,Hunan,0.12761120691734015,Power
2022-04-09,Hunan,0.12363288820445541,Power
2022-04-10,Hunan,0.12530327555221243,Power
2022-04-11,Hunan,0.126974764012262,Power
2022-04-12,Hunan,0.12792942836987922,Power
2022-04-13,Hunan,0.12959981571763624,Power
2022-04-14,Hunan,0.1315091444328707,Power
2022-04-15,Hunan,0.1277697670874634,Power
2022-04-16,Hunan,0.12705404409732363,Power
2022-04-17,Hunan,0.12267822384683817,Power
2022-04-18,Hunan,0.12800870845494086,Power
2022-04-19,Hunan,0.12641760119224546,Power
2022-04-20,Hunan,0.12705404409732363,Power
2022-04-21,Hunan,0.1252239954671508,Power
2022-04-22,Hunan,0.12514471538208916,Power
2022-04-23,Hunan,0.12403038974205613,Power
2022-04-24,Hunan,0.12363288820445541,Power
2022-04-25,Hunan,0.1259397184572906,Power
2022-04-26,Hunan,0.128645151360019,Power
2022-04-27,Hunan,0.12705404409732363,Power
2022-04-28,Hunan,0.12920231418003555,Power
2022-04-29,Hunan,0.13127020306539328,Power
2022-04-30,Hunan,0.13397563596812168,Power
2022-04-01,Gansu,0.24684074371156497,Power
2022-04-02,Gansu,0.2408606567650876,Power
2022-04-03,Gansu,0.23265560023054202,Power
2022-04-04,Gansu,0.22166933171091116,Power
2022-04-05,Gansu,0.21652457071704767,Power
2022-04-06,Gansu,0.22584211204562735,Power
2022-04-07,Gansu,0.23293275907196226,Power
2022-04-08,Gansu,0.2230609000605421,Power
2022-04-09,Gansu,0.2161069077407407,Power
2022-04-10,Gansu,0.2190266991465361,Power
2022-04-11,Gansu,0.221948415266508,Power
2022-04-12,Gansu,0.22361714245755915,Power
2022-04-13,Gansu,0.2265369338633545,Power
2022-04-14,Gansu,0.22987438824545678,Power
2022-04-15,Gansu,0.22333805890196232,Power
2022-04-16,Gansu,0.22208699468721813,Power
2022-04-17,Gansu,0.21443818054968958,Power
2022-04-18,Gansu,0.22375572187826928,Power
2022-04-19,Gansu,0.22097450989318404,Power
2022-04-20,Gansu,0.22208699468721813,Power
2022-04-21,Gansu,0.21888811972582597,Power
2022-04-22,Gansu,0.21874954030511584,Power
2022-04-23,Gansu,0.2168017295584679,Power
2022-04-24,Gansu,0.2161069077407407,Power
2022-04-25,Gansu,0.2201391839405702,Power
2022-04-26,Gansu,0.22486820667230334,Power
2022-04-27,Gansu,0.22208699468721813,Power
2022-04-28,Gansu,0.22584211204562735,Power
2022-04-29,Gansu,0.22945672526914987,Power
2022-04-30,Gansu,0.23418574800088302,Power
2022-04-01,Fujian,0.24669186017016007,Power
2022-04-02,Fujian,0.24071538015059885,Power
2022-04-03,Fujian,0.23251527254731935,Power
2022-04-04,Fujian,0.2215356304643919,Power
2022-04-05,Fujian,0.21639397256536166,Power
2022-04-06,Fujian,0.22570589396050034,Power
2022-04-07,Fujian,0.23279226421864754,Power
2022-04-08,Fujian,0.22292635948085243,Power
2022-04-09,Fujian,0.21597656150509617,Power
2022-04-10,Fujian,0.21889459182040816,Power
2022-04-11,Fujian,0.22181454568899328,Power
2022-04-12,Fujian,0.223482266376782,Power
2022-04-13,Fujian,0.226400296692094,Power
2022-04-14,Fujian,0.22973573806767145,Power
2022-04-15,Fujian,0.22320335115218062,Power
2022-04-16,Fujian,0.2219530415246574,Power
2022-04-17,Fujian,0.21430884081730742,Power
2022-04-18,Fujian,0.22362076221244614,Power
2022-04-19,Fujian,0.22084122773279824,Power
2022-04-20,Fujian,0.2219530415246574,Power
2022-04-21,Fujian,0.21875609598474405,Power
2022-04-22,Fujian,0.21861760014907994,Power
2022-04-23,Fujian,0.21667096423668986,Power
2022-04-24,Fujian,0.21597656150509617,Power
2022-04-25,Fujian,0.22000640561226734,Power
2022-04-26,Fujian,0.22473257600430524,Power
2022-04-27,Fujian,0.2219530415246574,Power
2022-04-28,Fujian,0.22570589396050034,Power
2022-04-29,Fujian,0.229318327007406,Power
2022-04-30,Fujian,0.2340444973994439,Power
2022-04-01,Tibet,0.0010861301906583572,Power
2022-04-02,Tibet,0.0010598170590510377,Power
2022-04-03,Tibet,0.0010237137825650374,Power
2022-04-04,Tibet,0.0009753728249806858,Power
2022-04-05,Tibet,0.0009527352321946015,Power
2022-04-06,Tibet,0.0009937335811199422,Power
2022-04-07,Tibet,0.0010249333161831428,Power
2022-04-08,Tibet,0.000981495900021591,Power
2022-04-09,Tibet,0.0009508974627839838,Power
2022-04-10,Tibet,0.0009637449106913877,Power
2022-04-11,Tibet,0.0009766008275822508,Power
2022-04-12,Tibet,0.0009839434362412614,Power
2022-04-13,Tibet,0.000996790884148665,Power
2022-04-14,Tibet,0.0010114761014666863,Power
2022-04-15,Tibet,0.0009827154336396965,Power
2022-04-16,Tibet,0.0009772105943913034,Power
2022-04-17,Tibet,0.0009435548541249732,Power
2022-04-18,Tibet,0.0009845532030503142,Power
2022-04-19,Tibet,0.0009723155219519631,Power
2022-04-20,Tibet,0.0009772105943913034,Power
2022-04-21,Tibet,0.0009631351438823349,Power
2022-04-22,Tibet,0.0009625253770732821,Power
2022-04-23,Tibet,0.0009539547658127069,Power
2022-04-24,Tibet,0.0009508974627839838,Power
2022-04-25,Tibet,0.0009686399831307282,Power
2022-04-26,Tibet,0.0009894482754896543,Power
2022-04-27,Tibet,0.0009772105943913034,Power
2022-04-28,Tibet,0.0009937335811199422,Power
2022-04-29,Tibet,0.001009638332056069,Power
2022-04-30,Tibet,0.0010304466244149952,Power
2022-04-01,Guizhou,0.2252593285480208,Power
2022-04-02,Guizhou,0.2198020837270591,Power
2022-04-03,Guizhou,0.2123143995713591,Power
2022-04-04,Guizhou,0.20228866624723627,Power
2022-04-05,Guizhou,0.19759371439450676,Power
2022-04-06,Guizhou,0.20609661821757588,Power
2022-04-07,Guizhou,0.21256732627049602,Power
2022-04-08,Guizhou,0.20355856904915304,Power
2022-04-09,Guizhou,0.19721256791039063,Power
2022-04-10,Guizhou,0.19987708042838195,Power
2022-04-11,Guizhou,0.20254334938178392,Power
2022-04-12,Guizhou,0.20406617888283762,Power
2022-04-13,Guizhou,0.2067306914008289,Power
2022-04-14,Guizhou,0.2097763504029363,Power
2022-04-15,Guizhou,0.20381149574828997,Power
2022-04-16,Guizhou,0.2026698127313524,Power
2022-04-17,Guizhou,0.19568973840933693,Power
2022-04-18,Guizhou,0.2041926422324061,Power
2022-04-19,Guizhou,0.20165459306398326,Power
2022-04-20,Guizhou,0.2026698127313524,Power
2022-04-21,Guizhou,0.19975061707881347,Power
2022-04-22,Guizhou,0.199624153729245,Power
2022-04-23,Guizhou,0.19784664109364367,Power
2022-04-24,Guizhou,0.19721256791039063,Power
2022-04-25,Guizhou,0.20089230009575107,Power
2022-04-26,Guizhou,0.2052078618997752,Power
2022-04-27,Guizhou,0.2026698127313524,Power
2022-04-28,Guizhou,0.20609661821757588,Power
2022-04-29,Guizhou,0.2093952039188202,Power
2022-04-30,Guizhou,0.2137107657228443,Power
2022-04-01,Liaoning,0.31379453322638373,Power
2022-04-02,Liaoning,0.30619239038802076,Power
2022-04-03,Liaoning,0.29576177084507216,Power
2022-04-04,Liaoning,0.28179555542139145,Power
2022-04-05,Liaoning,0.2752553147368263,Power
2022-04-06,Liaoning,0.2871001726320677,Power
2022-04-07,Liaoning,0.2961141070435672,Power
2022-04-08,Liaoning,0.2835645767513357,Power
2022-04-09,Liaoning,0.27472436365992736,Power
2022-04-10,Liaoning,0.278436127639907,Power
2022-04-11,Liaoning,0.2821503383990428,Power
2022-04-12,Liaoning,0.2842716959274821,Power
2022-04-13,Liaoning,0.2879834599074616,Power
2022-04-14,Liaoning,0.2922261749643401,Power
2022-04-15,Liaoning,0.2839169129498307,Power
2022-04-16,Liaoning,0.2823265064982904,Power
2022-04-17,Liaoning,0.27260300613148813,Power
2022-04-18,Liaoning,0.2844478640267296,Power
2022-04-19,Liaoning,0.28091226814599757,Power
2022-04-20,Liaoning,0.2823265064982904,Power
2022-04-21,Liaoning,0.27825995954065946,Power
2022-04-22,Liaoning,0.2780837914414119,Power
2022-04-23,Liaoning,0.27560765093532136,Power
2022-04-24,Liaoning,0.27472436365992736,Power
2022-04-25,Liaoning,0.2798503659921998,Power
2022-04-26,Liaoning,0.2858621023790224,Power
2022-04-27,Liaoning,0.2823265064982904,Power
2022-04-28,Liaoning,0.2871001726320677,Power
2022-04-29,Liaoning,0.29169522388744124,Power
2022-04-30,Liaoning,0.2977069602742638,Power
2022-04-01,Chongqing,0.10080206308659562,Power
2022-04-02,Chongqing,0.09835998204041906,Power
2022-04-03,Chongqing,0.09500929279038664,Power
2022-04-04,Chongqing,0.09052284328553441,Power
2022-04-05,Chongqing,0.08842188331243177,Power
2022-04-06,Chongqing,0.09222687666439211,Power
2022-04-07,Chongqing,0.09512247581924065,Power
2022-04-08,Chongqing,0.09109111640957229,Power
2022-04-09,Chongqing,0.0882513227758948,Power
2022-04-10,Chongqing,0.08944367454514161,Power
2022-04-11,Chongqing,0.09063681230764437,Power
2022-04-12,Chongqing,0.09131826846053626,Power
2022-04-13,Chongqing,0.09251062022978306,Power
2022-04-14,Chongqing,0.09387353253556684,Power
2022-04-15,Chongqing,0.09120429943842628,Power
2022-04-16,Chongqing,0.09069340382207138,Power
2022-04-17,Chongqing,0.08756986662300291,Power
2022-04-18,Chongqing,0.09137485997496327,Power
2022-04-19,Chongqing,0.09023909972014345,Power
2022-04-20,Chongqing,0.09069340382207138,Power
2022-04-21,Chongqing,0.0893870830307146,Power
2022-04-22,Chongqing,0.0893304915162876,Power
2022-04-23,Chongqing,0.08853506634128577,Power
2022-04-24,Chongqing,0.0882513227758948,Power
2022-04-25,Chongqing,0.08989797864706954,Power
2022-04-26,Chongqing,0.09182916407689116,Power
2022-04-27,Chongqing,0.09069340382207138,Power
2022-04-28,Chongqing,0.09222687666439211,Power
2022-04-29,Chongqing,0.09370297199902988,Power
2022-04-30,Chongqing,0.09563415742885151,Power
2022-04-01,Shaanxi,0.513692628726955,Power
2022-04-02,Shaanxi,0.5012476549460411,Power
2022-04-03,Shaanxi,0.4841723658478641,Power
2022-04-04,Shaanxi,0.46130918260310805,Power
2022-04-05,Shaanxi,0.45060257979770657,Power
2022-04-06,Shaanxi,0.46999302655451514,Power
2022-04-07,Shaanxi,0.48474915253098333,Power
2022-04-08,Shaanxi,0.4642051324079362,Power
2022-04-09,Shaanxi,0.44973339430995035,Power
2022-04-10,Shaanxi,0.4558096817980889,Power
2022-04-11,Shaanxi,0.46188997474930465,Power
2022-04-12,Shaanxi,0.46536271123725204,Power
2022-04-13,Shaanxi,0.47143899872539047,Power
2022-04-14,Shaanxi,0.4783844717012852,Power
2022-04-15,Shaanxi,0.46478191909105543,Power
2022-04-16,Shaanxi,0.4621783680908643,Power
2022-04-17,Shaanxi,0.44626065782200297,Power
2022-04-18,Shaanxi,0.46565110457881165,Power
2022-04-19,Shaanxi,0.4598632104322327,Power
2022-04-20,Shaanxi,0.4621783680908643,Power
2022-04-21,Shaanxi,0.4555212884565292,Power
2022-04-22,Shaanxi,0.4552328951149696,Power
2022-04-23,Shaanxi,0.45117936648082574,Power
2022-04-24,Shaanxi,0.44973339430995035,Power
2022-04-25,Shaanxi,0.45812483945672045,Power
2022-04-26,Shaanxi,0.46796626223744314,Power
2022-04-27,Shaanxi,0.4621783680908643,Power
2022-04-28,Shaanxi,0.46999302655451514,Power
2022-04-29,Shaanxi,0.47751528621352907,Power
2022-04-30,Shaanxi,0.4873567089942517,Power
2022-04-01,Qinghai,0.0731981500449053,Power
2022-04-02,Qinghai,0.07142481516101222,Power
2022-04-03,Qinghai,0.06899168783238775,Power
2022-04-04,Qinghai,0.06573381994784903,Power
2022-04-05,Qinghai,0.06420819260808523,Power
2022-04-06,Qinghai,0.06697121615907539,Power
2022-04-07,Qinghai,0.06907387651062417,Power
2022-04-08,Qinghai,0.06614647560316116,Power
2022-04-09,Qinghai,0.06408433883602059,Power
2022-04-10,Qinghai,0.06495017373105304,Power
2022-04-11,Qinghai,0.06581657938079546,Power
2022-04-12,Qinghai,0.06631142371434401,Power
2022-04-13,Qinghai,0.06717725860937644,Power
2022-04-14,Qinghai,0.06816694727647353,Power
2022-04-15,Qinghai,0.06622866428139758,Power
2022-04-16,Qinghai,0.06585767371991368,Power
2022-04-17,Qinghai,0.06358949450247205,Power
2022-04-18,Qinghai,0.06635251805346222,Power
2022-04-19,Qinghai,0.06552777749754798,Power
2022-04-20,Qinghai,0.06585767371991368,Power
2022-04-21,Qinghai,0.06490907939193483,Power
2022-04-22,Qinghai,0.0648679850528166,Power
2022-04-23,Qinghai,0.06429038128632165,Power
2022-04-24,Qinghai,0.06408433883602059,Power
2022-04-25,Qinghai,0.06528006995341873,Power
2022-04-26,Qinghai,0.0666824142758279,Power
2022-04-27,Qinghai,0.06585767371991368,Power
2022-04-28,Qinghai,0.06697121615907539,Power
2022-04-29,Qinghai,0.06804309350440889,Power
2022-04-30,Qinghai,0.06944543782681807,Power
2022-04-01,Heilongjiang,0.17741966157284572,Power
2022-04-02,Heilongjiang,0.17312140437969784,Power
2022-04-03,Heilongjiang,0.16722392436219238,Power
2022-04-04,Heilongjiang,0.15932741581423993,Power
2022-04-05,Heilongjiang,0.1556295588856,Power
2022-04-06,Heilongjiang,0.16232665031528426,Power
2022-04-07,Heilongjiang,0.1674231355098632,Power
2022-04-08,Heilongjiang,0.16032762178483728,Power
2022-04-09,Heilongjiang,0.15532935875334603,Power
2022-04-10,Heilongjiang,0.1574279928576284,Power
2022-04-11,Heilongjiang,0.1595280103726585,Power
2022-04-12,Heilongjiang,0.1607274274909267,Power
2022-04-13,Heilongjiang,0.16282606159520904,Power
2022-04-14,Heilongjiang,0.1652248958317454,Power
2022-04-15,Heilongjiang,0.1605268329325081,Power
2022-04-16,Heilongjiang,0.15962761594649394,Power
2022-04-17,Heilongjiang,0.15412994163507782,Power
2022-04-18,Heilongjiang,0.16082703306476212,Power
2022-04-19,Heilongjiang,0.15882800453431514,Power
2022-04-20,Heilongjiang,0.15962761594649394,Power
2022-04-21,Heilongjiang,0.15732838728379298,Power
2022-04-22,Heilongjiang,0.15722878170995755,Power
2022-04-23,Heilongjiang,0.15582877003327084,Power
2022-04-24,Heilongjiang,0.15532935875334603,Power
2022-04-25,Heilongjiang,0.1582276042698072,Power
2022-04-26,Heilongjiang,0.16162664447694086,Power
2022-04-27,Heilongjiang,0.15962761594649394,Power
2022-04-28,Heilongjiang,0.16232665031528426,Power
2022-04-29,Heilongjiang,0.16492469569949145,Power
2022-04-30,Heilongjiang,0.1683237359066251,Power
2022-05-01,Shanghai,0.05687114539646104,Power
2022-05-02,Shanghai,0.05965552616130998,Power
2022-05-03,Shanghai,0.06297221501355649,Power
2022-05-04,Shanghai,0.0637086960659833,Power
2022-05-05,Shanghai,0.06403627027361258,Power
2022-05-06,Shanghai,0.06477331224077847,Power
2022-05-07,Shanghai,0.06612455584724927,Power
2022-05-08,Shanghai,0.06456857836101017,Power
2022-05-09,Shanghai,0.06420005737742722,Power
2022-05-10,Shanghai,0.06735295912585909,Power
2022-05-11,Shanghai,0.06854041562851525,Power
2022-05-12,Shanghai,0.06800810754111766,Power
2022-05-13,Shanghai,0.0650599396724541,Power
2022-05-14,Shanghai,0.06325828153049302,Power
2022-05-15,Shanghai,0.06203043916662229,Power
2022-05-16,Shanghai,0.05953268583344899,Power
2022-05-17,Shanghai,0.05826333577888551,Power
2022-05-18,Shanghai,0.05924605840177337,Power
2022-05-19,Shanghai,0.06280842790974185,Power
2022-05-20,Shanghai,0.06313600211737114,Power
2022-05-21,Shanghai,0.06268558758188086,Power
2022-05-22,Shanghai,0.06137529075136373,Power
2022-05-23,Shanghai,0.0622351730463906,Power
2022-05-24,Shanghai,0.0641181638255199,Power
2022-05-25,Shanghai,0.06522372677626873,Power
2022-05-26,Shanghai,0.0664111832789249,Power
2022-05-27,Shanghai,0.06555130098389803,Power
2022-05-28,Shanghai,0.06456857836101017,Power
2022-05-29,Shanghai,0.06518278000031506,Power
2022-05-30,Shanghai,0.06534656710412973,Power
2022-05-31,Shanghai,0.06542846065603704,Power
2022-05-01,Yunnan,0.08802235645234588,Power
2022-05-02,Yunnan,0.09233188379655582,Power
2022-05-03,Yunnan,0.09746529136833529,Power
2022-05-04,Yunnan,0.09860518045031509,Power
2022-05-05,Yunnan,0.09911218366728096,Power
2022-05-06,Yunnan,0.10025294090545417,Power
2022-05-07,Yunnan,0.1023443291754384,Power
2022-05-08,Yunnan,0.09993606389485049,Power
2022-05-09,Yunnan,0.0993656852757639,Power
2022-05-10,Yunnan,0.10424559123906042,Power
2022-05-11,Yunnan,0.10608347790056172,Power
2022-05-12,Yunnan,0.10525959767299217,Power
2022-05-13,Yunnan,0.10069656872029932,Power
2022-05-14,Yunnan,0.097908051026987,Power
2022-05-15,Yunnan,0.0960076571195584,Power
2022-05-16,Yunnan,0.09214175759019361,Power
2022-05-17,Yunnan,0.09017712012445085,Power
2022-05-18,Yunnan,0.09169812977534848,Power
2022-05-19,Yunnan,0.09721178975985235,Power
2022-05-20,Yunnan,0.09771879297681822,Power
2022-05-21,Yunnan,0.09702166355349014,Power
2022-05-22,Yunnan,0.09499365068562665,Power
2022-05-23,Yunnan,0.09632453413016208,Power
2022-05-24,Yunnan,0.0992389344715224,Power
2022-05-25,Yunnan,0.10095007032878223,Power
2022-05-26,Yunnan,0.10278795699028354,Power
2022-05-27,Yunnan,0.10145707354574812,Power
2022-05-28,Yunnan,0.09993606389485049,Power
2022-05-29,Yunnan,0.1008866949266615,Power
2022-05-30,Yunnan,0.10114019653514444,Power
2022-05-31,Yunnan,0.1012669473393859,Power
2022-05-01,InnerMongolia,1.0825855720597053,Power
2022-05-02,InnerMongolia,1.13558838081505,Power
2022-05-03,InnerMongolia,1.1987240794795042,Power
2022-05-04,InnerMongolia,1.2127435572989578,Power
2022-05-05,InnerMongolia,1.2189791818584101,Power
2022-05-06,InnerMongolia,1.2330093371171778,Power
2022-05-07,InnerMongolia,1.2587312884249184,Power
2022-05-08,InnerMongolia,1.22911207176752,Power
2022-05-09,InnerMongolia,1.222096994138136,Power
2022-05-10,InnerMongolia,1.2821148805228644,Power
2022-05-11,InnerMongolia,1.304719019550879,Power
2022-05-12,InnerMongolia,1.2945861296417691,Power
2022-05-13,InnerMongolia,1.2384655086066987,Power
2022-05-14,InnerMongolia,1.2041695735297109,Power
2022-05-15,InnerMongolia,1.180796658871079,Power
2022-05-16,InnerMongolia,1.133250021605255,Power
2022-05-17,InnerMongolia,1.1090869764373776,Power
2022-05-18,InnerMongolia,1.1277938501157345,Power
2022-05-19,InnerMongolia,1.195606267199778,Power
2022-05-20,InnerMongolia,1.2018418917592304,Power
2022-05-21,InnerMongolia,1.1932679079899833,Power
2022-05-22,InnerMongolia,1.1683254097521742,Power
2022-05-23,InnerMongolia,1.1846939242207366,Power
2022-05-24,InnerMongolia,1.220538087998273,Power
2022-05-25,InnerMongolia,1.2415833208864244,Power
2022-05-26,InnerMongolia,1.2641874599144391,Power
2022-05-27,InnerMongolia,1.247818945445877,Power
2022-05-28,InnerMongolia,1.22911207176752,Power
2022-05-29,InnerMongolia,1.2408038678164928,Power
2022-05-30,InnerMongolia,1.2439216800962192,Power
2022-05-31,InnerMongolia,1.2454805862360823,Power
2022-05-01,Beijing,0.03764995998366308,Power
2022-05-02,Beijing,0.039493281823675945,Power
2022-05-03,Beijing,0.041689003427220664,Power
2022-05-04,Beijing,0.04217657022334011,Power
2022-05-05,Beijing,0.04239343161628279,Power
2022-05-06,Beijing,0.04288136975040384,Power
2022-05-07,Beijing,0.04377592299629243,Power
2022-05-08,Beijing,0.04274583137981466,Power
2022-05-09,Beijing,0.042501862312754136,Power
2022-05-10,Beijing,0.04458915321982751,Power
2022-05-11,Beijing,0.045375275769244765,Power
2022-05-12,Beijing,0.04502287600571289,Power
2022-05-13,Beijing,0.0430711234692287,Power
2022-05-14,Beijing,0.04187838580804391,Power
2022-05-15,Beijing,0.041065526922510434,Power
2022-05-16,Beijing,0.03941195880132243,Power
2022-05-17,Beijing,0.03857162090366951,Power
2022-05-18,Beijing,0.03922220508249758,Power
2022-05-19,Beijing,0.04158057273074932,Power
2022-05-20,Beijing,0.04179743412369201,Power
2022-05-21,Beijing,0.04149924970839581,Power
2022-05-22,Beijing,0.04063180413662505,Power
2022-05-23,Beijing,0.041201065293099616,Power
2022-05-24,Beijing,0.04244764696451846,Power
2022-05-25,Beijing,0.04317955416570003,Power
2022-05-26,Beijing,0.04396567671511728,Power
2022-05-27,Beijing,0.04339641555864273,Power
2022-05-28,Beijing,0.04274583137981466,Power
2022-05-29,Beijing,0.043152446491582196,Power
2022-05-30,Beijing,0.04326087718805355,Power
2022-05-31,Beijing,0.043315092536289214,Power
2022-05-01,Jilin,0.10300857380699817,Power
2022-05-02,Jilin,0.10805181831215588,Power
2022-05-03,Jilin,0.11405921250212313,Power
2022-05-04,Jilin,0.11539317302494184,Power
2022-05-05,Jilin,0.11598649590790157,Power
2022-05-06,Jilin,0.11732147239456096,Power
2022-05-07,Jilin,0.11976892928676984,Power
2022-05-08,Jilin,0.11695064559271112,Power
2022-05-09,Jilin,0.11628315734938142,Power
2022-05-10,Jilin,0.12199389009786882,Power
2022-05-11,Jilin,0.12414468554859784,Power
2022-05-12,Jilin,0.12318053586378828,Power
2022-05-13,Jilin,0.11784062991715073,Power
2022-05-14,Jilin,0.11457735406087222,Power
2022-05-15,Jilin,0.1123534092136139,Power
2022-05-16,Jilin,0.10782932223104597,Power
2022-05-17,Jilin,0.10553019605957703,Power
2022-05-18,Jilin,0.10731016470845622,Power
2022-05-19,Jilin,0.11376255106064327,Power
2022-05-20,Jilin,0.11435587394360298,Power
2022-05-21,Jilin,0.11354005497953336,Power
2022-05-22,Jilin,0.11116676344769445,Power
2022-05-23,Jilin,0.11272423601546375,Power
2022-05-24,Jilin,0.11613482662864148,Power
2022-05-25,Jilin,0.11813729135863058,Power
2022-05-26,Jilin,0.1202880868093596,Power
2022-05-27,Jilin,0.11873061424159032,Power
2022-05-28,Jilin,0.11695064559271112,Power
2022-05-29,Jilin,0.1180631259982606,Power
2022-05-30,Jilin,0.11835978743974049,Power
2022-05-31,Jilin,0.1185081181604804,Power
2022-05-01,Sichuan,0.09903705562136116,Power
2022-05-02,Sichuan,0.10388585672703665,Power
2022-05-03,Sichuan,0.10966163451467949,Power
2022-05-04,Sichuan,0.11094416389657956,Power
2022-05-05,Sichuan,0.11151461108548255,Power
2022-05-06,Sichuan,0.1127981172605143,Power
2022-05-07,Sichuan,0.11515121191473916,Power
2022-05-08,Sichuan,0.11244158776744992,Power
2022-05-09,Sichuan,0.11179983467993405,Power
2022-05-10,Sichuan,0.11729038887312539,Power
2022-05-11,Sichuan,0.11935825993289877,Power
2022-05-12,Sichuan,0.1184312832509314,Power
2022-05-13,Sichuan,0.11329725855080443,Power
2022-05-14,Sichuan,0.11015979901183794,Power
2022-05-15,Sichuan,0.10802159884658337,Power
2022-05-16,Sichuan,0.10367193903119801,Power
2022-05-17,Sichuan,0.1014614561741989,Power
2022-05-18,Sichuan,0.1031727977409079,Power
2022-05-19,Sichuan,0.109376410920228,Power
2022-05-20,Sichuan,0.10994685810913099,Power
2022-05-21,Sichuan,0.10916249322438935,Power
2022-05-22,Sichuan,0.10688070446877738,Power
2022-05-23,Sichuan,0.10837812833964774,Power
2022-05-24,Sichuan,0.1116572228827083,Power
2022-05-25,Sichuan,0.1135824821452559,Power
2022-05-26,Sichuan,0.11565035320502928,Power
2022-05-27,Sichuan,0.11415292933415892,Power
2022-05-28,Sichuan,0.11244158776744992,Power
2022-05-29,Sichuan,0.11351117624664302,Power
2022-05-30,Sichuan,0.11379639984109455,Power
2022-05-31,Sichuan,0.11393901163832028,Power
2022-05-01,Tianjin,0.11924345868806459,Power
2022-05-02,Tianjin,0.12508155444630065,Power
2022-05-03,Tianjin,0.1320357567465524,Power
2022-05-04,Tianjin,0.13357995894851935,Power
2022-05-05,Tianjin,0.13426679374360595,Power
2022-05-06,Tianjin,0.13581217203255078,Power
2022-05-07,Tianjin,0.138645365562283,Power
2022-05-08,Tianjin,0.13538290028562167,Power
2022-05-09,Tianjin,0.13461021114114924,Power
2022-05-10,Tianjin,0.14122099604385768,Power
2022-05-11,Tianjin,0.1437107721760466,Power
2022-05-12,Tianjin,0.1425946656340309,Power
2022-05-13,Tianjin,0.13641315247825156,Power
2022-05-14,Tianjin,0.13263556110527527,Power
2022-05-15,Tianjin,0.13006110671067844,Power
2022-05-16,Tianjin,0.12482399139814315,Power
2022-05-17,Tianjin,0.12216250656718261,Power
2022-05-18,Tianjin,0.1242230109524424,Power
2022-05-19,Tianjin,0.1316923393490091,Power
2022-05-20,Tianjin,0.1323791741440957,Power
2022-05-21,Tianjin,0.13143477630085162,Power
2022-05-22,Tianjin,0.12868743712050526,Power
2022-05-23,Tianjin,0.13049037845760755,Power
2022-05-24,Tianjin,0.13443850244237757,Power
2022-05-25,Tianjin,0.13675656987579482,Power
2022-05-26,Tianjin,0.13924634600798375,Power
2022-05-27,Tianjin,0.13744340467088142,Power
2022-05-28,Tianjin,0.13538290028562167,Power
2022-05-29,Tianjin,0.136670715526409,Power
2022-05-30,Tianjin,0.13701413292395231,Power
2022-05-31,Tianjin,0.13718584162272396,Power
2022-05-01,Ningxia,0.2899893121787839,Power
2022-05-02,Ningxia,0.3041870333115927,Power
2022-05-03,Ningxia,0.32109902466096785,Power
2022-05-04,Ningxia,0.3248543848236145,Power
2022-05-05,Ningxia,0.3265247049568861,Power
2022-05-06,Ningxia,0.33028292525674724,Power
2022-05-07,Ningxia,0.3371729958064927,Power
2022-05-08,Ningxia,0.32923897517345246,Power
2022-05-09,Ningxia,0.32735986502352193,Power
2022-05-10,Ningxia,0.3434366963062613,Power
2022-05-11,Ningxia,0.3494916067893709,Power
2022-05-12,Ningxia,0.3467773365728045,Power
2022-05-13,Ningxia,0.33174445537335995,Power
2022-05-14,Ningxia,0.322557694640366,Power
2022-05-15,Ningxia,0.3162968542778119,Power
2022-05-16,Ningxia,0.3035606632616158,Power
2022-05-17,Ningxia,0.2970881727451883,Power
2022-05-18,Ningxia,0.30209913314500314,Power
2022-05-19,Ningxia,0.32026386459433204,Power
2022-05-20,Ningxia,0.32193418472760366,Power
2022-05-21,Ningxia,0.31963749454435514,Power
2022-05-22,Ningxia,0.31295621401126866,Power
2022-05-23,Ningxia,0.3173408043611067,Power
2022-05-24,Ningxia,0.326942284990204,Power
2022-05-25,Ningxia,0.3325796154399957,Power
2022-05-26,Ningxia,0.33863452592310533,Power
2022-05-27,Ningxia,0.3342499355732674,Power
2022-05-28,Ningxia,0.32923897517345246,Power
2022-05-29,Ningxia,0.33237082542333674,Power
2022-05-30,Ningxia,0.3332059854899726,Power
2022-05-31,Ningxia,0.3336235655232905,Power
2022-05-01,Anhui,0.4774979213921672,Power
2022-05-02,Anhui,0.5008759634258069,Power
2022-05-03,Anhui,0.528723337024701,Power
2022-05-04,Anhui,0.5349069327519711,Power
2022-05-05,Anhui,0.5376572906382816,Power
2022-05-06,Anhui,0.5438455958824804,Power
2022-05-07,Anhui,0.5551908221635113,Power
2022-05-08,Anhui,0.5421266222035362,Power
2022-05-09,Anhui,0.5390324695814369,Power
2022-05-10,Anhui,0.5655046642371758,Power
2022-05-11,Anhui,0.5754747115750516,Power
2022-05-12,Anhui,0.571005380009797,Power
2022-05-13,Anhui,0.5462521590330022,Power
2022-05-14,Anhui,0.5311251906582941,Power
2022-05-15,Anhui,0.5208160581015582,Power
2022-05-16,Anhui,0.4998445792184403,Power
2022-05-17,Anhui,0.48918694240898697,Power
2022-05-18,Anhui,0.49743801606791865,Power
2022-05-19,Anhui,0.5273481580815458,Power
2022-05-20,Anhui,0.5300985159678563,Power
2022-05-21,Anhui,0.5263167738741792,Power
2022-05-22,Anhui,0.5153153423289372,Power
2022-05-23,Anhui,0.5225350317805023,Power
2022-05-24,Anhui,0.5383448801098593,Power
2022-05-25,Anhui,0.5476273379761573,Power
2022-05-26,Anhui,0.557597385314033,Power
2022-05-27,Anhui,0.5503776958624679,Power
2022-05-28,Anhui,0.5421266222035362,Power
2022-05-29,Anhui,0.5472835432403684,Power
2022-05-30,Anhui,0.5486587221835239,Power
2022-05-31,Anhui,0.5493463116551014,Power
2022-05-01,Shandong,1.0019538587165433,Power
2022-05-02,Shandong,1.0510089820489128,Power
2022-05-03,Shandong,1.109442290724235,Power
2022-05-04,Shandong,1.122417588253526,Power
2022-05-05,Shandong,1.1281887792338048,Power
2022-05-06,Shandong,1.141173958939432,Power
2022-05-07,Shandong,1.1649801217330817,Power
2022-05-08,Shandong,1.1375669645767577,Power
2022-05-09,Shandong,1.1310743747239442,Power
2022-05-10,Shandong,1.186622087909127,Power
2022-05-11,Shandong,1.2075426552126374,Power
2022-05-12,Shandong,1.1981644698696845,Power
2022-05-13,Shandong,1.146223751047176,Power
2022-05-14,Shandong,1.1144822006556427,Power
2022-05-15,Shandong,1.0928501166559337,Power
2022-05-16,Shandong,1.048844785431308,Power
2022-05-17,Shandong,1.0264814203827282,Power
2022-05-18,Shandong,1.0437949933235644,Power
2022-05-19,Shandong,1.1065566952340957,Power
2022-05-20,Shandong,1.1123278862143744,Power
2022-05-21,Shandong,1.104392498616491,Power
2022-05-22,Shandong,1.081307734695376,Power
2022-05-23,Shandong,1.0964571110186079,Power
2022-05-24,Shandong,1.1296315769788743,Power
2022-05-25,Shandong,1.149109346537315,Power
2022-05-26,Shandong,1.1700299138408257,Power
2022-05-27,Shandong,1.154880537517594,Power
2022-05-28,Shandong,1.1375669645767577,Power
2022-05-29,Shandong,1.1483879476647803,Power
2022-05-30,Shandong,1.1512735431549197,Power
2022-05-31,Shandong,1.1527163408999894,Power
2022-05-01,Shanxi,0.5619595176415725,Power
2022-05-02,Shanxi,0.5894727541103838,Power
2022-05-03,Shanxi,0.6222458740217618,Power
2022-05-04,Shanxi,0.6295232470039434,Power
2022-05-05,Shanxi,0.6327600983532152,Power
2022-05-06,Shanxi,0.640043013889077,Power
2022-05-07,Shanxi,0.6533950257048237,Power
2022-05-08,Shanxi,0.638019981795782,Power
2022-05-09,Shanxi,0.6343785240278511,Power
2022-05-10,Shanxi,0.6655332182645932,Power
2022-05-11,Shanxi,0.6772668044057039,Power
2022-05-12,Shanxi,0.6720069209631371,Power
2022-05-13,Shanxi,0.64287525881969,Power
2022-05-14,Shanxi,0.6250725763986944,Power
2022-05-15,Shanxi,0.6129399263926051,Power
2022-05-16,Shanxi,0.5882589348544067,Power
2022-05-17,Shanxi,0.5757161358759781,Power
2022-05-18,Shanxi,0.5854266899237939,Power
2022-05-19,Shanxi,0.6206274483471258,Power
2022-05-20,Shanxi,0.6238642996963977,Power
2022-05-21,Shanxi,0.6194136290911488,Power
2022-05-22,Shanxi,0.6064662236940612,Power
2022-05-23,Shanxi,0.6149629584859,Power
2022-05-24,Shanxi,0.6335693111905332,Power
2022-05-25,Shanxi,0.6444936844943258,Power
2022-05-26,Shanxi,0.6562272706354365,Power
2022-05-27,Shanxi,0.6477305358435977,Power
2022-05-28,Shanxi,0.638019981795782,Power
2022-05-29,Shanxi,0.6440890780756667,Power
2022-05-30,Shanxi,0.6457075037503028,Power
2022-05-31,Shanxi,0.6465167165876208,Power
2022-05-01,Guangdong,0.49666531261727404,Power
2022-05-02,Guangdong,0.5209817798411833,Power
2022-05-03,Guangdong,0.5499469834461338,Power
2022-05-04,Guangdong,0.556378796795246,Power
2022-05-05,Guangdong,0.5592395576451177,Power
2022-05-06,Guangdong,0.5656762695573289,Power
2022-05-07,Guangdong,0.5774769080630495,Power
2022-05-08,Guangdong,0.5638882940261591,Power
2022-05-09,Guangdong,0.5606699380700535,Power
2022-05-10,Guangdong,0.5882047612500683,Power
2022-05-11,Guangdong,0.598575019330853,Power
2022-05-12,Guangdong,0.5939262829498116,Power
2022-05-13,Guangdong,0.5681794353009667,Power
2022-05-14,Guangdong,0.5524452506266725,Power
2022-05-15,Guangdong,0.5417222960027528,Power
2022-05-16,Guangdong,0.5199089945224813,Power
2022-05-17,Guangdong,0.5088235462292287,Power
2022-05-18,Guangdong,0.5174058287788437,Power
2022-05-19,Guangdong,0.548516603021198,Power
2022-05-20,Guangdong,0.5513773638710696,Power
2022-05-21,Guangdong,0.5474438177024961,Power
2022-05-22,Guangdong,0.5360007743030095,Power
2022-05-23,Guangdong,0.5435102715339226,Power
2022-05-24,Guangdong,0.5599547478575855,Power
2022-05-25,Guangdong,0.5696098157259024,Power
2022-05-26,Guangdong,0.5799800738066871,Power
2022-05-27,Guangdong,0.5724705765757742,Power
2022-05-28,Guangdong,0.5638882940261591,Power
2022-05-29,Guangdong,0.5692522206196684,Power
2022-05-30,Guangdong,0.5706826010446043,Power
2022-05-31,Guangdong,0.5713977912570721,Power
2022-05-01,Guangxi,0.1414316367725964,Power
2022-05-02,Guangxi,0.14835605382496025,Power
2022-05-03,Guangxi,0.15660425649027598,Power
2022-05-04,Guangxi,0.15843579548901768,Power
2022-05-05,Guangxi,0.15925043278929576,Power
2022-05-06,Guangxi,0.1610833667149215,Power
2022-05-07,Guangxi,0.16444374557856864,Power
2022-05-08,Guangxi,0.16057421840224767,Power
2022-05-09,Guangxi,0.1596577514394348,Power
2022-05-10,Guangxi,0.1674986354546115,Power
2022-05-11,Guangxi,0.1704516956681196,Power
2022-05-12,Guangxi,0.1691279100551677,Power
2022-05-13,Guangxi,0.16179617435266483,Power
2022-05-14,Guangxi,0.1573156692011353,Power
2022-05-15,Guangxi,0.15426217425197644,Power
2022-05-16,Guangxi,0.14805056483735596,Power
2022-05-17,Guangxi,0.14489384529877833,Power
2022-05-18,Guangxi,0.14733775719961265,Power
2022-05-19,Guangxi,0.15619693784013694,Power
2022-05-20,Guangxi,0.15701157514041503,Power
2022-05-21,Guangxi,0.15589144885253262,Power
2022-05-22,Guangxi,0.15263289965142027,Power
2022-05-23,Guangxi,0.15477132256465026,Power
2022-05-24,Guangxi,0.1594540921143653,Power
2022-05-25,Guangxi,0.16220349300280384,Power
2022-05-26,Guangxi,0.16515655321631195,Power
2022-05-27,Guangxi,0.16301813030308196,Power
2022-05-28,Guangxi,0.16057421840224767,Power
2022-05-29,Guangxi,0.16210166334026907,Power
2022-05-30,Guangxi,0.16250898199040817,Power
2022-05-31,Guangxi,0.16271264131547766,Power
2022-05-01,Xinjiang,0.5708092388184687,Power
2022-05-02,Xinjiang,0.5987557528878532,Power
2022-05-03,Xinjiang,0.6320449828822668,Power
2022-05-04,Xinjiang,0.6394369597100472,Power
2022-05-05,Xinjiang,0.6427247848946807,Power
2022-05-06,Xinjiang,0.6501223915601059,Power
2022-05-07,Xinjiang,0.6636846704467189,Power
2022-05-08,Xinjiang,0.64806750081971,Power
2022-05-09,Xinjiang,0.6443686974869973,Power
2022-05-10,Xinjiang,0.6760140148890943,Power
2022-05-11,Xinjiang,0.6879323811833906,Power
2022-05-12,Xinjiang,0.6825896652583613,Power
2022-05-13,Xinjiang,0.6529992385966602,Power
2022-05-14,Xinjiang,0.6349162000811762,Power
2022-05-15,Xinjiang,0.6225924854764456,Power
2022-05-16,Xinjiang,0.5975228184436155,Power
2022-05-17,Xinjiang,0.5847824958531609,Power
2022-05-18,Xinjiang,0.5946459714070613,Power
2022-05-19,Xinjiang,0.6304010702899501,Power
2022-05-20,Xinjiang,0.6336888954745835,Power
2022-05-21,Xinjiang,0.6291681358457124,Power
2022-05-22,Xinjiang,0.6160168351071788,Power
2022-05-23,Xinjiang,0.6246473762168415,Power
2022-05-24,Xinjiang,0.6435467411908389,Power
2022-05-25,Xinjiang,0.6546431511889768,Power
2022-05-26,Xinjiang,0.6665615174832731,Power
2022-05-27,Xinjiang,0.6579309763736103,Power
2022-05-28,Xinjiang,0.64806750081971,Power
2022-05-29,Xinjiang,0.6542321730408975,Power
2022-05-30,Xinjiang,0.6558760856332144,Power
2022-05-31,Xinjiang,0.6566980419293728,Power
2022-05-01,Jiangsu,0.7827253012032074,Power
2022-05-02,Jiangsu,0.8210471119850669,Power
2022-05-03,Jiangsu,0.8666951512987522,Power
2022-05-04,Jiangsu,0.876831440089361,Power
2022-05-05,Jiangsu,0.8813398884166385,Power
2022-05-06,Jiangsu,0.891483897153013,Power
2022-05-07,Jiangsu,0.910081246503033,Power
2022-05-08,Jiangsu,0.8886661169484645,Power
2022-05-09,Jiangsu,0.8835941125802773,Power
2022-05-10,Jiangsu,0.9269879277303238,Power
2022-05-11,Jiangsu,0.943331052916705,Power
2022-05-12,Jiangsu,0.9360048243848791,Power
2022-05-13,Jiangsu,0.895428789439381,Power
2022-05-14,Jiangsu,0.8706323236393543,Power
2022-05-15,Jiangsu,0.8537333623578293,Power
2022-05-16,Jiangsu,0.8193564438623376,Power
2022-05-17,Jiangsu,0.8018862065941371,Power
2022-05-18,Jiangsu,0.8154115515759699,Power
2022-05-19,Jiangsu,0.8644409271351134,Power
2022-05-20,Jiangsu,0.868949375462391,Power
2022-05-21,Jiangsu,0.8627502590123842,Power
2022-05-22,Jiangsu,0.8447164657032741,Power
2022-05-23,Jiangsu,0.8565511425623777,Power
2022-05-24,Jiangsu,0.8824670004984578,Power
2022-05-25,Jiangsu,0.8976830136030196,Power
2022-05-26,Jiangsu,0.9140261387894009,Power
2022-05-27,Jiangsu,0.9021914619302973,Power
2022-05-28,Jiangsu,0.8886661169484645,Power
2022-05-29,Jiangsu,0.8971194575621099,Power
2022-05-30,Jiangsu,0.8993736817257488,Power
2022-05-31,Jiangsu,0.9005007938075681,Power
2022-05-01,Jiangxi,0.14423577486151357,Power
2022-05-02,Jiangxi,0.15129748101017274,Power
2022-05-03,Jiangxi,0.1597092192166638,Power
2022-05-04,Jiangxi,0.1615770717898285,Power
2022-05-05,Jiangxi,0.16240786074849428,Power
2022-05-06,Jiangxi,0.16427713590549228,Power
2022-05-07,Jiangxi,0.16770414035998865,Power
2022-05-08,Jiangxi,0.16375789280632616,Power
2022-05-09,Jiangxi,0.16282325522782717,Power
2022-05-10,Jiangxi,0.17081959895498533,Power
2022-05-11,Jiangxi,0.1738312089301488,Power
2022-05-12,Jiangxi,0.17248117687231693,Power
2022-05-13,Jiangxi,0.16500407624432487,Power
2022-05-14,Jiangxi,0.16043473697166305,Power
2022-05-15,Jiangxi,0.15732070096049966,Power
2022-05-16,Jiangxi,0.15098593515067305,Power
2022-05-17,Jiangxi,0.14776662793584314,Power
2022-05-18,Jiangxi,0.15025899481184052,Power
2022-05-19,Jiangxi,0.15929382473733092,Power
2022-05-20,Jiangxi,0.1601246136959967,Power
2022-05-21,Jiangxi,0.15898227887783123,Power
2022-05-22,Jiangxi,0.1556591230431681,Power
2022-05-23,Jiangxi,0.15783994405966578,Power
2022-05-24,Jiangxi,0.1626155579881607,Power
2022-05-25,Jiangxi,0.16541947072365773,Power
2022-05-26,Jiangxi,0.1684310806988212,Power
2022-05-27,Jiangxi,0.16625025968232354,Power
2022-05-28,Jiangxi,0.16375789280632616,Power
2022-05-29,Jiangxi,0.1653156221038245,Power
2022-05-30,Jiangxi,0.16573101658315742,Power
2022-05-31,Jiangxi,0.16593871382282385,Power
2022-05-01,Hebei,0.6262743296075918,Power
2022-05-02,Hebei,0.6569363847626574,Power
2022-05-03,Hebei,0.6934603034032499,Power
2022-05-04,Hebei,0.701570552883226,Power
2022-05-05,Hebei,0.7051778534897043,Power
2022-05-06,Hebei,0.7132942798542804,Power
2022-05-07,Hebei,0.7281743948560033,Power
2022-05-08,Hebei,0.7110397169752315,Power
2022-05-09,Hebei,0.7069815037929434,Power
2022-05-10,Hebei,0.7417017721302969,Power
2022-05-11,Hebei,0.7547782368287808,Power
2022-05-12,Hebei,0.7489163733432536,Power
2022-05-13,Hebei,0.716450667884949,Power
2022-05-14,Hebei,0.6966105145493183,Power
2022-05-15,Hebei,0.6830893141596249,Power
2022-05-16,Hebei,0.6555836470352279,Power
2022-05-17,Hebei,0.6416053571851246,Power
2022-05-18,Hebei,0.6524272590045594,Power
2022-05-19,Hebei,0.6916566531000108,Power
2022-05-20,Hebei,0.6952639537064891,Power
2022-05-21,Hebei,0.6903039153725814,Power
2022-05-22,Hebei,0.6758747129466683,Power
2022-05-23,Hebei,0.6853438770386738,Power
2022-05-24,Hebei,0.7060796786413238,Power
2022-05-25,Hebei,0.718254318188188,Power
2022-05-26,Hebei,0.7313307828866719,Power
2022-05-27,Hebei,0.7218616187946664,Power
2022-05-28,Hebei,0.7110397169752315,Power
2022-05-29,Hebei,0.7178034056123782,Power
2022-05-30,Hebei,0.7196070559156175,Power
2022-05-31,Hebei,0.7205088810672369,Power
2022-05-01,Henan,0.4056864977584488,Power
2022-05-02,Henan,0.42554869102083115,Power
2022-05-03,Henan,0.4492080682892571,Power
2022-05-04,Henan,0.4544617064346052,Power
2022-05-05,Henan,0.456798435053709,Power
2022-05-06,Henan,0.4620560744466925,Power
2022-05-07,Henan,0.4716950800004957,Power
2022-05-08,Henan,0.4605956190597526,Power
2022-05-09,Henan,0.45796679936326085,Power
2022-05-10,Henan,0.48045781232213486,Power
2022-05-11,Henan,0.4889284535663862,Power
2022-05-12,Henan,0.4851312695603425,Power
2022-05-13,Henan,0.46410071198840835,Power
2022-05-14,Henan,0.45124870458333743,Power
2022-05-15,Henan,0.4424899735093336,Power
2022-05-16,Henan,0.42467241778866716,Power
2022-05-17,Henan,0.41561759438963997,Power
2022-05-18,Henan,0.42262778024695136,Power
2022-05-19,Henan,0.44803970397970516,Power
2022-05-20,Henan,0.45037643259880894,Power
2022-05-21,Henan,0.44716343074754117,Power
2022-05-22,Henan,0.43781651627112605,Power
2022-05-23,Henan,0.4439504288962735,Power
2022-05-24,Henan,0.4573826172084849,Power
2022-05-25,Henan,0.46526907629796016,Power
2022-05-26,Henan,0.47373971754221145,Power
2022-05-27,Henan,0.46760580491706405,Power
2022-05-28,Henan,0.4605956190597526,Power
2022-05-29,Henan,0.4649769852205722,Power
2022-05-30,Henan,0.46614534953012415,Power
2022-05-31,Henan,0.46672953168490006,Power
2022-05-01,Zhejiang,0.4010549235408075,Power
2022-05-02,Zhejiang,0.42069035741452854,Power
2022-05-03,Zhejiang,0.44407962423469616,Power
2022-05-04,Zhejiang,0.4492732835167662,Power
2022-05-05,Zhejiang,0.45158333456073335,Power
2022-05-06,Zhejiang,0.45678094940965946,Power
2022-05-07,Zhejiang,0.46630990996602406,Power
2022-05-08,Zhejiang,0.45533716750718,Power
2022-05-09,Zhejiang,0.45273836008271695,Power
2022-05-10,Zhejiang,0.4749726013809009,Power
2022-05-11,Zhejiang,0.48334653641528197,Power
2022-05-12,Zhejiang,0.4795927034688353,Power
2022-05-13,Zhejiang,0.4588022440731308,Power
2022-05-14,Zhejiang,0.4460969633313113,Power
2022-05-15,Zhejiang,0.43743822748329053,Power
2022-05-16,Zhejiang,0.4198240882730408,Power
2022-05-17,Zhejiang,0.410872640477668,Power
2022-05-18,Zhejiang,0.41780279360956957,Power
2022-05-19,Zhejiang,0.44292459871271256,Power
2022-05-20,Zhejiang,0.4452346497566797,Power
2022-05-21,Zhejiang,0.4420583295712248,Power
2022-05-22,Zhejiang,0.4328181253953562,Power
2022-05-23,Zhejiang,0.43888200938577,Power
2022-05-24,Zhejiang,0.45216084732172507,Power
2022-05-25,Zhejiang,0.4599572695951143,Power
2022-05-26,Zhejiang,0.4683312046294953,Power
2022-05-27,Zhejiang,0.46226732063908155,Power
2022-05-28,Zhejiang,0.45533716750718,Power
2022-05-29,Zhejiang,0.4596685132146184,Power
2022-05-30,Zhejiang,0.46082353873660203,Power
2022-05-31,Zhejiang,0.46140105149759375,Power
2022-05-01,Hainan,0.040022464985150795,Power
2022-05-02,Hainan,0.041981943397087766,Power
2022-05-03,Hainan,0.04431602797601267,Power
2022-05-04,Hainan,0.04483431870020148,Power
2022-05-05,Hainan,0.04506484557219406,Power
2022-05-06,Hainan,0.04558353103417737,Power
2022-05-07,Hainan,0.046534454381146784,Power
2022-05-08,Hainan,0.045439451739182006,Power
2022-05-09,Hainan,0.045180109008190354,Power
2022-05-10,Hainan,0.04739893015111896,Power
2022-05-11,Hainan,0.04823459006209208,Power
2022-05-12,Hainan,0.04785998389510414,Power
2022-05-13,Hainan,0.04578524204717089,Power
2022-05-14,Hainan,0.04451734425121167,Power
2022-05-15,Hainan,0.04365326321903399,Power
2022-05-16,Hainan,0.041895495820090535,Power
2022-05-17,Hainan,0.04100220419111928,Power
2022-05-18,Hainan,0.04169378480709703,Power
2022-05-19,Hainan,0.044200764540016375,Power
2022-05-20,Hainan,0.04443129141200896,Power
2022-05-21,Hainan,0.04411431696301915,Power
2022-05-22,Hainan,0.04319220947504882,Power
2022-05-23,Hainan,0.04379734251402936,Power
2022-05-24,Hainan,0.0451224772901922,Power
2022-05-25,Hainan,0.04590050548316717,Power
2022-05-26,Hainan,0.046736165394140286,Power
2022-05-27,Hainan,0.04613103235515976,Power
2022-05-28,Hainan,0.045439451739182006,Power
2022-05-29,Hainan,0.04587168962416809,Power
2022-05-30,Hainan,0.0459869530601644,Power
2022-05-31,Hainan,0.046044584778162534,Power
2022-05-01,Hubei,0.1650026226621598,Power
2022-05-02,Hubei,0.1730810625368512,Power
2022-05-03,Hubei,0.18270391003464537,Power
2022-05-04,Hubei,0.1848406931844177,Power
2022-05-05,Hubei,0.18579109787555786,Power
2022-05-06,Hubei,0.18792950843062323,Power
2022-05-07,Hubei,0.19184992778157642,Power
2022-05-08,Hubei,0.18733550549866063,Power
2022-05-09,Hubei,0.18626630022112795,Power
2022-05-10,Hubei,0.19541394537335202,Power
2022-05-11,Hubei,0.19885916237873513,Power
2022-05-12,Hubei,0.19731475475563237,Power
2022-05-13,Hubei,0.1887611125353709,Power
2022-05-14,Hubei,0.18353388673409998,Power
2022-05-15,Hubei,0.1799714965476174,Power
2022-05-16,Hubei,0.17272466077767362,Power
2022-05-17,Hubei,0.1690418425995055,Power
2022-05-18,Hubei,0.171893056672926,Power
2022-05-19,Hubei,0.1822287076890753,Power
2022-05-20,Hubei,0.18317911238021545,Power
2022-05-21,Hubei,0.1818723059298977,Power
2022-05-22,Hubei,0.17807068716533708,Power
2022-05-23,Hubei,0.18056549947958,Power
2022-05-24,Hubei,0.18602869904834288,Power
2022-05-25,Hubei,0.18923631488094095,Power
2022-05-26,Hubei,0.19268153188632406,Power
2022-05-27,Hubei,0.19018671957208114,Power
2022-05-28,Hubei,0.18733550549866063,Power
2022-05-29,Hubei,0.1891175142945484,Power
2022-05-30,Hubei,0.18959271664011854,Power
2022-05-31,Hubei,0.18983031781290355,Power
2022-05-01,Hunan,0.10715029675488094,Power
2022-05-02,Hunan,0.11239631779335842,Power
2022-05-03,Hunan,0.1186452546186036,Power
2022-05-04,Hunan,0.12003285043317269,Power
2022-05-05,Hunan,0.12065002937887592,Power
2022-05-06,Hunan,0.12203868200670819,Power
2022-05-07,Hunan,0.12458454515773401,Power
2022-05-08,Hunan,0.12165294516564366,Power
2022-05-09,Hunan,0.12095861885172753,Power
2022-05-10,Hunan,0.1268989662041211,Power
2022-05-11,Hunan,0.12913623988229533,Power
2022-05-12,Hunan,0.12813332409552758,Power
2022-05-13,Hunan,0.12257871358419851,Power
2022-05-14,Hunan,0.11918422938283074,Power
2022-05-15,Hunan,0.11687086514970682,Power
2022-05-16,Hunan,0.11216487568871969,Power
2022-05-17,Hunan,0.10977330727411967,Power
2022-05-18,Hunan,0.11162484411122937,Power
2022-05-19,Hunan,0.11833666514575199,Power
2022-05-20,Hunan,0.11895384409145522,Power
2022-05-21,Hunan,0.11810522304111326,Power
2022-05-22,Hunan,0.11563650725830037,Power
2022-05-23,Hunan,0.11725660199077134,Power
2022-05-24,Hunan,0.1208043241153017,Power
2022-05-25,Hunan,0.1228873030570501,Power
2022-05-26,Hunan,0.1251245767352243,Power
2022-05-27,Hunan,0.12350448200275335,Power
2022-05-28,Hunan,0.12165294516564366,Power
2022-05-29,Hunan,0.1228101556888372,Power
2022-05-30,Hunan,0.12311874516168883,Power
2022-05-31,Hunan,0.12327303989811463,Power
2022-05-01,Gansu,0.17957312934236477,Power
2022-05-02,Gansu,0.1883649334064293,Power
2022-05-03,Gansu,0.19883752354156492,Power
2022-05-04,Gansu,0.20116299468099214,Power
2022-05-05,Gansu,0.20219732457088208,Power
2022-05-06,Gansu,0.20452456682313444,Power
2022-05-07,Gansu,0.20879117761893046,Power
2022-05-08,Gansu,0.20387811064195321,Power
2022-05-09,Gansu,0.20271448951582705,Power
2022-05-10,Gansu,0.2126699147060177,Power
2022-05-11,Gansu,0.21641936055686875,Power
2022-05-12,Gansu,0.21473857448579758,Power
2022-05-13,Gansu,0.20542960547678815,Power
2022-05-14,Gansu,0.19974079108239345,Power
2022-05-15,Gansu,0.19586382510813133,Power
2022-05-16,Gansu,0.18797705969772052,Power
2022-05-17,Gansu,0.18396903137439702,Power
2022-05-18,Gansu,0.18707202104406687,Power
2022-05-19,Gansu,0.19832035859661995,Power
2022-05-20,Gansu,0.19935468848650986,Power
2022-05-21,Gansu,0.19793248488791118,Power
2022-05-22,Gansu,0.19379516532835145,Power
2022-05-23,Gansu,0.19651028128931256,Power
2022-05-24,Gansu,0.20245590704335453,Power
2022-05-25,Gansu,0.20594677042173307,Power
2022-05-26,Gansu,0.2096962162725841,Power
2022-05-27,Gansu,0.20698110031162303,Power
2022-05-28,Gansu,0.20387811064195321,Power
2022-05-29,Gansu,0.2058174791854968,Power
2022-05-30,Gansu,0.20633464413044184,Power
2022-05-31,Gansu,0.2065932266029143,Power
2022-05-01,Fujian,0.18324725887153007,Power
2022-05-02,Fujian,0.19221894634601747,Power
2022-05-03,Fujian,0.202905809367098,Power
2022-05-04,Fujian,0.20527886046580912,Power
2022-05-05,Fujian,0.20633435310986645,Power
2022-05-06,Fujian,0.20870921155899547,Power
2022-05-07,Fujian,0.213063118715732,Power
2022-05-08,Fujian,0.20804952865645962,Power
2022-05-09,Fujian,0.20686209943189512,Power
2022-05-10,Fujian,0.217021216130947,Power
2022-05-11,Fujian,0.22084737696565485,Power
2022-05-12,Fujian,0.21913220141906167,Power
2022-05-13,Fujian,0.20963276762254565,Power
2022-05-14,Fujian,0.20382755808023026,Power
2022-05-15,Fujian,0.19987126801543315,Power
2022-05-16,Fujian,0.19182313660449593,Power
2022-05-17,Fujian,0.18773310260877377,Power
2022-05-18,Fujian,0.19089958054094577,Power
2022-05-19,Fujian,0.20237806304506933,Power
2022-05-20,Fujian,0.20343355568912666,Power
2022-05-21,Fujian,0.2019822533035478,Power
2022-05-22,Fujian,0.19776028272731846,Power
2022-05-23,Fujian,0.200530950917969,Power
2022-05-24,Fujian,0.20659822627088076,Power
2022-05-25,Fujian,0.21016051394457427,Power
2022-05-26,Fujian,0.21398667477928213,Power
2022-05-27,Fujian,0.21121600658863166,Power
2022-05-28,Fujian,0.20804952865645962,Power
2022-05-29,Fujian,0.2100285773640671,Power
2022-05-30,Fujian,0.2105563236860958,Power
2022-05-31,Fujian,0.21082019684711012,Power
2022-05-01,Tibet,0.0008540610918494805,Power
2022-05-02,Tibet,0.0008958754646667291,Power
2022-05-03,Tibet,0.0009456837616990397,Power
2022-05-04,Tibet,0.0009567438486267286,Power
2022-05-05,Tibet,0.0009616631866052283,Power
2022-05-06,Tibet,0.0009727316970568529,Power
2022-05-07,Tibet,0.0009930239662181647,Power
2022-05-08,Tibet,0.0009696571108202905,Power
2022-05-09,Tibet,0.0009641228555944782,Power
2022-05-10,Tibet,0.001011471483637539,Power
2022-05-11,Tibet,0.0010293040838096007,Power
2022-05-12,Tibet,0.0010213101595945386,Power
2022-05-13,Tibet,0.0009770361177880403,Power
2022-05-14,Tibet,0.0009499797589062912,Power
2022-05-15,Tibet,0.0009315406650108527,Power
2022-05-16,Tibet,0.0008940307129247916,Power
2022-05-17,Tibet,0.0008749682782581048,Power
2022-05-18,Tibet,0.0008897262921936042,Power
2022-05-19,Tibet,0.0009432240927097898,Power
2022-05-20,Tibet,0.0009481434306882895,Power
2022-05-21,Tibet,0.0009413793409678523,Power
2022-05-22,Tibet,0.0009217019890538531,Power
2022-05-23,Tibet,0.0009346152512474151,Power
2022-05-24,Tibet,0.0009628930210998531,Power
2022-05-25,Tibet,0.00097949578677729,Power
2022-05-26,Tibet,0.000997328386949352,Power
2022-05-27,Tibet,0.00098441512475579,Power
2022-05-28,Tibet,0.0009696571108202905,Power
2022-05-29,Tibet,0.0009788808695299774,Power
2022-05-30,Tibet,0.0009813405385192275,Power
2022-05-31,Tibet,0.0009825703730138523,Power
2022-05-01,Guizhou,0.17303462695426455,Power
2022-05-02,Guizhou,0.18150630944958926,Power
2022-05-03,Guizhou,0.19159757830431423,Power
2022-05-04,Guizhou,0.1938383758700599,Power
2022-05-05,Guizhou,0.1948350443989216,Power
2022-05-06,Guizhou,0.19707754858886048,Power
2022-05-07,Guizhou,0.2011888062704151,Power
2022-05-08,Guizhou,0.1964546307583219,Power
2022-05-09,Guizhou,0.19533337866335246,Power
2022-05-10,Guizhou,0.20492631325364657,Power
2022-05-11,Guizhou,0.20853923667077034,Power
2022-05-12,Guizhou,0.20691965031137002,Power
2022-05-13,Guizhou,0.19794963355161452,Power
2022-05-14,Guizhou,0.192467956642875,Power
2022-05-15,Guizhou,0.18873215628383677,Power
2022-05-16,Guizhou,0.18113255875126608,Power
2022-05-17,Guizhou,0.1772704682019269,Power
2022-05-18,Guizhou,0.1802604737885121,Power
2022-05-19,Guizhou,0.19109924403988338,Power
2022-05-20,Guizhou,0.1920959125687451,Power
2022-05-21,Guizhou,0.1907254933415602,Power
2022-05-22,Guizhou,0.18673881922611332,Power
2022-05-23,Guizhou,0.18935507411437535,Power
2022-05-24,Guizhou,0.195084211531137,Power
2022-05-25,Guizhou,0.19844796781604532,Power
2022-05-26,Guizhou,0.2020608912331691,Power
2022-05-27,Guizhou,0.19944463634490708,Power
2022-05-28,Guizhou,0.1964546307583219,Power
2022-05-29,Guizhou,0.1983233842499376,Power
2022-05-30,Guizhou,0.1988217185143685,Power
2022-05-31,Guizhou,0.1990708856465839,Power
2022-05-01,Liaoning,0.2503353570194795,Power
2022-05-02,Liaoning,0.26259164178370376,Power
2022-05-03,Liaoning,0.27719103981167675,Power
2022-05-04,Liaoning,0.28043288145056205,Power
2022-05-05,Liaoning,0.2818747973051766,Power
2022-05-06,Liaoning,0.2851191079780595,Power
2022-05-07,Liaoning,0.29106701087834486,Power
2022-05-08,Liaoning,0.28421791056892537,Power
2022-05-09,Liaoning,0.2825957552324839,Power
2022-05-10,Liaoning,0.2964741953331496,Power
2022-05-11,Liaoning,0.3017011403061276,Power
2022-05-12,Liaoning,0.29935802704237885,Power
2022-05-13,Liaoning,0.28638078435084735,Power
2022-05-14,Liaoning,0.2784502471504669,Power
2022-05-15,Liaoning,0.27304553172965973,Power
2022-05-16,Liaoning,0.2620509233382233,Power
2022-05-17,Liaoning,0.25646349940159163,Power
2022-05-18,Liaoning,0.2607892469654355,Power
2022-05-19,Liaoning,0.27647008188436945,Power
2022-05-20,Liaoning,0.27791199773898406,Power
2022-05-21,Liaoning,0.2759293634388889,Power
2022-05-22,Liaoning,0.2701617000204305,Power
2022-05-23,Liaoning,0.27394672913879387,Power
2022-05-24,Liaoning,0.28223527626883027,Power
2022-05-25,Liaoning,0.2871017422781546,Power
2022-05-26,Liaoning,0.2923286872511326,Power
2022-05-27,Liaoning,0.2885436581327692,Power
2022-05-28,Liaoning,0.28421791056892537,Power
2022-05-29,Liaoning,0.2869215027963277,Power
2022-05-30,Liaoning,0.2876424607236351,Power
2022-05-31,Liaoning,0.28800293968728874,Power
2022-05-01,Chongqing,0.06400098211872082,Power
2022-05-02,Chongqing,0.06713443586403428,Power
2022-05-03,Chongqing,0.07086693223712823,Power
2022-05-04,Chongqing,0.07169574463994785,Power
2022-05-05,Chongqing,0.07206438625704355,Power
2022-05-06,Chongqing,0.07289382989550887,Power
2022-05-07,Chongqing,0.07441447656602862,Power
2022-05-08,Chongqing,0.07266342888482405,Power
2022-05-09,Chongqing,0.07224870706559139,Power
2022-05-10,Chongqing,0.0757968826301375,Power
2022-05-11,Chongqing,0.0771332084921094,Power
2022-05-12,Chongqing,0.0765341658643289,Power
2022-05-13,Chongqing,0.0732163913104676,Power
2022-05-14,Chongqing,0.07118886241644125,Power
2022-05-15,Chongqing,0.06980708758797809,Power
2022-05-16,Chongqing,0.06699619525762338,Power
2022-05-17,Chongqing,0.06556770899137755,Power
2022-05-18,Chongqing,0.06667363384266466,Power
2022-05-19,Chongqing,0.07068261142858039,Power
2022-05-20,Chongqing,0.07105125304567607,Power
2022-05-21,Chongqing,0.07054437082216948,Power
2022-05-22,Chongqing,0.06906980435378669,Power
2022-05-23,Chongqing,0.0700374885986629,Power
2022-05-24,Chongqing,0.07215654666131746,Power
2022-05-25,Chongqing,0.07340071211901544,Power
2022-05-26,Chongqing,0.07473703798098735,Power
2022-05-27,Chongqing,0.07376935373611115,Power
2022-05-28,Chongqing,0.07266342888482405,Power
2022-05-29,Chongqing,0.07335463191687848,Power
2022-05-30,Chongqing,0.07353895272542633,Power
2022-05-31,Chongqing,0.07363111312970025,Power
2022-05-01,Shaanxi,0.404877747894172,Power
2022-05-02,Shaanxi,0.4247003451971277,Power
2022-05-03,Shaanxi,0.4483125566903542,Power
2022-05-04,Shaanxi,0.45355572152894824,Power
2022-05-05,Shaanxi,0.4558877917998842,Power
2022-05-06,Shaanxi,0.4611349499094901,Power
2022-05-07,Shaanxi,0.4707547397771009,Power
2022-05-08,Shaanxi,0.4596774059901551,Power
2022-05-09,Shaanxi,0.4570538269353522,Power
2022-05-10,Shaanxi,0.4795000032931107,Power
2022-05-11,Shaanxi,0.48795375802525354,Power
2022-05-12,Shaanxi,0.48416414383498263,Power
2022-05-13,Shaanxi,0.4631755113965591,Power
2022-05-14,Shaanxi,0.45034912490641127,Power
2022-05-15,Shaanxi,0.44160785466141333,Power
2022-05-16,Shaanxi,0.42382581884552667,Power
2022-05-17,Shaanxi,0.41478904654564985,Power
2022-05-18,Shaanxi,0.42178525735845773,Power
2022-05-19,Shaanxi,0.4471465215548862,Power
2022-05-20,Shaanxi,0.44947859182582217,Power
2022-05-21,Shaanxi,0.4462719952032852,Power
2022-05-22,Shaanxi,0.4369437141195414,Power
2022-05-23,Shaanxi,0.4430653985807483,Power
2022-05-24,Shaanxi,0.45647080936761814,Power
2022-05-25,Shaanxi,0.46434154653202697,Power
2022-05-26,Shaanxi,0.4727953012641698,Power
2022-05-27,Shaanxi,0.466673616802963,Power
2022-05-28,Shaanxi,0.4596774059901551,Power
2022-05-29,Shaanxi,0.46405003774815995,Power
2022-05-30,Shaanxi,0.465216072883628,Power
2022-05-31,Shaanxi,0.4657990904513619,Power
2022-05-01,Qinghai,0.0555025439706181,Power
2022-05-02,Qinghai,0.05821991874397,Power
2022-05-03,Qinghai,0.061456791635756805,Power
2022-05-04,Qinghai,0.06217554930646814,Power
2022-05-05,Qinghai,0.06249524045627424,Power
2022-05-06,Qinghai,0.06321454554333798,Power
2022-05-07,Qinghai,0.06453327153628816,Power
2022-05-08,Qinghai,0.06301473857470916,Power
2022-05-09,Qinghai,0.0626550860311773,Power
2022-05-10,Qinghai,0.06573211334806105,Power
2022-05-11,Qinghai,0.06689099376610819,Power
2022-05-12,Qinghai,0.06637149564767326,Power
2022-05-13,Qinghai,0.06349427529941833,Power
2022-05-14,Qinghai,0.06173597397548474,Power
2022-05-15,Qinghai,0.06053767958006426,Power
2022-05-16,Qinghai,0.0581000345627927,Power
2022-05-17,Qinghai,0.05686123135729405,Power
2022-05-18,Qinghai,0.057820304806712366,Power
2022-05-19,Qinghai,0.06129694606085376,Power
2022-05-20,Qinghai,0.06161663721065986,Power
2022-05-21,Qinghai,0.061177061879676455,Power
2022-05-22,Qinghai,0.05989829728045205,Power
2022-05-23,Qinghai,0.06073748654869307,Power
2022-05-24,Qinghai,0.06257516324372576,Power
2022-05-25,Qinghai,0.06365412087432136,Power
2022-05-26,Qinghai,0.0648130012923685,Power
2022-05-27,Qinghai,0.06397381202412748,Power
2022-05-28,Qinghai,0.06301473857470916,Power
2022-05-29,Qinghai,0.0636141594805956,Power
2022-05-30,Qinghai,0.06377400505549866,Power
2022-05-31,Qinghai,0.06385392784295017,Power
2022-05-01,Heilongjiang,0.12803234894678922,Power
2022-05-02,Heilongjiang,0.13430074405648312,Power
2022-05-03,Heilongjiang,0.14176750881950081,Power
2022-05-04,Heilongjiang,0.14342552710697626,Power
2022-05-05,Heilongjiang,0.14416298535517555,Power
2022-05-06,Heilongjiang,0.14582226641362392,Power
2022-05-07,Heilongjiang,0.14886428168744595,Power
2022-05-08,Heilongjiang,0.14536135500849937,Power
2022-05-09,Heilongjiang,0.14453171447927518,Power
2022-05-10,Heilongjiang,0.1516297501181932,Power
2022-05-11,Heilongjiang,0.1543030362679156,Power
2022-05-12,Heilongjiang,0.1531046666145918,Power
2022-05-13,Heilongjiang,0.1464675423807983,Power
2022-05-14,Heilongjiang,0.14241152201570226,Power
2022-05-15,Heilongjiang,0.1396473163559279,Power
2022-05-16,Heilongjiang,0.13402419721340839,Power
2022-05-17,Heilongjiang,0.13116654650163617,Power
2022-05-18,Heilongjiang,0.13337892124623402,Power
2022-05-19,Heilongjiang,0.14139877969540118,Power
2022-05-20,Heilongjiang,0.14213623794360045,Power
2022-05-21,Heilongjiang,0.14112223285232642,Power
2022-05-22,Heilongjiang,0.13817239985952934,Power
2022-05-23,Heilongjiang,0.14010822776105245,Power
2022-05-24,Heilongjiang,0.14434734991722534,Power
2022-05-25,Heilongjiang,0.1468362715048979,Power
2022-05-26,Heilongjiang,0.1495095576546203,Power
2022-05-27,Heilongjiang,0.1475737297530972,Power
2022-05-28,Heilongjiang,0.14536135500849937,Power
2022-05-29,Heilongjiang,0.146744089223873,Power
2022-05-30,Heilongjiang,0.14711281834797266,Power
2022-05-31,Heilongjiang,0.14729718291002245,Power
